xof 0303txt 0032
template ColorRGBA {
 <35ff44e0-6c7c-11cf-8f52-0040333594a3>
 FLOAT red;
 FLOAT green;
 FLOAT blue;
 FLOAT alpha;
}

template ColorRGB {
 <d3e16e81-7835-11cf-8f52-0040333594a3>
 FLOAT red;
 FLOAT green;
 FLOAT blue;
}

template Material {
 <3d82ab4d-62da-11cf-ab39-0020af71e433>
 ColorRGBA faceColor;
 FLOAT power;
 ColorRGB specularColor;
 ColorRGB emissiveColor;
 [...]
}

template TextureFilename {
 <a42790e1-7810-11cf-8f52-0040333594a3>
 STRING filename;
}

template Frame {
 <3d82ab46-62da-11cf-ab39-0020af71e433>
 [...]
}

template Matrix4x4 {
 <f6f23f45-7686-11cf-8f52-0040333594a3>
 array FLOAT matrix[16];
}

template FrameTransformMatrix {
 <f6f23f41-7686-11cf-8f52-0040333594a3>
 Matrix4x4 frameMatrix;
}

template Vector {
 <3d82ab5e-62da-11cf-ab39-0020af71e433>
 FLOAT x;
 FLOAT y;
 FLOAT z;
}

template MeshFace {
 <3d82ab5f-62da-11cf-ab39-0020af71e433>
 DWORD nFaceVertexIndices;
 array DWORD faceVertexIndices[nFaceVertexIndices];
}

template Mesh {
 <3d82ab44-62da-11cf-ab39-0020af71e433>
 DWORD nVertices;
 array Vector vertices[nVertices];
 DWORD nFaces;
 array MeshFace faces[nFaces];
 [...]
}

template MeshNormals {
 <f6f23f43-7686-11cf-8f52-0040333594a3>
 DWORD nNormals;
 array Vector normals[nNormals];
 DWORD nFaceNormals;
 array MeshFace faceNormals[nFaceNormals];
}

template MeshMaterialList {
 <f6f23f42-7686-11cf-8f52-0040333594a3>
 DWORD nMaterials;
 DWORD nFaceIndexes;
 array DWORD faceIndexes[nFaceIndexes];
 [Material <3d82ab4d-62da-11cf-ab39-0020af71e433>]
}

template Coords2d {
 <f6f23f44-7686-11cf-8f52-0040333594a3>
 FLOAT u;
 FLOAT v;
}

template MeshTextureCoords {
 <f6f23f40-7686-11cf-8f52-0040333594a3>
 DWORD nTextureCoords;
 array Coords2d textureCoords[nTextureCoords];
}

template XSkinMeshHeader {
 <3cf169ce-ff7c-44ab-93c0-f78f62d172e2>
 WORD nMaxSkinWeightsPerVertex;
 WORD nMaxSkinWeightsPerFace;
 WORD nBones;
}

template SkinWeights {
 <6f0d123b-bad2-4167-a0d0-80224f25fabb>
 STRING transformNodeName;
 DWORD nWeights;
 array DWORD vertexIndices[nWeights];
 array FLOAT weights[nWeights];
 Matrix4x4 matrixOffset;
}

template AnimTicksPerSecond {
 <9e415a43-7ba6-4a73-8743-b73d47e88476>
 DWORD AnimTicksPerSecond;
}

template Animation {
 <3d82ab4f-62da-11cf-ab39-0020af71e433>
 [...]
}

template AnimationSet {
 <3d82ab50-62da-11cf-ab39-0020af71e433>
 [Animation <3d82ab4f-62da-11cf-ab39-0020af71e433>]
}

template FloatKeys {
 <10dd46a9-775b-11cf-8f52-0040333594a3>
 DWORD nValues;
 array FLOAT values[nValues];
}

template TimedFloatKeys {
 <f406b180-7b3b-11cf-8f52-0040333594a3>
 DWORD time;
 FloatKeys tfkeys;
}

template AnimationKey {
 <10dd46a8-775b-11cf-8f52-0040333594a3>
 DWORD keyType;
 DWORD nKeys;
 array TimedFloatKeys keys[nKeys];
}


Material _24_-_Defaultmmmm {
 1.000000;1.000000;1.000000;1.000000;;
 100.000000;
 0.200000;0.200000;0.200000;;
 0.000000;0.000000;0.000000;;

 TextureFilename {
  "Jacket_Leather_WildRaccoons.png";
 }
}

Frame Dummy01 {
 

 FrameTransformMatrix {
  1.000000,0.000000,0.000000,0.000000,0.000000,-0.000000,-1.000000,0.000000,0.000000,1.000000,-0.000000,0.000000,0.000000,0.000000,0.000000,1.000000;;
 }

 Frame Bip01 {
  

  FrameTransformMatrix {
   -0.087155,0.982405,-0.165183,0.000000,-0.000001,0.165814,0.986157,0.000000,0.996195,0.085949,-0.014450,0.000000,-0.010000,-0.012284,0.490453,1.000000;;
  }

  Frame Bip01_Pelvis {
   

   FrameTransformMatrix {
    0.000000,1.000000,-0.000001,0.000000,-0.000001,0.000001,1.000000,0.000000,1.000000,0.000000,0.000001,0.000000,0.000000,0.000000,0.000000,1.000000;;
   }

   Frame Bip01_Spine {
    

    FrameTransformMatrix {
     0.984686,0.000002,-0.174337,0.000000,-0.000001,1.000000,0.000004,0.000000,0.174337,-0.000004,0.984686,0.000000,0.051619,0.000000,-0.000083,1.000000;;
    }

    Frame Bip01_Spine1 {
     

     FrameTransformMatrix {
      0.997819,0.052687,0.039774,0.000000,-0.044862,0.983198,-0.176942,0.000000,-0.048428,0.174771,0.983417,0.000000,0.106484,-0.000015,-0.000083,1.000000;;
     }

     Frame Bip01_Neck {
      

      FrameTransformMatrix {
       0.966067,-0.020835,0.257451,0.000000,0.025191,0.999590,-0.013632,0.000000,-0.257061,0.019655,0.966195,0.000000,0.130511,-0.000001,0.004626,1.000000;;
      }

      Frame Bip01_Head {
       

       FrameTransformMatrix {
        0.989321,-0.051753,-0.136255,0.000000,0.064251,0.993958,0.088989,0.000000,0.130826,-0.096793,0.986669,0.000000,0.033674,-0.000000,-0.000000,1.000000;;
       }
      }

      Frame Bip01_L_Clavicle {
       

       FrameTransformMatrix {
        -0.205975,0.976135,0.068811,0.000000,0.943873,0.216738,-0.249254,0.000000,-0.258220,0.013609,-0.965990,0.000000,-0.024734,0.015166,0.002017,1.000000;;
       }

       Frame Bip01_L_UpperArm {
        

        FrameTransformMatrix {
         0.385871,-0.777669,0.496320,0.000000,0.922466,0.332598,-0.196046,0.000000,-0.012616,0.533487,0.845714,0.000000,0.087086,-0.000000,0.000000,1.000000;;
        }

        Frame Bip01_L_Forearm {
         

         FrameTransformMatrix {
          0.943939,0.000000,-0.330119,0.000000,0.000000,1.000000,-0.000000,0.000000,0.330119,-0.000000,0.943939,0.000000,0.137062,-0.000000,0.000000,1.000000;;
         }

         Frame Bip01_L_Hand {
          

          FrameTransformMatrix {
           1.000000,-0.000000,0.000000,0.000000,0.000000,0.000796,1.000000,0.000000,0.000000,-1.000000,0.000796,0.000000,0.137062,0.000000,0.000000,1.000000;;
          }

          Frame Bip01_L_Finger0 {
           

           FrameTransformMatrix {
            0.690342,-0.181727,0.700288,0.000000,0.558537,0.749101,-0.356210,0.000000,-0.459853,0.637043,0.618637,0.000000,0.057681,-0.023605,-0.000272,1.000000;;
           }
          }

          Frame Bip01_L_Finger1 {
           

           FrameTransformMatrix {
            0.728079,-0.000546,0.685493,0.000000,0.000000,1.000000,0.000796,0.000000,-0.685493,-0.000580,0.728079,0.000000,0.084102,0.000000,0.000000,1.000000;;
           }
          }
         }
        }
       }
      }

      Frame Bip01_R_Clavicle {
       

       FrameTransformMatrix {
        -0.028509,-0.999573,-0.006461,0.000000,-0.965665,0.025871,0.258498,0.000000,-0.258220,0.013609,-0.965990,0.000000,-0.024080,-0.016250,0.001399,1.000000;;
       }

       Frame Bip01_R_UpperArm {
        

        FrameTransformMatrix {
         0.221390,0.975047,0.016433,0.000000,-0.974986,0.221654,-0.016512,0.000000,-0.019742,-0.012366,0.999729,0.000000,0.087086,0.000000,0.000000,1.000000;;
        }

        Frame Bip01_R_Forearm {
         

         FrameTransformMatrix {
          0.915660,-0.000000,-0.401954,0.000000,-0.000000,1.000000,-0.000000,0.000000,0.401954,-0.000000,0.915660,0.000000,0.137062,0.000000,-0.000000,1.000000;;
         }

         Frame Bip01_R_Hand {
          

          FrameTransformMatrix {
           0.975195,-0.000000,-0.221346,0.000000,-0.221346,0.000796,-0.975195,0.000000,0.000176,1.000000,0.000777,0.000000,0.137062,0.000000,0.000000,1.000000;;
          }

          Frame Bip01_R_Finger0 {
           

           FrameTransformMatrix {
            0.417774,-0.116941,0.900994,0.000000,-0.558537,0.749101,0.356210,0.000000,-0.716591,-0.652054,0.247639,0.000000,0.057681,0.023605,-0.000272,1.000000;;
           }
          }

          Frame Bip01_R_Finger1 {
           

           FrameTransformMatrix {
            0.352436,0.000745,0.935835,0.000000,-0.000000,1.000000,-0.000796,0.000000,-0.935836,0.000281,0.352436,0.000000,0.084102,0.000000,0.000000,1.000000;;
           }
          }
         }
        }
       }
      }
     }

     Frame Bip01_BackPack {
      

      FrameTransformMatrix {
       0.180560,0.080500,-0.980264,0.000000,0.047560,0.994764,0.090451,0.000000,0.982413,-0.062954,0.175786,0.000000,0.063697,0.000003,-0.088856,1.000000;;
      }
     }
    }

    Frame Bip01_L_Thigh {
     

     FrameTransformMatrix {
      -0.888504,0.030427,0.457858,0.000000,-0.032107,-0.999476,0.004114,0.000000,0.457744,-0.011045,0.889016,0.000000,-0.050843,0.055225,-0.008917,1.000000;;
     }

     Frame Bip01_L_Calf {
      

      FrameTransformMatrix {
       0.942235,-0.000000,-0.334952,0.000000,-0.000000,1.000000,-0.000000,0.000000,0.334952,0.000000,0.942235,0.000000,0.237500,0.000000,-0.000000,1.000000;;
      }

      Frame Bip01_L_Foot {
       

       FrameTransformMatrix {
        0.924325,-0.026487,0.380687,0.000000,-0.068962,0.969570,0.234901,0.000000,-0.375325,-0.243378,0.894371,0.000000,0.206841,-0.000000,0.000000,1.000000;;
       }

       Frame Bip01_L_Toe0 {
        

        FrameTransformMatrix {
         0.000000,0.000000,1.000000,0.000000,0.000000,1.000000,-0.000000,0.000000,-1.000000,0.000000,0.000000,0.000000,0.065373,0.000000,0.066450,1.000000;;
        }
       }
      }
     }
    }

    Frame Bip01_R_Thigh {
     

     FrameTransformMatrix {
      -0.996965,0.030321,-0.071704,0.000000,-0.029454,-0.999480,-0.013113,0.000000,-0.072065,-0.010961,0.997340,0.000000,-0.050843,-0.055225,-0.008917,1.000000;;
     }

     Frame Bip01_R_Calf {
      

      FrameTransformMatrix {
       0.730239,0.000000,-0.683192,0.000000,0.000000,1.000000,0.000000,0.000000,0.683192,-0.000000,0.730239,0.000000,0.237500,0.000000,0.000000,1.000000;;
      }

      Frame Bip01_R_Foot {
       

       FrameTransformMatrix {
        0.991957,0.087165,-0.091782,0.000000,-0.093276,0.993546,-0.064539,0.000000,0.085565,0.072581,0.993685,0.000000,0.206841,-0.000000,0.000000,1.000000;;
       }

       Frame Bip01_R_Toe0 {
        

        FrameTransformMatrix {
         0.000000,0.000000,1.000000,0.000000,0.000000,1.000000,-0.000000,0.000000,-1.000000,0.000000,0.000000,0.000000,0.065373,0.000000,0.066450,1.000000;;
        }
       }
      }
     }
    }
   }

   Frame Bip01_DressFront {
    

    FrameTransformMatrix {
     -0.880185,-0.088339,0.466338,0.000000,0.121847,0.907542,0.401896,0.000000,-0.458725,0.410564,-0.788041,0.000000,-0.043935,0.001339,0.061057,1.000000;;
    }

    Frame Bip01_DressFront02 {
     

     FrameTransformMatrix {
      0.912593,0.000001,0.408870,0.000000,-0.000001,1.000000,-0.000000,0.000000,-0.408870,-0.000000,0.912593,0.000000,0.183378,-0.000000,-0.000120,1.000000;;
     }
    }
   }

   Frame Bip01_DressBack {
    

    FrameTransformMatrix {
     -0.886023,0.038029,0.462080,0.000000,0.191625,0.937561,0.290274,0.000000,-0.422190,0.345735,-0.837988,0.000000,-0.047673,-0.000048,-0.078302,1.000000;;
    }

    Frame Bip01_DressBack02 {
     

     FrameTransformMatrix {
      0.936852,0.174932,-0.302833,0.000000,-0.166408,0.984581,0.053940,0.000000,0.307600,-0.000139,0.951516,0.000000,0.176125,0.000000,-0.000103,1.000000;;
     }
    }
   }
  }

  Frame Bip01_Prop1 {
   

   FrameTransformMatrix {
    -0.233929,-0.108090,0.966226,0.000000,0.687222,0.684611,0.242967,0.000000,-0.687752,0.720850,-0.085868,0.000000,0.108125,-0.048422,-0.137969,1.000000;;
   }
  }

  Frame Bip01_Prop2 {
   

   FrameTransformMatrix {
    -0.163643,-0.967062,0.194966,0.000000,0.985576,-0.168906,-0.010564,0.000000,0.043147,0.190425,0.980753,0.000000,-0.138405,-0.102098,0.114818,1.000000;;
   }
  }
 }
}

Frame Translation_Data {
 

 FrameTransformMatrix {
  0.000000,0.000000,-1.000000,0.000000,-1.000000,-0.000000,-0.000000,0.000000,-0.000000,1.000000,-0.000000,0.000000,0.000000,-0.000000,0.000000,1.000000;;
 }
}

Frame Bob_JacketLeather {
 

 FrameTransformMatrix {
  1.000000,0.000000,0.000000,0.000000,0.000000,1.000000,0.000000,0.000000,0.000000,0.000000,1.000000,0.000000,0.000000,0.000000,0.000000,1.000000;;
 }

 Mesh Bob_JacketLeather {
  253;
  0.066419;0.784617;0.005811;,
  0.034275;0.776840;-0.006843;,
  0.037159;0.802593;0.014151;,
  0.079986;0.764104;-0.003474;,
  0.098031;0.731102;-0.008446;,
  0.057720;0.712932;-0.038561;,
  0.058691;0.742126;-0.025984;,
  0.099134;0.706344;-0.002931;,
  0.033020;0.815770;0.077424;,
  0.079249;0.780433;0.097695;,
  0.066263;0.799449;0.065502;,
  0.047456;0.781273;0.104891;,
  0.093428;0.562183;0.058865;,
  0.051649;0.587361;0.088761;,
  0.048645;0.564203;0.091179;,
  0.093212;0.582996;0.052497;,
  0.085755;0.571926;-0.011695;,
  0.093586;0.549014;0.001837;,
  0.049196;0.561624;-0.052116;,
  0.079152;0.517596;-0.033017;,
  0.045259;0.515466;-0.052803;,
  0.000000;0.713340;-0.047080;,
  0.000000;0.749714;-0.018844;,
  0.000000;0.584979;0.091123;,
  0.000000;0.559833;0.092949;,
  0.062684;0.645655;0.098411;,
  0.000000;0.680476;0.111839;,
  0.000000;0.645904;0.103164;,
  0.059345;0.683118;0.107553;,
  0.096713;0.538319;0.067606;,
  0.044362;0.539399;0.098273;,
  0.100089;0.527195;0.013857;,
  0.058421;0.611833;0.088280;,
  0.089846;0.646910;0.077056;,
  0.103768;0.655969;0.052087;,
  0.083224;0.617461;-0.011877;,
  0.096842;0.670101;-0.006793;,
  0.092142;0.607118;0.048046;,
  0.056374;0.675892;-0.041022;,
  0.055554;0.618455;-0.046465;,
  0.000000;0.676253;-0.053760;,
  -0.000000;0.614735;-0.055085;,
  0.135377;0.787724;0.001075;,
  0.184620;0.786644;0.013461;,
  0.117821;0.725456;0.006454;,
  0.234442;0.724448;0.019911;,
  0.177776;0.722754;0.013477;,
  0.239370;0.773916;0.019847;,
  0.121887;0.722080;0.076478;,
  0.177776;0.722754;0.013477;,
  0.172992;0.723154;0.083616;,
  0.225401;0.724832;0.082000;,
  0.234442;0.724448;0.019911;,
  0.128129;0.736153;0.087546;,
  0.179459;0.787168;0.083706;,
  0.129848;0.788343;0.081296;,
  0.230384;0.774171;0.082005;,
  0.134315;0.799416;0.037307;,
  0.264983;0.775433;0.014229;,
  0.324688;0.720545;0.014791;,
  0.262860;0.716875;0.015254;,
  0.323034;0.758231;0.013956;,
  0.357322;0.712698;0.017066;,
  0.366526;0.752521;0.016603;,
  0.262860;0.716875;0.015254;,
  0.321430;0.729737;0.079920;,
  0.258537;0.717476;0.086012;,
  0.324688;0.720545;0.014791;,
  0.358761;0.722893;0.070380;,
  0.357322;0.712698;0.017066;,
  0.319796;0.758618;0.078933;,
  0.260625;0.775683;0.085165;,
  0.366488;0.752794;0.067370;,
  0.097182;0.802119;0.069079;,
  0.102005;0.811726;0.036091;,
  0.066263;0.799449;0.065502;,
  0.065727;0.803581;0.036598;,
  0.100102;0.690025;0.086095;,
  0.045035;0.815081;0.042092;,
  0.095947;0.795742;0.005558;,
  0.079986;0.764104;-0.003474;,
  0.066419;0.784617;0.005811;,
  0.104469;0.762203;-0.001874;,
  0.104217;0.734919;0.093055;,
  0.059641;0.721863;0.110131;,
  0.105051;0.738006;0.091251;,
  0.000000;0.716571;0.112537;,
  0.000000;0.777503;0.098815;,
  0.079249;0.780433;0.097695;,
  0.105051;0.738006;0.091251;,
  0.107045;0.716094;0.026306;,
  0.107198;0.726954;0.073979;,
  0.117821;0.725456;0.006454;,
  0.108661;0.697211;0.045785;,
  0.102971;0.700013;0.013083;,
  0.098031;0.731102;-0.008446;,
  0.110222;0.694449;0.064688;,
  0.065727;0.803581;0.036598;,
  0.000000;0.560186;-0.056977;,
  0.000003;0.513219;-0.060004;,
  0.000003;0.536700;0.098241;,
  0.000000;0.611019;0.093157;,
  0.045035;0.815081;0.042092;,
  0.065727;0.803581;0.036598;,
  0.107198;0.726954;0.073979;,
  0.000000;0.814384;0.084889;,
  0.107180;0.717021;0.042121;,
  0.107045;0.716094;0.026306;,
  0.098031;0.731102;-0.008446;,
  0.107180;0.717021;0.042121;,
  -0.066419;0.784617;0.005811;,
  -0.034275;0.776840;-0.006843;,
  -0.079986;0.764104;-0.003474;,
  -0.037159;0.802593;0.014151;,
  -0.098074;0.731006;-0.008446;,
  -0.057720;0.712932;-0.038561;,
  -0.099134;0.706344;-0.002931;,
  -0.058661;0.742193;-0.025945;,
  -0.033020;0.815770;0.077424;,
  -0.079249;0.780433;0.097695;,
  -0.047456;0.781273;0.104891;,
  -0.066263;0.799449;0.065502;,
  -0.093428;0.562183;0.058865;,
  -0.051649;0.587361;0.088761;,
  -0.093212;0.582996;0.052497;,
  -0.048645;0.564203;0.091179;,
  -0.085755;0.571926;-0.011695;,
  -0.093580;0.549014;0.001837;,
  -0.049196;0.561624;-0.052116;,
  -0.079147;0.517596;-0.033017;,
  -0.045253;0.515466;-0.052803;,
  0.000000;0.584979;0.091123;,
  0.000000;0.559833;0.092949;,
  -0.062684;0.645655;0.098411;,
  0.000000;0.680476;0.111839;,
  -0.059345;0.683118;0.107553;,
  0.000000;0.645904;0.103164;,
  -0.096708;0.538319;0.067606;,
  -0.044356;0.539399;0.098273;,
  -0.100083;0.527195;0.013857;,
  -0.058421;0.611833;0.088280;,
  -0.089846;0.646910;0.077056;,
  -0.103768;0.655969;0.052087;,
  -0.083224;0.617461;-0.011877;,
  -0.092142;0.607118;0.048046;,
  -0.096842;0.670101;-0.006793;,
  -0.056374;0.675892;-0.041022;,
  -0.055554;0.618455;-0.046465;,
  -0.135377;0.787724;0.001075;,
  -0.117821;0.725456;0.006454;,
  -0.184620;0.786644;0.013461;,
  -0.234442;0.724448;0.019911;,
  -0.239370;0.773916;0.019847;,
  -0.177776;0.722754;0.013477;,
  -0.121887;0.722080;0.076478;,
  -0.172992;0.723154;0.083616;,
  -0.177776;0.722754;0.013477;,
  -0.225401;0.724832;0.082000;,
  -0.234442;0.724448;0.019911;,
  -0.128129;0.736153;0.087546;,
  -0.179459;0.787168;0.083706;,
  -0.129848;0.788343;0.081296;,
  -0.230384;0.774171;0.082005;,
  -0.134315;0.799416;0.037307;,
  -0.264983;0.775433;0.014229;,
  -0.324790;0.720472;0.014858;,
  -0.322950;0.758239;0.013948;,
  -0.262860;0.716875;0.015254;,
  -0.356659;0.711489;0.017369;,
  -0.366028;0.751811;0.017124;,
  -0.262860;0.716875;0.015254;,
  -0.321171;0.729799;0.080000;,
  -0.324790;0.720472;0.014858;,
  -0.258537;0.717476;0.086012;,
  -0.358741;0.726088;0.069386;,
  -0.356659;0.711489;0.017369;,
  -0.319711;0.758636;0.078944;,
  -0.260625;0.775683;0.085165;,
  -0.365926;0.752068;0.066638;,
  -0.097182;0.802119;0.069079;,
  -0.102005;0.811726;0.036091;,
  -0.066263;0.799449;0.065502;,
  -0.065727;0.803581;0.036598;,
  -0.100102;0.690025;0.086095;,
  -0.045035;0.815081;0.042092;,
  -0.095947;0.795742;0.005558;,
  -0.079986;0.764104;-0.003474;,
  -0.104469;0.762203;-0.001874;,
  -0.066419;0.784617;0.005811;,
  -0.104217;0.734919;0.093055;,
  -0.105051;0.738006;0.091251;,
  -0.059641;0.721863;0.110131;,
  0.000000;0.716571;0.112537;,
  0.000000;0.777503;0.098815;,
  -0.079249;0.780433;0.097695;,
  -0.105051;0.738006;0.091251;,
  -0.107110;0.716094;0.026306;,
  -0.117821;0.725456;0.006454;,
  -0.110043;0.719339;0.073979;,
  -0.108528;0.697211;0.045785;,
  -0.103150;0.700013;0.013083;,
  -0.098074;0.731006;-0.008446;,
  -0.110222;0.694449;0.064688;,
  -0.065727;0.803581;0.036598;,
  0.000003;0.536700;0.098241;,
  0.000000;0.611019;0.093157;,
  -0.045035;0.815081;0.042092;,
  -0.065727;0.803581;0.036598;,
  -0.110043;0.719339;0.073979;,
  0.000000;0.814384;0.084889;,
  -0.109028;0.715581;0.042121;,
  -0.107110;0.716094;0.026306;,
  -0.098074;0.731006;-0.008446;,
  -0.109028;0.715581;0.042121;,
  -0.358741;0.726088;0.069386;,
  -0.366028;0.751811;0.017124;,
  -0.356659;0.711489;0.017369;,
  -0.365926;0.752068;0.066638;,
  0.366526;0.752521;0.016603;,
  0.358761;0.722893;0.070380;,
  0.357322;0.712698;0.017066;,
  0.366488;0.752794;0.067370;,
  -0.096708;0.538319;0.067606;,
  0.000003;0.536700;0.098241;,
  -0.044356;0.539399;0.098273;,
  -0.100083;0.527195;0.013857;,
  -0.079147;0.517596;-0.033017;,
  -0.045253;0.515466;-0.052803;,
  0.000003;0.513219;-0.060004;,
  0.000003;0.536700;0.098241;,
  0.096713;0.538319;0.067606;,
  0.044362;0.539399;0.098273;,
  0.100089;0.527195;0.013857;,
  0.079152;0.517596;-0.033017;,
  0.045259;0.515466;-0.052803;,
  0.000003;0.513219;-0.060004;,
  0.000000;0.814384;0.084889;,
  0.000000;0.754818;0.038977;,
  -0.033020;0.815770;0.077424;,
  0.000000;0.754818;0.038977;,
  -0.045035;0.815081;0.042092;,
  -0.045035;0.815081;0.042092;,
  0.000000;0.754818;0.038977;,
  -0.037159;0.802593;0.014151;,
  0.000000;0.749714;-0.018844;,
  0.033020;0.815770;0.077424;,
  0.000000;0.754818;0.038977;,
  0.000000;0.814384;0.084889;,
  0.045035;0.815081;0.042092;,
  0.000000;0.754818;0.038977;,
  0.037159;0.802593;0.014151;,
  0.000000;0.754818;0.038977;,
  0.045035;0.815081;0.042092;;
  332;
  3;0,1,2;,
  3;1,0,3;,
  3;4,5,6;,
  3;5,4,7;,
  3;8,9,10;,
  3;9,8,11;,
  3;12,13,14;,
  3;13,12,15;,
  3;16,12,17;,
  3;12,16,15;,
  3;18,19,20;,
  3;19,18,16;,
  3;6,21,22;,
  3;21,6,5;,
  3;14,23,24;,
  3;23,14,13;,
  3;25,26,27;,
  3;26,25,28;,
  3;14,29,12;,
  3;29,14,30;,
  3;12,31,17;,
  3;31,12,29;,
  3;32,33,25;,
  3;34,35,36;,
  3;35,34,37;,
  3;35,38,36;,
  3;38,35,39;,
  3;40,39,41;,
  3;39,40,38;,
  3;42,43,44;,
  3;43,45,46;,
  3;45,43,47;,
  3;48,49,50;,
  3;49,51,50;,
  3;51,49,52;,
  3;53,54,55;,
  3;53,50,54;,
  3;53,48,50;,
  3;50,56,54;,
  3;56,50,51;,
  3;57,54,43;,
  3;54,47,43;,
  3;47,54,56;,
  3;58,59,60;,
  3;59,58,61;,
  3;61,62,59;,
  3;62,61,63;,
  3;64,65,66;,
  3;65,64,67;,
  3;67,68,65;,
  3;68,67,69;,
  3;66,70,71;,
  3;70,66,65;,
  3;65,72,70;,
  3;72,65,68;,
  3;71,61,58;,
  3;61,71,70;,
  3;70,63,61;,
  3;63,70,72;,
  3;56,58,47;,
  3;58,56,71;,
  3;47,60,45;,
  3;60,47,58;,
  3;51,64,66;,
  3;64,51,52;,
  3;66,56,51;,
  3;56,66,71;,
  3;73,57,74;,
  3;57,73,55;,
  3;74,75,73;,
  3;75,74,76;,
  3;33,28,25;,
  3;28,33,77;,
  3;10,78,8;,
  3;79,80,81;,
  3;80,79,82;,
  3;42,82,79;,
  3;83,11,84;,
  3;83,9,11;,
  3;83,85,9;,
  3;86,11,87;,
  3;11,86,84;,
  3;73,75,88;,
  3;55,89,53;,
  3;55,88,89;,
  3;55,73,88;,
  3;90,48,91;,
  3;48,90,92;,
  3;36,93,34;,
  3;93,36,94;,
  3;95,92,90;,
  3;7,94,36;,
  3;93,96,34;,
  3;16,17,19;,
  3;17,31,19;,
  3;78,10,97;,
  3;1,22,2;,
  3;20,98,18;,
  3;98,20,99;,
  3;24,30,14;,
  3;30,24,100;,
  3;49,48,92;,
  3;44,43,46;,
  3;39,16,18;,
  3;16,39,35;,
  3;35,15,16;,
  3;15,35,37;,
  3;15,32,13;,
  3;32,15,37;,
  3;13,101,23;,
  3;101,13,32;,
  3;102,103,2;,
  3;2,103,0;,
  3;81,74,79;,
  3;74,81,76;,
  3;79,57,42;,
  3;57,79,74;,
  3;57,43,42;,
  3;54,57,55;,
  3;37,34,33;,
  3;83,104,85;,
  3;34,77,33;,
  3;77,34,96;,
  3;33,32,37;,
  3;105,11,8;,
  3;28,86,26;,
  3;86,28,84;,
  3;84,77,83;,
  3;77,84,28;,
  3;77,104,83;,
  3;104,77,96;,
  3;104,93,106;,
  3;93,104,96;,
  3;106,94,107;,
  3;94,106,93;,
  3;7,107,94;,
  3;107,7,4;,
  3;5,40,21;,
  3;40,5,38;,
  3;38,7,36;,
  3;7,38,5;,
  3;6,3,4;,
  3;3,6,1;,
  3;108,82,44;,
  3;82,108,80;,
  3;82,42,44;,
  3;53,91,48;,
  3;91,53,89;,
  3;6,22,1;,
  3;27,32,25;,
  3;32,27,101;,
  3;105,87,11;,
  3;18,41,39;,
  3;41,18,98;,
  3;90,91,109;,
  3;110,111,112;,
  3;111,110,113;,
  3;114,115,116;,
  3;115,114,117;,
  3;118,119,120;,
  3;119,118,121;,
  3;122,123,124;,
  3;123,122,125;,
  3;126,122,124;,
  3;122,126,127;,
  3;128,129,126;,
  3;129,128,130;,
  3;117,21,115;,
  3;21,117,22;,
  3;125,131,123;,
  3;131,125,132;,
  3;133,134,135;,
  3;134,133,136;,
  3;125,137,138;,
  3;137,125,122;,
  3;122,139,137;,
  3;139,122,127;,
  3;140,133,141;,
  3;142,143,144;,
  3;143,142,145;,
  3;143,146,147;,
  3;146,143,145;,
  3;40,147,146;,
  3;147,40,41;,
  3;148,149,150;,
  3;150,151,152;,
  3;151,150,153;,
  3;154,155,156;,
  3;156,157,158;,
  3;157,156,155;,
  3;159,155,154;,
  3;159,160,155;,
  3;159,161,160;,
  3;155,162,157;,
  3;162,155,160;,
  3;163,150,160;,
  3;160,152,162;,
  3;152,160,150;,
  3;164,165,166;,
  3;165,164,167;,
  3;166,168,169;,
  3;168,166,165;,
  3;170,171,172;,
  3;171,170,173;,
  3;172,174,175;,
  3;174,172,171;,
  3;173,176,171;,
  3;176,173,177;,
  3;171,178,174;,
  3;178,171,176;,
  3;177,166,176;,
  3;166,177,164;,
  3;176,169,178;,
  3;169,176,166;,
  3;162,164,177;,
  3;164,162,152;,
  3;152,167,164;,
  3;167,152,151;,
  3;157,170,158;,
  3;170,157,173;,
  3;173,162,177;,
  3;162,173,157;,
  3;179,163,161;,
  3;163,179,180;,
  3;180,181,182;,
  3;181,180,179;,
  3;141,135,183;,
  3;135,141,133;,
  3;121,118,184;,
  3;185,186,187;,
  3;186,185,188;,
  3;148,185,187;,
  3;189,119,190;,
  3;189,120,119;,
  3;189,191,120;,
  3;192,120,191;,
  3;120,192,193;,
  3;179,194,181;,
  3;161,194,179;,
  3;161,195,194;,
  3;161,159,195;,
  3;196,154,197;,
  3;154,196,198;,
  3;145,199,200;,
  3;199,145,142;,
  3;201,196,197;,
  3;116,145,200;,
  3;199,142,202;,
  3;126,129,127;,
  3;127,129,139;,
  3;184,203,121;,
  3;111,113,22;,
  3;130,98,99;,
  3;98,130,128;,
  3;132,138,204;,
  3;138,132,125;,
  3;156,197,154;,
  3;149,153,150;,
  3;147,126,143;,
  3;126,147,128;,
  3;143,124,144;,
  3;124,143,126;,
  3;124,140,144;,
  3;140,124,123;,
  3;123,205,140;,
  3;205,123,131;,
  3;206,113,207;,
  3;113,110,207;,
  3;188,180,182;,
  3;180,188,185;,
  3;185,163,180;,
  3;163,185,148;,
  3;163,148,150;,
  3;160,161,163;,
  3;144,141,142;,
  3;189,190,208;,
  3;142,183,202;,
  3;183,142,141;,
  3;141,144,140;,
  3;209,118,120;,
  3;135,192,191;,
  3;192,135,134;,
  3;191,183,135;,
  3;183,191,189;,
  3;183,208,202;,
  3;208,183,189;,
  3;208,199,202;,
  3;199,208,210;,
  3;210,200,199;,
  3;200,210,211;,
  3;116,211,114;,
  3;211,116,200;,
  3;115,40,146;,
  3;40,115,21;,
  3;146,116,115;,
  3;116,146,145;,
  3;117,112,111;,
  3;112,117,114;,
  3;212,187,186;,
  3;187,212,149;,
  3;187,149,148;,
  3;159,198,195;,
  3;198,159,154;,
  3;22,117,111;,
  3;136,140,205;,
  3;140,136,133;,
  3;209,120,193;,
  3;41,128,147;,
  3;128,41,98;,
  3;196,213,198;,
  3;214,215,216;,
  3;215,214,217;,
  3;218,219,220;,
  3;219,218,221;,
  3;222,223,224;,
  3;225,223,222;,
  3;226,223,225;,
  3;227,223,226;,
  3;228,223,227;,
  3;229,230,231;,
  3;229,232,230;,
  3;229,233,232;,
  3;229,234,233;,
  3;235,234,229;,
  3;236,237,238;,
  3;238,239,240;,
  3;241,242,243;,
  3;243,242,244;,
  3;245,246,247;,
  3;248,249,245;,
  3;250,251,252;,
  3;244,251,250;;

  MeshNormals {
   253;
   0.055418;0.651797;-0.756366;,
   -0.026205;0.583705;-0.811543;,
   0.209269;0.746329;-0.631822;,
   0.167472;0.380166;-0.909630;,
   0.598336;-0.008202;-0.801204;,
   0.385514;0.187089;-0.903536;,
   0.245041;0.458841;-0.854061;,
   0.862810;-0.036691;-0.504194;,
   0.310011;0.778663;0.545506;,
   0.229305;0.434394;0.871046;,
   0.222375;0.932311;0.285213;,
   0.099043;0.374094;0.922087;,
   0.892624;0.212227;0.397722;,
   0.350203;-0.006224;0.936653;,
   0.307237;0.149077;0.939884;,
   0.949378;0.078526;0.304163;,
   0.904997;0.097146;-0.414177;,
   0.954966;0.167953;-0.244604;,
   0.411381;0.045240;-0.910340;,
   0.734254;0.071806;-0.675066;,
   0.305207;0.004826;-0.952274;,
   0.000003;0.364297;-0.931283;,
   0.000034;0.567002;-0.823717;,
   -0.000000;0.003255;0.999995;,
   0.000000;0.161467;0.986878;,
   0.371824;-0.246918;0.894863;,
   0.000000;-0.132282;0.991212;,
   0.000000;-0.262691;0.964880;,
   0.287872;-0.147576;0.946230;,
   0.840041;0.255144;0.478782;,
   0.220838;0.223572;0.949340;,
   0.969008;0.159634;-0.188520;,
   0.420376;-0.211951;0.882248;,
   0.738367;-0.293037;0.607407;,
   0.968148;-0.229020;0.101193;,
   0.894906;-0.042376;-0.444238;,
   0.863969;-0.097287;-0.494057;,
   0.971348;-0.103269;0.214054;,
   0.464896;0.038304;-0.884536;,
   0.508775;0.049573;-0.859471;,
   -0.000000;0.095469;-0.995432;,
   0.000000;0.041962;-0.999119;,
   0.176409;0.505225;-0.844765;,
   0.248163;0.681178;-0.688775;,
   0.251608;-0.700235;-0.668105;,
   -0.109320;-0.692157;-0.713420;,
   0.083938;-0.716884;-0.692122;,
   0.019432;0.709350;-0.704589;,
   -0.167669;-0.865340;0.472307;,
   0.083938;-0.716884;-0.692122;,
   0.045057;-0.713545;0.699159;,
   -0.094502;-0.688858;0.718710;,
   -0.109320;-0.692157;-0.713420;,
   -0.003985;-0.294812;0.955547;,
   0.143946;0.693041;0.706380;,
   0.134103;0.647993;0.749748;,
   0.046257;0.681242;0.730596;,
   0.214758;0.975452;-0.048713;,
   0.016222;0.715936;-0.697977;,
   -0.030182;-0.723839;-0.689308;,
   -0.093446;-0.734189;-0.672484;,
   0.155726;0.658299;-0.736473;,
   -0.145949;-0.774458;-0.615560;,
   0.133843;0.724338;-0.676329;,
   -0.093446;-0.734189;-0.672484;,
   0.136155;-0.588721;0.796787;,
   -0.018616;-0.718301;0.695483;,
   -0.030182;-0.723839;-0.689308;,
   0.040131;-0.674595;0.737097;,
   -0.145949;-0.774458;-0.615560;,
   0.253794;0.659169;0.707873;,
   0.075877;0.719144;0.690706;,
   0.243319;0.780584;0.575747;,
   0.061242;0.902040;0.427287;,
   0.093061;0.988361;-0.120344;,
   0.222375;0.932311;0.285213;,
   0.126153;0.962961;-0.238308;,
   0.731778;-0.199145;0.651800;,
   0.448694;0.886696;-0.111551;,
   -0.068113;0.690982;-0.719656;,
   0.167472;0.380166;-0.909630;,
   0.055418;0.651797;-0.756366;,
   0.153559;0.089305;-0.984096;,
   0.728268;-0.027643;0.684734;,
   0.226005;0.006860;0.974102;,
   0.575548;-0.096694;0.812031;,
   0.000000;0.050694;0.998714;,
   0.000000;0.285504;0.958378;,
   0.229305;0.434394;0.871046;,
   0.575548;-0.096694;0.812031;,
   0.817522;-0.564083;-0.116054;,
   0.588150;-0.653931;0.475871;,
   0.251608;-0.700235;-0.668105;,
   0.993112;-0.025485;-0.114362;,
   0.977497;-0.057598;-0.202934;,
   0.598336;-0.008202;-0.801204;,
   0.983548;-0.081363;0.161289;,
   0.126153;0.962961;-0.238308;,
   -0.000003;0.034936;-0.999390;,
   0.000005;0.064312;-0.997930;,
   -0.000001;0.222982;0.974823;,
   0.000000;-0.167429;0.985884;,
   0.448694;0.886696;-0.111551;,
   0.126153;0.962961;-0.238308;,
   0.588150;-0.653931;0.475871;,
   0.000000;0.509613;0.860404;,
   0.998806;0.022434;-0.043400;,
   0.817522;-0.564083;-0.116054;,
   0.598336;-0.008202;-0.801204;,
   0.998806;0.022434;-0.043400;,
   -0.055418;0.651798;-0.756366;,
   0.026209;0.583696;-0.811549;,
   -0.167516;0.379936;-0.909718;,
   -0.209269;0.746329;-0.631822;,
   -0.598981;-0.009074;-0.800712;,
   -0.385477;0.187334;-0.903501;,
   -0.861261;-0.035908;-0.506893;,
   -0.244831;0.459100;-0.853982;,
   -0.310011;0.778663;0.545506;,
   -0.229306;0.434394;0.871046;,
   -0.099043;0.374094;0.922087;,
   -0.222375;0.932311;0.285213;,
   -0.892649;0.212123;0.397721;,
   -0.350204;-0.006225;0.936653;,
   -0.949378;0.078523;0.304163;,
   -0.307255;0.149038;0.939884;,
   -0.905014;0.097069;-0.414158;,
   -0.954989;0.167827;-0.244603;,
   -0.411395;0.045215;-0.910335;,
   -0.734269;0.071731;-0.675058;,
   -0.305195;0.004790;-0.952278;,
   -0.000000;0.003255;0.999995;,
   0.000000;0.161467;0.986878;,
   -0.371824;-0.246918;0.894862;,
   0.000000;-0.132282;0.991212;,
   -0.287872;-0.147576;0.946230;,
   0.000000;-0.262691;0.964880;,
   -0.840053;0.254973;0.478852;,
   -0.220810;0.223531;0.949356;,
   -0.969010;0.159586;-0.188554;,
   -0.420376;-0.211951;0.882248;,
   -0.738367;-0.293037;0.607407;,
   -0.968368;-0.228242;0.100847;,
   -0.894906;-0.042376;-0.444238;,
   -0.971348;-0.103269;0.214054;,
   -0.863897;-0.097781;-0.494086;,
   -0.464896;0.038304;-0.884536;,
   -0.508775;0.049573;-0.859471;,
   -0.176409;0.505225;-0.844765;,
   -0.253230;-0.699879;-0.667865;,
   -0.248163;0.681178;-0.688775;,
   0.109320;-0.692157;-0.713420;,
   -0.019432;0.709350;-0.704589;,
   -0.083938;-0.716884;-0.692122;,
   -0.036482;-0.883644;0.466737;,
   -0.045057;-0.713545;0.699159;,
   -0.083938;-0.716884;-0.692122;,
   0.094502;-0.688858;0.718710;,
   0.109320;-0.692157;-0.713420;,
   -0.035117;-0.273801;0.961145;,
   -0.143946;0.693041;0.706380;,
   -0.134103;0.647993;0.749748;,
   -0.046257;0.681242;0.730596;,
   -0.214758;0.975452;-0.048712;,
   -0.016494;0.715855;-0.698054;,
   0.024133;-0.729258;-0.683814;,
   -0.164838;0.657155;-0.735511;,
   0.093147;-0.734198;-0.672516;,
   0.180964;-0.798987;-0.573474;,
   -0.154852;0.721156;-0.675245;,
   0.093147;-0.734198;-0.672516;,
   -0.163536;-0.593266;0.788221;,
   0.024133;-0.729258;-0.683814;,
   0.018149;-0.718469;0.695323;,
   -0.095350;-0.649164;0.754648;,
   0.180964;-0.798987;-0.573474;,
   -0.263433;0.657758;0.705661;,
   -0.075924;0.719163;0.690681;,
   -0.266932;0.778734;0.567733;,
   -0.061242;0.902040;0.427287;,
   -0.093061;0.988361;-0.120344;,
   -0.222375;0.932311;0.285213;,
   -0.126153;0.962961;-0.238308;,
   -0.720090;-0.218256;0.658662;,
   -0.448694;0.886696;-0.111551;,
   0.068113;0.690982;-0.719656;,
   -0.167516;0.379936;-0.909718;,
   -0.153480;0.089291;-0.984109;,
   -0.055418;0.651798;-0.756366;,
   -0.686179;-0.006676;0.727402;,
   -0.529839;-0.025250;0.847723;,
   -0.226005;0.006860;0.974102;,
   0.000000;0.050694;0.998714;,
   0.000000;0.285504;0.958378;,
   -0.229306;0.434394;0.871046;,
   -0.529839;-0.025250;0.847723;,
   -0.842082;-0.508722;-0.179165;,
   -0.253230;-0.699879;-0.667865;,
   -0.728935;-0.556895;0.398149;,
   -0.990362;-0.075028;-0.116420;,
   -0.975599;-0.061518;-0.210764;,
   -0.598981;-0.009074;-0.800712;,
   -0.981675;-0.125144;0.143714;,
   -0.126153;0.962961;-0.238308;,
   -0.000001;0.222982;0.974823;,
   0.000000;-0.167429;0.985884;,
   -0.448694;0.886696;-0.111551;,
   -0.126153;0.962961;-0.238308;,
   -0.728935;-0.556895;0.398149;,
   0.000000;0.509613;0.860404;,
   -0.970748;0.219709;-0.096832;,
   -0.842082;-0.508722;-0.179165;,
   -0.598981;-0.009074;-0.800712;,
   -0.970748;0.219709;-0.096832;,
   -0.968399;-0.249098;0.012430;,
   -0.971007;-0.238366;0.018076;,
   -0.973792;-0.226120;0.024492;,
   -0.963906;-0.266221;0.003375;,
   0.972321;-0.233351;0.011821;,
   0.970892;-0.239376;0.008295;,
   0.974223;-0.224966;0.016715;,
   0.968245;-0.249997;0.002061;,
   -0.079602;-0.976622;0.199684;,
   0.000000;-0.986321;0.164836;,
   -0.060064;-0.988698;0.137364;,
   -0.063477;-0.980546;0.185741;,
   -0.010918;-0.988555;0.150463;,
   -0.005654;-0.990012;0.140869;,
   0.000000;-0.989170;0.146777;,
   0.000000;-0.986321;0.164836;,
   0.079602;-0.976622;0.199684;,
   0.060064;-0.988698;0.137364;,
   0.063477;-0.980546;0.185741;,
   0.010918;-0.988555;0.150463;,
   0.005654;-0.990012;0.140869;,
   0.000000;-0.989170;0.146777;,
   -0.000000;0.610487;-0.792027;,
   0.000000;0.941212;-0.337816;,
   0.519972;0.639142;-0.566680;,
   0.000000;0.941212;-0.337816;,
   0.784151;0.595097;-0.175973;,
   0.784151;0.595097;-0.175973;,
   0.000000;0.941212;-0.337816;,
   0.799964;0.598278;-0.046044;,
   0.000000;0.996126;-0.087933;,
   -0.519972;0.639142;-0.566680;,
   0.000000;0.941212;-0.337816;,
   -0.000000;0.610487;-0.792027;,
   -0.784151;0.595097;-0.175973;,
   0.000000;0.941212;-0.337816;,
   -0.799964;0.598279;-0.046044;,
   0.000000;0.941212;-0.337816;,
   -0.784151;0.595097;-0.175973;;
   332;
   3;0,1,2;,
   3;1,0,3;,
   3;4,5,6;,
   3;5,4,7;,
   3;8,9,10;,
   3;9,8,11;,
   3;12,13,14;,
   3;13,12,15;,
   3;16,12,17;,
   3;12,16,15;,
   3;18,19,20;,
   3;19,18,16;,
   3;6,21,22;,
   3;21,6,5;,
   3;14,23,24;,
   3;23,14,13;,
   3;25,26,27;,
   3;26,25,28;,
   3;14,29,12;,
   3;29,14,30;,
   3;12,31,17;,
   3;31,12,29;,
   3;32,33,25;,
   3;34,35,36;,
   3;35,34,37;,
   3;35,38,36;,
   3;38,35,39;,
   3;40,39,41;,
   3;39,40,38;,
   3;42,43,44;,
   3;43,45,46;,
   3;45,43,47;,
   3;48,49,50;,
   3;49,51,50;,
   3;51,49,52;,
   3;53,54,55;,
   3;53,50,54;,
   3;53,48,50;,
   3;50,56,54;,
   3;56,50,51;,
   3;57,54,43;,
   3;54,47,43;,
   3;47,54,56;,
   3;58,59,60;,
   3;59,58,61;,
   3;61,62,59;,
   3;62,61,63;,
   3;64,65,66;,
   3;65,64,67;,
   3;67,68,65;,
   3;68,67,69;,
   3;66,70,71;,
   3;70,66,65;,
   3;65,72,70;,
   3;72,65,68;,
   3;71,61,58;,
   3;61,71,70;,
   3;70,63,61;,
   3;63,70,72;,
   3;56,58,47;,
   3;58,56,71;,
   3;47,60,45;,
   3;60,47,58;,
   3;51,64,66;,
   3;64,51,52;,
   3;66,56,51;,
   3;56,66,71;,
   3;73,57,74;,
   3;57,73,55;,
   3;74,75,73;,
   3;75,74,76;,
   3;33,28,25;,
   3;28,33,77;,
   3;10,78,8;,
   3;79,80,81;,
   3;80,79,82;,
   3;42,82,79;,
   3;83,11,84;,
   3;83,9,11;,
   3;83,85,9;,
   3;86,11,87;,
   3;11,86,84;,
   3;73,75,88;,
   3;55,89,53;,
   3;55,88,89;,
   3;55,73,88;,
   3;90,48,91;,
   3;48,90,92;,
   3;36,93,34;,
   3;93,36,94;,
   3;95,92,90;,
   3;7,94,36;,
   3;93,96,34;,
   3;16,17,19;,
   3;17,31,19;,
   3;78,10,97;,
   3;1,22,2;,
   3;20,98,18;,
   3;98,20,99;,
   3;24,30,14;,
   3;30,24,100;,
   3;49,48,92;,
   3;44,43,46;,
   3;39,16,18;,
   3;16,39,35;,
   3;35,15,16;,
   3;15,35,37;,
   3;15,32,13;,
   3;32,15,37;,
   3;13,101,23;,
   3;101,13,32;,
   3;102,103,2;,
   3;2,103,0;,
   3;81,74,79;,
   3;74,81,76;,
   3;79,57,42;,
   3;57,79,74;,
   3;57,43,42;,
   3;54,57,55;,
   3;37,34,33;,
   3;83,104,85;,
   3;34,77,33;,
   3;77,34,96;,
   3;33,32,37;,
   3;105,11,8;,
   3;28,86,26;,
   3;86,28,84;,
   3;84,77,83;,
   3;77,84,28;,
   3;77,104,83;,
   3;104,77,96;,
   3;104,93,106;,
   3;93,104,96;,
   3;106,94,107;,
   3;94,106,93;,
   3;7,107,94;,
   3;107,7,4;,
   3;5,40,21;,
   3;40,5,38;,
   3;38,7,36;,
   3;7,38,5;,
   3;6,3,4;,
   3;3,6,1;,
   3;108,82,44;,
   3;82,108,80;,
   3;82,42,44;,
   3;53,91,48;,
   3;91,53,89;,
   3;6,22,1;,
   3;27,32,25;,
   3;32,27,101;,
   3;105,87,11;,
   3;18,41,39;,
   3;41,18,98;,
   3;90,91,109;,
   3;110,111,112;,
   3;111,110,113;,
   3;114,115,116;,
   3;115,114,117;,
   3;118,119,120;,
   3;119,118,121;,
   3;122,123,124;,
   3;123,122,125;,
   3;126,122,124;,
   3;122,126,127;,
   3;128,129,126;,
   3;129,128,130;,
   3;117,21,115;,
   3;21,117,22;,
   3;125,131,123;,
   3;131,125,132;,
   3;133,134,135;,
   3;134,133,136;,
   3;125,137,138;,
   3;137,125,122;,
   3;122,139,137;,
   3;139,122,127;,
   3;140,133,141;,
   3;142,143,144;,
   3;143,142,145;,
   3;143,146,147;,
   3;146,143,145;,
   3;40,147,146;,
   3;147,40,41;,
   3;148,149,150;,
   3;150,151,152;,
   3;151,150,153;,
   3;154,155,156;,
   3;156,157,158;,
   3;157,156,155;,
   3;159,155,154;,
   3;159,160,155;,
   3;159,161,160;,
   3;155,162,157;,
   3;162,155,160;,
   3;163,150,160;,
   3;160,152,162;,
   3;152,160,150;,
   3;164,165,166;,
   3;165,164,167;,
   3;166,168,169;,
   3;168,166,165;,
   3;170,171,172;,
   3;171,170,173;,
   3;172,174,175;,
   3;174,172,171;,
   3;173,176,171;,
   3;176,173,177;,
   3;171,178,174;,
   3;178,171,176;,
   3;177,166,176;,
   3;166,177,164;,
   3;176,169,178;,
   3;169,176,166;,
   3;162,164,177;,
   3;164,162,152;,
   3;152,167,164;,
   3;167,152,151;,
   3;157,170,158;,
   3;170,157,173;,
   3;173,162,177;,
   3;162,173,157;,
   3;179,163,161;,
   3;163,179,180;,
   3;180,181,182;,
   3;181,180,179;,
   3;141,135,183;,
   3;135,141,133;,
   3;121,118,184;,
   3;185,186,187;,
   3;186,185,188;,
   3;148,185,187;,
   3;189,119,190;,
   3;189,120,119;,
   3;189,191,120;,
   3;192,120,191;,
   3;120,192,193;,
   3;179,194,181;,
   3;161,194,179;,
   3;161,195,194;,
   3;161,159,195;,
   3;196,154,197;,
   3;154,196,198;,
   3;145,199,200;,
   3;199,145,142;,
   3;201,196,197;,
   3;116,145,200;,
   3;199,142,202;,
   3;126,129,127;,
   3;127,129,139;,
   3;184,203,121;,
   3;111,113,22;,
   3;130,98,99;,
   3;98,130,128;,
   3;132,138,204;,
   3;138,132,125;,
   3;156,197,154;,
   3;149,153,150;,
   3;147,126,143;,
   3;126,147,128;,
   3;143,124,144;,
   3;124,143,126;,
   3;124,140,144;,
   3;140,124,123;,
   3;123,205,140;,
   3;205,123,131;,
   3;206,113,207;,
   3;113,110,207;,
   3;188,180,182;,
   3;180,188,185;,
   3;185,163,180;,
   3;163,185,148;,
   3;163,148,150;,
   3;160,161,163;,
   3;144,141,142;,
   3;189,190,208;,
   3;142,183,202;,
   3;183,142,141;,
   3;141,144,140;,
   3;209,118,120;,
   3;135,192,191;,
   3;192,135,134;,
   3;191,183,135;,
   3;183,191,189;,
   3;183,208,202;,
   3;208,183,189;,
   3;208,199,202;,
   3;199,208,210;,
   3;210,200,199;,
   3;200,210,211;,
   3;116,211,114;,
   3;211,116,200;,
   3;115,40,146;,
   3;40,115,21;,
   3;146,116,115;,
   3;116,146,145;,
   3;117,112,111;,
   3;112,117,114;,
   3;212,187,186;,
   3;187,212,149;,
   3;187,149,148;,
   3;159,198,195;,
   3;198,159,154;,
   3;22,117,111;,
   3;136,140,205;,
   3;140,136,133;,
   3;209,120,193;,
   3;41,128,147;,
   3;128,41,98;,
   3;196,213,198;,
   3;214,215,216;,
   3;215,214,217;,
   3;218,219,220;,
   3;219,218,221;,
   3;222,223,224;,
   3;225,223,222;,
   3;226,223,225;,
   3;227,223,226;,
   3;228,223,227;,
   3;229,230,231;,
   3;229,232,230;,
   3;229,233,232;,
   3;229,234,233;,
   3;235,234,229;,
   3;236,237,238;,
   3;238,239,240;,
   3;241,242,243;,
   3;243,242,244;,
   3;245,246,247;,
   3;248,249,245;,
   3;250,251,252;,
   3;244,251,250;;
  }

  MeshMaterialList {
   1;
   332;
   0,
   0,
   0,
   0,
   0,
   0,
   0,
   0,
   0,
   0,
   0,
   0,
   0,
   0,
   0,
   0,
   0,
   0,
   0,
   0,
   0,
   0,
   0,
   0,
   0,
   0,
   0,
   0,
   0,
   0,
   0,
   0,
   0,
   0,
   0,
   0,
   0,
   0,
   0,
   0,
   0,
   0,
   0,
   0,
   0,
   0,
   0,
   0,
   0,
   0,
   0,
   0,
   0,
   0,
   0,
   0,
   0,
   0,
   0,
   0,
   0,
   0,
   0,
   0,
   0,
   0,
   0,
   0,
   0,
   0,
   0,
   0,
   0,
   0,
   0,
   0,
   0,
   0,
   0,
   0,
   0,
   0,
   0,
   0,
   0,
   0,
   0,
   0,
   0,
   0,
   0,
   0,
   0,
   0,
   0,
   0,
   0,
   0,
   0,
   0,
   0,
   0,
