xof 0303txt 0032
template ColorRGBA {
 <35ff44e0-6c7c-11cf-8f52-0040333594a3>
 FLOAT red;
 FLOAT green;
 FLOAT blue;
 FLOAT alpha;
}

template ColorRGB {
 <d3e16e81-7835-11cf-8f52-0040333594a3>
 FLOAT red;
 FLOAT green;
 FLOAT blue;
}

template Material {
 <3d82ab4d-62da-11cf-ab39-0020af71e433>
 ColorRGBA faceColor;
 FLOAT power;
 ColorRGB specularColor;
 ColorRGB emissiveColor;
 [...]
}

template TextureFilename {
 <a42790e1-7810-11cf-8f52-0040333594a3>
 STRING filename;
}

template Frame {
 <3d82ab46-62da-11cf-ab39-0020af71e433>
 [...]
}

template Matrix4x4 {
 <f6f23f45-7686-11cf-8f52-0040333594a3>
 array FLOAT matrix[16];
}

template FrameTransformMatrix {
 <f6f23f41-7686-11cf-8f52-0040333594a3>
 Matrix4x4 frameMatrix;
}

template Vector {
 <3d82ab5e-62da-11cf-ab39-0020af71e433>
 FLOAT x;
 FLOAT y;
 FLOAT z;
}

template MeshFace {
 <3d82ab5f-62da-11cf-ab39-0020af71e433>
 DWORD nFaceVertexIndices;
 array DWORD faceVertexIndices[nFaceVertexIndices];
}

template Mesh {
 <3d82ab44-62da-11cf-ab39-0020af71e433>
 DWORD nVertices;
 array Vector vertices[nVertices];
 DWORD nFaces;
 array MeshFace faces[nFaces];
 [...]
}

template MeshNormals {
 <f6f23f43-7686-11cf-8f52-0040333594a3>
 DWORD nNormals;
 array Vector normals[nNormals];
 DWORD nFaceNormals;
 array MeshFace faceNormals[nFaceNormals];
}

template MeshMaterialList {
 <f6f23f42-7686-11cf-8f52-0040333594a3>
 DWORD nMaterials;
 DWORD nFaceIndexes;
 array DWORD faceIndexes[nFaceIndexes];
 [Material <3d82ab4d-62da-11cf-ab39-0020af71e433>]
}

template Coords2d {
 <f6f23f44-7686-11cf-8f52-0040333594a3>
 FLOAT u;
 FLOAT v;
}

template MeshTextureCoords {
 <f6f23f40-7686-11cf-8f52-0040333594a3>
 DWORD nTextureCoords;
 array Coords2d textureCoords[nTextureCoords];
}

template XSkinMeshHeader {
 <3cf169ce-ff7c-44ab-93c0-f78f62d172e2>
 WORD nMaxSkinWeightsPerVertex;
 WORD nMaxSkinWeightsPerFace;
 WORD nBones;
}

template SkinWeights {
 <6f0d123b-bad2-4167-a0d0-80224f25fabb>
 STRING transformNodeName;
 DWORD nWeights;
 array DWORD vertexIndices[nWeights];
 array FLOAT weights[nWeights];
 Matrix4x4 matrixOffset;
}

template AnimTicksPerSecond {
 <9e415a43-7ba6-4a73-8743-b73d47e88476>
 DWORD AnimTicksPerSecond;
}

template Animation {
 <3d82ab4f-62da-11cf-ab39-0020af71e433>
 [...]
}

template AnimationSet {
 <3d82ab50-62da-11cf-ab39-0020af71e433>
 [Animation <3d82ab4f-62da-11cf-ab39-0020af71e433>]
}

template FloatKeys {
 <10dd46a9-775b-11cf-8f52-0040333594a3>
 DWORD nValues;
 array FLOAT values[nValues];
}

template TimedFloatKeys {
 <f406b180-7b3b-11cf-8f52-0040333594a3>
 DWORD time;
 FloatKeys tfkeys;
}

template AnimationKey {
 <10dd46a8-775b-11cf-8f52-0040333594a3>
 DWORD keyType;
 DWORD nKeys;
 array TimedFloatKeys keys[nKeys];
}


Material _16_-_Defaultoo {
 1.000000;1.000000;1.000000;1.000000;;
 100.000000;
 0.200000;0.200000;0.200000;;
 0.000000;0.000000;0.000000;;

 TextureFilename {
  "ArticulatedShoulderpad.png";
 }
}

Frame Dummy01 {
 

 FrameTransformMatrix {
  1.000000,0.000000,0.000000,0.000000,0.000000,-0.000000,-1.000000,0.000000,0.000000,1.000000,-0.000000,0.000000,0.000000,0.000000,0.000000,1.000000;;
 }

 Frame Bip01 {
  

  FrameTransformMatrix {
   -0.087155,0.982405,-0.165183,0.000000,-0.000001,0.165814,0.986157,0.000000,0.996195,0.085949,-0.014450,0.000000,-0.010000,-0.012284,0.490453,1.000000;;
  }

  Frame Bip01_Pelvis {
   

   FrameTransformMatrix {
    0.000000,1.000000,-0.000001,0.000000,-0.000001,0.000001,1.000000,0.000000,1.000000,0.000000,0.000001,0.000000,0.000000,0.000000,0.000000,1.000000;;
   }

   Frame Bip01_Spine {
    

    FrameTransformMatrix {
     0.984686,0.000002,-0.174337,0.000000,-0.000001,1.000000,0.000004,0.000000,0.174337,-0.000004,0.984686,0.000000,0.051619,0.000000,-0.000083,1.000000;;
    }

    Frame Bip01_Spine1 {
     

     FrameTransformMatrix {
      0.997819,0.052687,0.039774,0.000000,-0.044862,0.983198,-0.176942,0.000000,-0.048428,0.174771,0.983417,0.000000,0.106484,-0.000015,-0.000083,1.000000;;
     }

     Frame Bip01_Neck {
      

      FrameTransformMatrix {
       0.966067,-0.020835,0.257451,0.000000,0.025191,0.999590,-0.013632,0.000000,-0.257061,0.019655,0.966195,0.000000,0.130511,-0.000001,0.004626,1.000000;;
      }

      Frame Bip01_Head {
       

       FrameTransformMatrix {
        0.989321,-0.051753,-0.136255,0.000000,0.064251,0.993958,0.088989,0.000000,0.130826,-0.096793,0.986669,0.000000,0.033674,-0.000000,-0.000000,1.000000;;
       }
      }

      Frame Bip01_L_Clavicle {
       

       FrameTransformMatrix {
        -0.205975,0.976135,0.068811,0.000000,0.943873,0.216738,-0.249254,0.000000,-0.258220,0.013609,-0.965990,0.000000,-0.024734,0.015166,0.002017,1.000000;;
       }

       Frame Bip01_L_UpperArm {
        

        FrameTransformMatrix {
         0.385871,-0.777669,0.496320,0.000000,0.922466,0.332598,-0.196046,0.000000,-0.012616,0.533487,0.845714,0.000000,0.087086,-0.000000,0.000000,1.000000;;
        }

        Frame Bip01_L_Forearm {
         

         FrameTransformMatrix {
          0.943939,0.000000,-0.330119,0.000000,0.000000,1.000000,-0.000000,0.000000,0.330119,-0.000000,0.943939,0.000000,0.137062,-0.000000,0.000000,1.000000;;
         }

         Frame Bip01_L_Hand {
          

          FrameTransformMatrix {
           1.000000,-0.000000,0.000000,0.000000,0.000000,0.000796,1.000000,0.000000,0.000000,-1.000000,0.000796,0.000000,0.137062,0.000000,0.000000,1.000000;;
          }

          Frame Bip01_L_Finger0 {
           

           FrameTransformMatrix {
            0.690342,-0.181727,0.700288,0.000000,0.558537,0.749101,-0.356210,0.000000,-0.459853,0.637043,0.618637,0.000000,0.057681,-0.023605,-0.000272,1.000000;;
           }
          }

          Frame Bip01_L_Finger1 {
           

           FrameTransformMatrix {
            0.728079,-0.000546,0.685493,0.000000,0.000000,1.000000,0.000796,0.000000,-0.685493,-0.000580,0.728079,0.000000,0.084102,0.000000,0.000000,1.000000;;
           }
          }
         }
        }
       }
      }

      Frame Bip01_R_Clavicle {
       

       FrameTransformMatrix {
        -0.028509,-0.999573,-0.006461,0.000000,-0.965665,0.025871,0.258498,0.000000,-0.258220,0.013609,-0.965990,0.000000,-0.024080,-0.016250,0.001399,1.000000;;
       }

       Frame Bip01_R_UpperArm {
        

        FrameTransformMatrix {
         0.221390,0.975047,0.016433,0.000000,-0.974986,0.221654,-0.016512,0.000000,-0.019742,-0.012366,0.999729,0.000000,0.087086,0.000000,0.000000,1.000000;;
        }

        Frame Bip01_R_Forearm {
         

         FrameTransformMatrix {
          0.915660,-0.000000,-0.401954,0.000000,-0.000000,1.000000,-0.000000,0.000000,0.401954,-0.000000,0.915660,0.000000,0.137062,0.000000,-0.000000,1.000000;;
         }

         Frame Bip01_R_Hand {
          

          FrameTransformMatrix {
           0.975195,-0.000000,-0.221346,0.000000,-0.221346,0.000796,-0.975195,0.000000,0.000176,1.000000,0.000777,0.000000,0.137062,0.000000,0.000000,1.000000;;
          }

          Frame Bip01_R_Finger0 {
           

           FrameTransformMatrix {
            0.417774,-0.116941,0.900994,0.000000,-0.558537,0.749101,0.356210,0.000000,-0.716591,-0.652054,0.247639,0.000000,0.057681,0.023605,-0.000272,1.000000;;
           }
          }

          Frame Bip01_R_Finger1 {
           

           FrameTransformMatrix {
            0.352436,0.000745,0.935835,0.000000,-0.000000,1.000000,-0.000796,0.000000,-0.935836,0.000281,0.352436,0.000000,0.084102,0.000000,0.000000,1.000000;;
           }
          }
         }
        }
       }
      }
     }

     Frame Bip01_BackPack {
      

      FrameTransformMatrix {
       0.180560,0.080500,-0.980264,0.000000,0.047560,0.994764,0.090451,0.000000,0.982413,-0.062954,0.175786,0.000000,0.063697,0.000003,-0.088856,1.000000;;
      }
     }
    }

    Frame Bip01_L_Thigh {
     

     FrameTransformMatrix {
      -0.888504,0.030427,0.457858,0.000000,-0.032107,-0.999476,0.004114,0.000000,0.457744,-0.011045,0.889016,0.000000,-0.050843,0.055225,-0.008917,1.000000;;
     }

     Frame Bip01_L_Calf {
      

      FrameTransformMatrix {
       0.942235,-0.000000,-0.334952,0.000000,-0.000000,1.000000,-0.000000,0.000000,0.334952,0.000000,0.942235,0.000000,0.237500,0.000000,-0.000000,1.000000;;
      }

      Frame Bip01_L_Foot {
       

       FrameTransformMatrix {
        0.924325,-0.026487,0.380687,0.000000,-0.068962,0.969570,0.234901,0.000000,-0.375325,-0.243378,0.894371,0.000000,0.206841,-0.000000,0.000000,1.000000;;
       }

       Frame Bip01_L_Toe0 {
        

        FrameTransformMatrix {
         0.000000,0.000000,1.000000,0.000000,0.000000,1.000000,-0.000000,0.000000,-1.000000,0.000000,0.000000,0.000000,0.065373,0.000000,0.066450,1.000000;;
        }
       }
      }
     }
    }

    Frame Bip01_R_Thigh {
     

     FrameTransformMatrix {
      -0.996965,0.030321,-0.071704,0.000000,-0.029454,-0.999480,-0.013113,0.000000,-0.072065,-0.010961,0.997340,0.000000,-0.050843,-0.055225,-0.008917,1.000000;;
     }

     Frame Bip01_R_Calf {
      

      FrameTransformMatrix {
       0.730239,0.000000,-0.683192,0.000000,0.000000,1.000000,0.000000,0.000000,0.683192,-0.000000,0.730239,0.000000,0.237500,0.000000,0.000000,1.000000;;
      }

      Frame Bip01_R_Foot {
       

       FrameTransformMatrix {
        0.991957,0.087165,-0.091782,0.000000,-0.093276,0.993546,-0.064539,0.000000,0.085565,0.072581,0.993685,0.000000,0.206841,-0.000000,0.000000,1.000000;;
       }

       Frame Bip01_R_Toe0 {
        

        FrameTransformMatrix {
         0.000000,0.000000,1.000000,0.000000,0.000000,1.000000,-0.000000,0.000000,-1.000000,0.000000,0.000000,0.000000,0.065373,0.000000,0.066450,1.000000;;
        }
       }
      }
     }
    }
   }

   Frame Bip01_DressFront {
    

    FrameTransformMatrix {
     -0.880185,-0.088339,0.466338,0.000000,0.121847,0.907542,0.401896,0.000000,-0.458725,0.410564,-0.788041,0.000000,-0.043935,0.001339,0.061057,1.000000;;
    }

    Frame Bip01_DressFront02 {
     

     FrameTransformMatrix {
      0.912593,0.000001,0.408870,0.000000,-0.000001,1.000000,-0.000000,0.000000,-0.408870,-0.000000,0.912593,0.000000,0.183378,-0.000000,-0.000120,1.000000;;
     }
    }
   }

   Frame Bip01_DressBack {
    

    FrameTransformMatrix {
     -0.886023,0.038029,0.462080,0.000000,0.191625,0.937561,0.290274,0.000000,-0.422190,0.345735,-0.837988,0.000000,-0.047673,-0.000048,-0.078302,1.000000;;
    }

    Frame Bip01_DressBack02 {
     

     FrameTransformMatrix {
      0.936852,0.174932,-0.302833,0.000000,-0.166408,0.984581,0.053939,0.000000,0.307600,-0.000139,0.951516,0.000000,0.176125,0.000000,-0.000103,1.000000;;
     }
    }
   }
  }

  Frame Bip01_Prop1 {
   

   FrameTransformMatrix {
    -0.233929,-0.108090,0.966226,0.000000,0.687222,0.684611,0.242967,0.000000,-0.687752,0.720850,-0.085868,0.000000,0.108125,-0.048422,-0.137969,1.000000;;
   }
  }

  Frame Bip01_Prop2 {
   

   FrameTransformMatrix {
    -0.163643,-0.967062,0.194966,0.000000,0.985576,-0.168906,-0.010564,0.000000,0.043147,0.190425,0.980753,0.000000,-0.138405,-0.102098,0.114818,1.000000;;
   }
  }
 }
}

Frame Translation_Data {
 

 FrameTransformMatrix {
  0.000000,0.000000,-1.000000,0.000000,-1.000000,-0.000000,-0.000000,0.000000,-0.000000,1.000000,-0.000000,0.000000,0.000000,-0.000000,0.000000,1.000000;;
 }
}

Frame Bob_ArticShoulderSpike_L {
 

 FrameTransformMatrix {
  -1.000000,0.000000,0.000000,0.000000,0.000000,-1.000000,0.000000,0.000000,0.000000,0.000000,1.000000,0.000000,0.000000,-0.001215,0.093306,1.000000;;
 }

 Mesh Bob_ArticShoulderSpike_L {
  689;
  -0.166395;-0.793625;-0.004615;,
  -0.163554;-0.762027;-0.000222;,
  -0.184190;-0.767088;-0.003115;,
  -0.196025;-0.786175;-0.011209;,
  -0.094520;-0.808017;0.008949;,
  -0.059015;-0.800669;-0.000079;,
  -0.071323;-0.777321;0.014692;,
  -0.104684;-0.783852;0.020765;,
  -0.135940;-0.799051;0.009829;,
  -0.136356;-0.793753;0.004866;,
  -0.134478;-0.743370;0.007204;,
  -0.163404;-0.764010;0.002034;,
  -0.166245;-0.795608;-0.002319;,
  -0.102427;-0.827163;-0.031172;,
  -0.065603;-0.813553;-0.031739;,
  -0.135714;-0.814743;-0.033204;,
  -0.136130;-0.809445;-0.034347;,
  -0.081873;-0.752916;0.024387;,
  -0.105919;-0.743345;0.017588;,
  -0.170162;-0.802609;-0.039768;,
  -0.200337;-0.793680;-0.045262;,
  -0.170312;-0.800626;-0.039864;,
  -0.165171;-0.789666;-0.008955;,
  -0.194832;-0.782424;-0.015737;,
  -0.182970;-0.767305;-0.008986;,
  -0.162581;-0.761525;-0.006121;,
  -0.094993;-0.798610;-0.000307;,
  -0.104362;-0.777674;0.008943;,
  -0.071447;-0.774529;0.009383;,
  -0.059671;-0.795989;-0.003776;,
  -0.135170;-0.790419;0.000020;,
  -0.133505;-0.743131;0.001288;,
  -0.066877;-0.807763;-0.032665;,
  -0.102280;-0.815927;-0.033138;,
  -0.134733;-0.803616;-0.034619;,
  -0.078410;-0.749888;0.020534;,
  -0.104451;-0.740909;0.006241;,
  -0.169174;-0.794737;-0.040046;,
  -0.199172;-0.787795;-0.045262;,
  -0.194832;-0.782424;-0.015737;,
  -0.199172;-0.787795;-0.045262;,
  -0.200337;-0.793680;-0.045262;,
  -0.196025;-0.786175;-0.011209;,
  -0.065603;-0.813553;-0.031739;,
  -0.066877;-0.807763;-0.032665;,
  -0.059671;-0.795989;-0.003776;,
  -0.059015;-0.800669;-0.000079;,
  -0.071447;-0.774529;0.009383;,
  -0.071323;-0.777321;0.014692;,
  -0.078410;-0.749888;0.020534;,
  -0.081873;-0.752916;0.024387;,
  -0.104451;-0.740909;0.006241;,
  -0.106335;-0.740776;0.011937;,
  -0.133505;-0.743131;0.001288;,
  -0.134478;-0.743370;0.007204;,
  -0.162581;-0.761525;-0.006121;,
  -0.163554;-0.762027;-0.000222;,
  -0.182970;-0.767305;-0.008986;,
  -0.184190;-0.767088;-0.003115;,
  -0.166395;-0.793625;-0.085908;,
  -0.196025;-0.786175;-0.079428;,
  -0.184190;-0.767088;-0.085164;,
  -0.163554;-0.762027;-0.090302;,
  -0.094520;-0.808017;-0.099311;,
  -0.104684;-0.783852;-0.111128;,
  -0.071323;-0.777321;-0.105215;,
  -0.059015;-0.800669;-0.090445;,
  -0.135940;-0.799051;-0.100191;,
  -0.136356;-0.793753;-0.095389;,
  -0.166245;-0.795608;-0.088012;,
  -0.163404;-0.764010;-0.092317;,
  -0.134478;-0.754331;-0.097727;,
  -0.065603;-0.813553;-0.058784;,
  -0.102427;-0.827163;-0.059191;,
  -0.135714;-0.814743;-0.057159;,
  -0.136130;-0.809445;-0.056176;,
  -0.081873;-0.752916;-0.114910;,
  -0.105919;-0.743345;-0.107951;,
  -0.170162;-0.802609;-0.050564;,
  -0.170312;-0.800626;-0.050660;,
  -0.165171;-0.789666;-0.081569;,
  -0.162581;-0.761525;-0.084402;,
  -0.182970;-0.767305;-0.079293;,
  -0.194832;-0.782424;-0.074900;,
  -0.094993;-0.798610;-0.090216;,
  -0.059671;-0.795989;-0.086747;,
  -0.071447;-0.774529;-0.099906;,
  -0.104362;-0.777674;-0.099466;,
  -0.135170;-0.790419;-0.090544;,
  -0.133505;-0.754093;-0.091811;,
  -0.102280;-0.815927;-0.057386;,
  -0.066877;-0.807763;-0.057858;,
  -0.134733;-0.803616;-0.055904;,
  -0.078410;-0.749888;-0.111058;,
  -0.104451;-0.740909;-0.096765;,
  -0.169174;-0.794738;-0.050477;,
  -0.184190;-0.767088;-0.085164;,
  -0.196025;-0.786175;-0.079428;,
  -0.194832;-0.782424;-0.074900;,
  -0.182970;-0.767305;-0.079293;,
  -0.065603;-0.813553;-0.058784;,
  -0.059015;-0.800669;-0.090445;,
  -0.059671;-0.795989;-0.086747;,
  -0.066877;-0.807763;-0.057858;,
  -0.071323;-0.777321;-0.105215;,
  -0.071447;-0.774529;-0.099906;,
  -0.081873;-0.752916;-0.114910;,
  -0.078410;-0.749888;-0.111058;,
  -0.106335;-0.740776;-0.102460;,
  -0.104451;-0.740909;-0.096765;,
  -0.134478;-0.754331;-0.097727;,
  -0.133505;-0.754093;-0.091811;,
  -0.163554;-0.762027;-0.090302;,
  -0.162581;-0.761525;-0.084402;,
  -0.169174;-0.794737;-0.040046;,
  -0.169174;-0.794738;-0.050477;,
  -0.199172;-0.787795;-0.045262;,
  -0.134733;-0.803616;-0.034619;,
  -0.134733;-0.803616;-0.055904;,
  -0.102280;-0.815927;-0.033138;,
  -0.102280;-0.815927;-0.057386;,
  -0.066877;-0.807763;-0.032665;,
  -0.066877;-0.807763;-0.057858;,
  0.102589;-0.691748;-0.068019;,
  0.095595;-0.694208;-0.096368;,
  0.091071;-0.694208;-0.094102;,
  0.097529;-0.691748;-0.068019;,
  0.060017;-0.703450;-0.131479;,
  0.057590;-0.702777;-0.127090;,
  -0.000147;-0.713391;-0.139718;,
  -0.000147;-0.712141;-0.134815;,
  -0.048396;-0.727128;-0.127823;,
  -0.048396;-0.725663;-0.122980;,
  -0.093640;-0.751452;-0.105691;,
  -0.093640;-0.751452;-0.100631;,
  0.102589;-0.708149;-0.068019;,
  0.097529;-0.708149;-0.068019;,
  0.091071;-0.710608;-0.094102;,
  0.095595;-0.710608;-0.096368;,
  0.057443;-0.718999;-0.124684;,
  0.059870;-0.719672;-0.129072;,
  -0.000147;-0.728034;-0.130765;,
  -0.000147;-0.729283;-0.135668;,
  -0.041258;-0.739795;-0.118702;,
  -0.041258;-0.741261;-0.123545;,
  -0.079373;-0.759541;-0.100631;,
  -0.079373;-0.759541;-0.105691;,
  0.102589;-0.691748;-0.068019;,
  0.102589;-0.708149;-0.068019;,
  0.095595;-0.710608;-0.096368;,
  0.095595;-0.694208;-0.096368;,
  0.059870;-0.719672;-0.129072;,
  0.060017;-0.703450;-0.131479;,
  -0.000147;-0.729283;-0.135668;,
  -0.000147;-0.713391;-0.139718;,
  -0.041258;-0.741261;-0.123545;,
  -0.048396;-0.727128;-0.127823;,
  -0.079373;-0.759541;-0.105691;,
  -0.093640;-0.751452;-0.105691;,
  -0.093640;-0.751452;-0.100631;,
  -0.079373;-0.759541;-0.100631;,
  -0.041258;-0.739795;-0.118702;,
  -0.048396;-0.725663;-0.122980;,
  -0.000147;-0.728034;-0.130765;,
  -0.000147;-0.712141;-0.134815;,
  0.057443;-0.718999;-0.124684;,
  0.057590;-0.702777;-0.127090;,
  0.091071;-0.710608;-0.094102;,
  0.091071;-0.694208;-0.094102;,
  0.097529;-0.708149;-0.068019;,
  0.097529;-0.691748;-0.068019;,
  0.107598;-0.691748;-0.037050;,
  0.102539;-0.691748;-0.037050;,
  0.096057;-0.694208;-0.010606;,
  0.100133;-0.694208;-0.007608;,
  0.056446;-0.703067;0.009605;,
  0.057774;-0.702988;0.014487;,
  -0.000147;-0.711808;0.015415;,
  -0.000147;-0.712748;0.020387;,
  -0.058393;-0.729377;0.013241;,
  -0.058724;-0.730805;0.018084;,
  -0.093640;-0.751452;0.008222;,
  -0.093640;-0.751452;0.013282;,
  0.107598;-0.708149;-0.037050;,
  0.100133;-0.710608;-0.007608;,
  0.096057;-0.710608;-0.010606;,
  0.102539;-0.708149;-0.037050;,
  0.058196;-0.719382;0.014636;,
  0.056868;-0.719461;0.009754;,
  -0.000147;-0.728863;0.017341;,
  -0.000147;-0.727924;0.012369;,
  -0.054963;-0.746185;0.013806;,
  -0.054631;-0.744757;0.008963;,
  -0.079373;-0.759541;0.013282;,
  -0.079373;-0.759541;0.008222;,
  0.107598;-0.691748;-0.037050;,
  0.100133;-0.694208;-0.007608;,
  0.100133;-0.710608;-0.007608;,
  0.107598;-0.708149;-0.037050;,
  0.057774;-0.702988;0.014487;,
  0.058196;-0.719382;0.014636;,
  -0.000147;-0.712748;0.020387;,
  -0.000147;-0.728863;0.017341;,
  -0.058724;-0.730805;0.018084;,
  -0.054963;-0.746185;0.013806;,
  -0.093640;-0.751452;0.013282;,
  -0.079373;-0.759541;0.013282;,
  -0.093640;-0.751452;0.008222;,
  -0.058393;-0.729377;0.013241;,
  -0.054631;-0.744757;0.008963;,
  -0.079373;-0.759541;0.008222;,
  -0.000147;-0.711808;0.015415;,
  -0.000147;-0.727924;0.012369;,
  0.056446;-0.703067;0.009605;,
  0.056868;-0.719461;0.009754;,
  0.096057;-0.694208;-0.010606;,
  0.096057;-0.710608;-0.010606;,
  0.102539;-0.691748;-0.037050;,
  0.102539;-0.708149;-0.037050;,
  0.102539;-0.708149;-0.037050;,
  0.102539;-0.691748;-0.037050;,
  0.097529;-0.691748;-0.068019;,
  0.097529;-0.708149;-0.068019;,
  0.102539;-0.708149;-0.037050;,
  0.097529;-0.708149;-0.068019;,
  0.102589;-0.708149;-0.068019;,
  0.107598;-0.708149;-0.037050;,
  0.107598;-0.708149;-0.037050;,
  0.102589;-0.708149;-0.068019;,
  0.102589;-0.691748;-0.068019;,
  0.107598;-0.691748;-0.037050;,
  0.102539;-0.691748;-0.037050;,
  0.107598;-0.691748;-0.037050;,
  0.102589;-0.691748;-0.068019;,
  0.097529;-0.691748;-0.068019;,
  -0.081873;-0.752916;0.024387;,
  -0.106335;-0.740776;0.011937;,
  -0.105919;-0.743345;0.017588;,
  -0.106335;-0.740776;0.011937;,
  -0.134478;-0.743370;0.007204;,
  -0.134062;-0.745939;0.012394;,
  -0.134062;-0.745939;0.012394;,
  -0.105919;-0.743345;0.017588;,
  -0.106335;-0.740776;0.011937;,
  -0.134478;-0.743370;0.007204;,
  -0.136356;-0.793753;0.004866;,
  -0.135940;-0.799051;0.009829;,
  -0.135940;-0.799051;0.009829;,
  -0.134062;-0.745939;0.012394;,
  -0.134478;-0.743370;0.007204;,
  -0.136356;-0.793753;0.004866;,
  -0.136130;-0.809445;-0.034347;,
  -0.135714;-0.814743;-0.033204;,
  -0.135714;-0.814743;-0.033204;,
  -0.135940;-0.799051;0.009829;,
  -0.136356;-0.793753;0.004866;,
  -0.136130;-0.809445;-0.034347;,
  -0.136130;-0.809445;-0.056176;,
  -0.135714;-0.814743;-0.057159;,
  -0.135714;-0.814743;-0.033204;,
  -0.136130;-0.809445;-0.056176;,
  -0.136356;-0.793753;-0.095389;,
  -0.135940;-0.799051;-0.100191;,
  -0.135940;-0.799051;-0.100191;,
  -0.135714;-0.814743;-0.057159;,
  -0.136130;-0.809445;-0.056176;,
  -0.136356;-0.793753;-0.095389;,
  -0.134478;-0.754331;-0.097727;,
  -0.134062;-0.756900;-0.102757;,
  -0.134062;-0.756900;-0.102757;,
  -0.135940;-0.799051;-0.100191;,
  -0.136356;-0.793753;-0.095389;,
  -0.134478;-0.754331;-0.097727;,
  -0.106335;-0.740776;-0.102460;,
  -0.105919;-0.743345;-0.107951;,
  -0.105919;-0.743345;-0.107951;,
  -0.134062;-0.756900;-0.102757;,
  -0.134478;-0.754331;-0.097727;,
  -0.106335;-0.740776;-0.102460;,
  -0.081873;-0.752916;-0.114910;,
  -0.105919;-0.743345;-0.107951;,
  -0.163554;-0.762027;-0.000222;,
  -0.166395;-0.793625;-0.004615;,
  -0.166245;-0.795608;-0.002319;,
  -0.166245;-0.795608;-0.002319;,
  -0.163404;-0.764010;0.002034;,
  -0.163554;-0.762027;-0.000222;,
  -0.166395;-0.793625;-0.004615;,
  -0.170312;-0.800626;-0.039864;,
  -0.170162;-0.802609;-0.039768;,
  -0.170162;-0.802609;-0.039768;,
  -0.166245;-0.795608;-0.002319;,
  -0.166395;-0.793625;-0.004615;,
  -0.170312;-0.800626;-0.039864;,
  -0.170312;-0.800626;-0.050660;,
  -0.170162;-0.802609;-0.050564;,
  -0.170162;-0.802609;-0.039768;,
  -0.170312;-0.800626;-0.050660;,
  -0.166395;-0.793625;-0.085908;,
  -0.166245;-0.795608;-0.088012;,
  -0.166245;-0.795608;-0.088012;,
  -0.170162;-0.802609;-0.050564;,
  -0.170312;-0.800626;-0.050660;,
  -0.166395;-0.793625;-0.085908;,
  -0.163554;-0.762027;-0.090302;,
  -0.163404;-0.764010;-0.092317;,
  -0.163404;-0.764010;-0.092317;,
  -0.166245;-0.795608;-0.088012;,
  -0.166395;-0.793625;-0.085908;,
  -0.163554;-0.762027;-0.090302;,
  -0.134478;-0.754331;-0.097727;,
  -0.163404;-0.764010;-0.092317;,
  -0.134478;-0.743370;0.007204;,
  -0.163554;-0.762027;-0.000222;,
  -0.163404;-0.764010;0.002034;,
  -0.134062;-0.756900;-0.102757;,
  -0.134062;-0.745939;0.012394;,
  -0.099452;-0.811412;-0.002441;,
  -0.099839;-0.813358;-0.001367;,
  -0.102833;-0.814442;-0.004491;,
  -0.102420;-0.812486;-0.005537;,
  -0.106803;-0.812867;-0.003200;,
  -0.106354;-0.810926;-0.004258;,
  -0.106354;-0.810926;-0.004258;,
  -0.106803;-0.812867;-0.003200;,
  -0.106261;-0.810810;0.000721;,
  -0.105817;-0.808887;-0.000371;,
  -0.101957;-0.811114;0.001854;,
  -0.101552;-0.809188;0.000752;,
  -0.101715;-0.813400;-0.001086;,
  -0.103269;-0.813963;-0.002707;,
  -0.105329;-0.813145;-0.002037;,
  -0.105329;-0.813145;-0.002037;,
  -0.105048;-0.812077;-0.000002;,
  -0.102814;-0.812235;0.000586;,
  -0.108594;-0.844752;0.016302;,
  -0.110082;-0.845300;0.014770;,
  -0.112042;-0.844514;0.015398;,
  -0.112042;-0.844514;0.015398;,
  -0.111777;-0.843469;0.017330;,
  -0.109634;-0.843616;0.017893;,
  -0.112164;-0.852079;0.021153;,
  -0.112164;-0.852079;0.021153;,
  -0.099452;-0.811412;-0.002441;,
  -0.102420;-0.812486;-0.005537;,
  -0.106354;-0.810926;-0.004258;,
  -0.105817;-0.808887;-0.000371;,
  -0.101552;-0.809188;0.000752;,
  -0.102158;-0.825713;-0.044648;,
  -0.102778;-0.827882;-0.044656;,
  -0.105618;-0.827017;-0.047986;,
  -0.104972;-0.824855;-0.047948;,
  -0.109528;-0.825838;-0.046192;,
  -0.108848;-0.823687;-0.046171;,
  -0.108848;-0.823687;-0.046171;,
  -0.109528;-0.825838;-0.046192;,
  -0.109106;-0.825975;-0.041753;,
  -0.108429;-0.823823;-0.041771;,
  -0.104934;-0.827238;-0.040804;,
  -0.104295;-0.825075;-0.040830;,
  -0.104667;-0.827853;-0.044475;,
  -0.106141;-0.827404;-0.046204;,
  -0.108171;-0.826793;-0.045273;,
  -0.108171;-0.826793;-0.045273;,
  -0.107951;-0.826864;-0.042969;,
  -0.105786;-0.827519;-0.042476;,
  -0.115315;-0.862770;-0.044548;,
  -0.116728;-0.862359;-0.046190;,
  -0.118658;-0.861765;-0.045308;,
  -0.118658;-0.861765;-0.045308;,
  -0.118450;-0.861805;-0.043106;,
  -0.116372;-0.862429;-0.042632;,
  -0.119811;-0.871098;-0.043923;,
  -0.119811;-0.871098;-0.043923;,
  -0.102158;-0.825713;-0.044648;,
  -0.104972;-0.824855;-0.047948;,
  -0.108848;-0.823687;-0.046171;,
  -0.108429;-0.823823;-0.041771;,
  -0.104295;-0.825075;-0.040830;,
  -0.099612;-0.809654;-0.090309;,
  -0.099955;-0.811737;-0.091104;,
  -0.102819;-0.810081;-0.094097;,
  -0.102450;-0.808013;-0.093276;,
  -0.106879;-0.810049;-0.092249;,
  -0.106474;-0.807981;-0.091444;,
  -0.106474;-0.807981;-0.091444;,
  -0.106879;-0.810049;-0.092249;,
  -0.106525;-0.811685;-0.088114;,
  -0.106123;-0.809602;-0.087346;,
  -0.102245;-0.812728;-0.087406;,
  -0.101882;-0.810636;-0.086645;,
  -0.101835;-0.811984;-0.091041;,
  -0.103322;-0.811124;-0.092594;,
  -0.105429;-0.811108;-0.091635;,
  -0.105429;-0.811108;-0.091635;,
  -0.105245;-0.811957;-0.089489;,
  -0.103024;-0.812498;-0.089121;,
  -0.108011;-0.845615;-0.103823;,
  -0.109434;-0.844814;-0.105305;,
  -0.111439;-0.844786;-0.104392;,
  -0.111439;-0.844786;-0.104392;,
  -0.111268;-0.845571;-0.102330;,
  -0.109137;-0.846087;-0.101975;,
  -0.111436;-0.854079;-0.106390;,
  -0.111436;-0.854079;-0.106390;,
  -0.099612;-0.809654;-0.090309;,
  -0.102450;-0.808013;-0.093276;,
  -0.106474;-0.807981;-0.091444;,
  -0.106123;-0.809602;-0.087346;,
  -0.101882;-0.810636;-0.086645;,
  -0.117736;-0.813541;-0.074353;,
  -0.118429;-0.815627;-0.074863;,
  -0.121051;-0.813934;-0.078050;,
  -0.120335;-0.811863;-0.077512;,
  -0.125012;-0.812996;-0.076223;,
  -0.124260;-0.810934;-0.075701;,
  -0.124260;-0.810934;-0.075701;,
  -0.125012;-0.812996;-0.076223;,
  -0.124837;-0.814109;-0.071907;,
  -0.124087;-0.812037;-0.071423;,
  -0.120768;-0.815735;-0.071066;,
  -0.120055;-0.813649;-0.070590;,
  -0.120322;-0.815553;-0.074767;,
  -0.121684;-0.814674;-0.076421;,
  -0.123739;-0.814187;-0.075473;,
  -0.123739;-0.814187;-0.075473;,
  -0.123648;-0.814765;-0.073233;,
  -0.121537;-0.815609;-0.072796;,
  -0.132138;-0.849108;-0.082952;,
  -0.133445;-0.848288;-0.084527;,
  -0.135398;-0.847813;-0.083626;,
  -0.135398;-0.847813;-0.083626;,
  -0.135312;-0.848337;-0.081478;,
  -0.133286;-0.849143;-0.081057;,
  -0.136944;-0.857162;-0.084367;,
  -0.136944;-0.857162;-0.084367;,
  -0.117736;-0.813541;-0.074353;,
  -0.120335;-0.811863;-0.077512;,
  -0.124260;-0.810934;-0.075701;,
  -0.124087;-0.812037;-0.071423;,
  -0.120055;-0.813649;-0.070590;,
  -0.123002;-0.818095;-0.044346;,
  -0.123718;-0.820234;-0.044389;,
  -0.126465;-0.819207;-0.047751;,
  -0.125725;-0.817077;-0.047678;,
  -0.130347;-0.817876;-0.046002;,
  -0.129573;-0.815758;-0.045944;,
  -0.129573;-0.815758;-0.045944;,
  -0.130347;-0.817876;-0.046002;,
  -0.129999;-0.818082;-0.041559;,
  -0.129228;-0.815962;-0.041541;,
  -0.125902;-0.819539;-0.040562;,
  -0.125168;-0.817406;-0.040553;,
  -0.125606;-0.820124;-0.044236;,
  -0.127032;-0.819591;-0.045981;,
  -0.129047;-0.818900;-0.045073;,
  -0.129047;-0.818900;-0.045073;,
  -0.128866;-0.819007;-0.042767;,
  -0.126740;-0.819763;-0.042250;,
  -0.137781;-0.854532;-0.044881;,
  -0.139149;-0.854040;-0.046538;,
  -0.141064;-0.853372;-0.045678;,
  -0.141064;-0.853372;-0.045678;,
  -0.140892;-0.853445;-0.043474;,
  -0.138851;-0.854166;-0.042976;,
  -0.142649;-0.862660;-0.044421;,
  -0.142649;-0.862660;-0.044421;,
  -0.123002;-0.818095;-0.044346;,
  -0.125725;-0.817077;-0.047678;,
  -0.129573;-0.815758;-0.045944;,
  -0.129228;-0.815962;-0.041541;,
  -0.125168;-0.817406;-0.040553;,
  -0.119699;-0.814948;-0.019052;,
  -0.120356;-0.816997;-0.018375;,
  -0.123371;-0.817074;-0.021661;,
  -0.122688;-0.815024;-0.022310;,
  -0.127149;-0.815280;-0.020108;,
  -0.126432;-0.813246;-0.020770;,
  -0.126432;-0.813246;-0.020770;,
  -0.127149;-0.815280;-0.020108;,
  -0.126468;-0.814094;-0.015862;,
  -0.125757;-0.812071;-0.016562;,
  -0.122270;-0.815155;-0.014790;,
  -0.121596;-0.813122;-0.015500;,
  -0.122230;-0.816852;-0.018115;,
  -0.123795;-0.816892;-0.019821;,
  -0.125756;-0.815960;-0.019015;,
  -0.125756;-0.815960;-0.019015;,
  -0.125402;-0.815345;-0.016811;,
  -0.123223;-0.815896;-0.016254;,
  -0.133456;-0.849800;-0.007119;,
  -0.134957;-0.849852;-0.008734;,
  -0.136821;-0.848957;-0.007974;,
  -0.136821;-0.848957;-0.007974;,
  -0.136483;-0.848341;-0.005876;,
  -0.134392;-0.848865;-0.005342;,
  -0.138049;-0.857400;-0.003784;,
  -0.138049;-0.857400;-0.003784;,
  -0.119699;-0.814948;-0.019052;,
  -0.122688;-0.815024;-0.022310;,
  -0.126432;-0.813246;-0.020770;,
  -0.125757;-0.812071;-0.016562;,
  -0.121596;-0.813122;-0.015500;,
  -0.151695;-0.801832;-0.072560;,
  -0.152029;-0.804015;-0.073024;,
  -0.155004;-0.802856;-0.076140;,
  -0.154644;-0.800684;-0.075648;,
  -0.159009;-0.802591;-0.074192;,
  -0.158612;-0.800422;-0.073718;,
  -0.158612;-0.800422;-0.073718;,
  -0.159009;-0.802591;-0.074192;,
  -0.158509;-0.803586;-0.069872;,
  -0.158117;-0.801408;-0.069436;,
  -0.154195;-0.804466;-0.069150;,
  -0.153842;-0.802279;-0.068721;,
  -0.153903;-0.804269;-0.072866;,
  -0.155447;-0.803668;-0.074483;,
  -0.157526;-0.803531;-0.073472;,
  -0.157526;-0.803531;-0.073472;,
  -0.157266;-0.804047;-0.071230;,
  -0.155027;-0.804503;-0.070855;,
  -0.159933;-0.839499;-0.080288;,
  -0.161411;-0.838944;-0.081827;,
  -0.163389;-0.838802;-0.080867;,
  -0.163389;-0.838802;-0.080867;,
  -0.163145;-0.839268;-0.078717;,
  -0.160998;-0.839701;-0.078356;,
  -0.163302;-0.848288;-0.081454;,
  -0.163302;-0.848288;-0.081454;,
  -0.151695;-0.801832;-0.072560;,
  -0.154644;-0.800684;-0.075648;,
  -0.158612;-0.800422;-0.073718;,
  -0.158117;-0.801408;-0.069436;,
  -0.153842;-0.802279;-0.068721;,
  -0.151279;-0.805445;-0.043587;,
  -0.151559;-0.807684;-0.043591;,
  -0.154498;-0.807270;-0.046922;,
  -0.154192;-0.805035;-0.046888;,
  -0.158543;-0.806703;-0.045129;,
  -0.158201;-0.804474;-0.045111;,
  -0.158201;-0.804474;-0.045111;,
  -0.158543;-0.806703;-0.045129;,
  -0.158105;-0.806766;-0.040690;,
  -0.157767;-0.804536;-0.040712;,
  -0.153789;-0.807372;-0.039739;,
  -0.153489;-0.805136;-0.039770;,
  -0.153430;-0.807945;-0.043410;,
  -0.154955;-0.807731;-0.045139;,
  -0.157055;-0.807436;-0.044208;,
  -0.157055;-0.807436;-0.044208;,
  -0.156827;-0.807469;-0.041904;,
  -0.154587;-0.807783;-0.041411;,
  -0.158588;-0.844083;-0.043419;,
  -0.160048;-0.843897;-0.045061;,
  -0.162046;-0.843605;-0.044179;,
  -0.162046;-0.843605;-0.044179;,
  -0.161834;-0.843608;-0.041977;,
  -0.159685;-0.843905;-0.041502;,
  -0.161752;-0.853002;-0.042778;,
  -0.161752;-0.853002;-0.042778;,
  -0.151279;-0.805445;-0.043587;,
  -0.154192;-0.805035;-0.046888;,
  -0.158201;-0.804474;-0.045111;,
  -0.157767;-0.804536;-0.040712;,
  -0.153489;-0.805136;-0.039770;,
  -0.150947;-0.802324;-0.020085;,
  -0.151363;-0.804465;-0.019508;,
  -0.154216;-0.804790;-0.022921;,
  -0.153776;-0.802646;-0.023468;,
  -0.158249;-0.803549;-0.021470;,
  -0.157772;-0.801417;-0.022030;,
  -0.157772;-0.801417;-0.022030;,
  -0.158249;-0.803549;-0.021470;,
  -0.157887;-0.802458;-0.017160;,
  -0.157413;-0.800335;-0.017758;,
  -0.153631;-0.803024;-0.015947;,
  -0.153196;-0.800895;-0.016556;,
  -0.153249;-0.804567;-0.019323;,
  -0.154730;-0.804736;-0.021095;,
  -0.156823;-0.804092;-0.020342;,
  -0.156823;-0.804092;-0.020342;,
  -0.156635;-0.803525;-0.018105;,
  -0.154426;-0.803819;-0.017475;,
  -0.160595;-0.839081;-0.009974;,
  -0.162014;-0.839257;-0.011652;,
  -0.164004;-0.838634;-0.010943;,
  -0.164004;-0.838634;-0.010943;,
  -0.163828;-0.838065;-0.008811;,
  -0.161710;-0.838342;-0.008207;,
  -0.164305;-0.847326;-0.007106;,
  -0.164305;-0.847326;-0.007106;,
  -0.150947;-0.802324;-0.020085;,
  -0.153776;-0.802646;-0.023468;,
  -0.157772;-0.801417;-0.022030;,
  -0.157413;-0.800335;-0.017758;,
  -0.153196;-0.800895;-0.016556;,
  -0.183115;-0.796626;-0.045442;,
  -0.183473;-0.798847;-0.045260;,
  -0.186412;-0.798607;-0.048608;,
  -0.186027;-0.796389;-0.048760;,
  -0.190426;-0.797752;-0.046861;,
  -0.190006;-0.795542;-0.047028;,
  -0.190006;-0.795542;-0.047028;,
  -0.190426;-0.797752;-0.046861;,
  -0.189969;-0.797462;-0.042432;,
  -0.189553;-0.795255;-0.042640;,
  -0.185672;-0.798139;-0.041443;,
  -0.185294;-0.795925;-0.041659;,
  -0.185351;-0.799026;-0.045054;,
  -0.186876;-0.798902;-0.046792;,
  -0.188960;-0.798458;-0.045885;,
  -0.188960;-0.798458;-0.045885;,
  -0.188722;-0.798308;-0.043587;,
  -0.186492;-0.798659;-0.043073;,
  -0.191769;-0.834837;-0.042058;,
  -0.193229;-0.834735;-0.043707;,
  -0.195212;-0.834302;-0.042849;,
  -0.195212;-0.834302;-0.042849;,
  -0.194989;-0.834130;-0.040654;,
  -0.192850;-0.834462;-0.040160;,
  -0.195239;-0.843555;-0.040674;,
  -0.195239;-0.843555;-0.040674;,
  -0.183115;-0.796626;-0.045442;,
  -0.186027;-0.796389;-0.048760;,
  -0.190006;-0.795542;-0.047028;,
  -0.189553;-0.795255;-0.042640;,
  -0.185294;-0.795925;-0.041659;,
  -0.180440;-0.792677;-0.021645;,
  -0.181104;-0.794774;-0.021143;,
  -0.183529;-0.794861;-0.024886;,
  -0.182843;-0.792764;-0.025355;,
  -0.187590;-0.793278;-0.023935;,
  -0.186868;-0.791195;-0.024413;,
  -0.186868;-0.791195;-0.024413;,
  -0.187590;-0.793278;-0.023935;,
  -0.187675;-0.792213;-0.019604;,
  -0.186953;-0.790139;-0.020120;,
  -0.183667;-0.793138;-0.017878;,
  -0.182980;-0.791056;-0.018410;,
  -0.183000;-0.794715;-0.021194;,
  -0.184259;-0.794760;-0.023138;,
  -0.186367;-0.793938;-0.022644;,
  -0.186367;-0.793938;-0.022644;,
  -0.186411;-0.793385;-0.020396;,
  -0.184330;-0.793865;-0.019500;,
  -0.194353;-0.828458;-0.013129;,
  -0.195562;-0.828516;-0.014972;,
  -0.197566;-0.827724;-0.014509;,
  -0.197566;-0.827724;-0.014509;,
  -0.197608;-0.827168;-0.012367;,
  -0.195612;-0.827624;-0.011508;,
  -0.199077;-0.836351;-0.010815;,
  -0.199077;-0.836351;-0.010815;,
  -0.180440;-0.792677;-0.021645;,
  -0.182843;-0.792764;-0.025355;,
  -0.186868;-0.791195;-0.024413;,
  -0.186953;-0.790139;-0.020120;,
  -0.182980;-0.791056;-0.018410;,
  -0.180220;-0.792887;-0.067621;,
  -0.180557;-0.795080;-0.068029;,
  -0.183413;-0.793995;-0.071280;,
  -0.183051;-0.791812;-0.070842;,
  -0.187480;-0.793641;-0.069480;,
  -0.187082;-0.791461;-0.069058;,
  -0.187082;-0.791461;-0.069058;,
  -0.187480;-0.793641;-0.069480;,
  -0.187137;-0.794507;-0.065117;,
  -0.186741;-0.792319;-0.064734;,
  -0.182858;-0.795396;-0.064220;,
  -0.182501;-0.793200;-0.063846;,
  -0.182437;-0.795316;-0.067928;,
  -0.183919;-0.794753;-0.069615;,
  -0.186030;-0.794569;-0.068681;,
  -0.186030;-0.794569;-0.068681;,
  -0.185852;-0.795018;-0.066416;,
  -0.183631;-0.795480;-0.065951;,
  -0.188509;-0.830710;-0.074483;,
  -0.189928;-0.830192;-0.076088;,
  -0.191936;-0.830005;-0.075201;,
  -0.191936;-0.830005;-0.075201;,
  -0.191771;-0.830407;-0.073031;,
  -0.189640;-0.830845;-0.072583;,
  -0.191910;-0.839505;-0.075498;,
  -0.191910;-0.839505;-0.075498;,
  -0.180220;-0.792887;-0.067621;,
  -0.183051;-0.791812;-0.070842;,
  -0.187082;-0.791461;-0.069058;,
  -0.186741;-0.792319;-0.064734;,
  -0.182501;-0.793200;-0.063846;;
  698;
  3;0,1,2;,
  3;2,3,0;,
  3;4,5,6;,
  3;6,7,4;,
  3;8,4,7;,
  3;9,10,11;,
  3;11,12,9;,
  3;5,4,13;,
  3;13,14,5;,
  3;13,4,8;,
  3;8,15,13;,
  3;16,9,12;,
  3;17,18,7;,
  3;7,6,17;,
  3;16,12,19;,
  3;0,3,20;,
  3;20,21,0;,
  3;22,23,24;,
  3;24,25,22;,
  3;26,27,28;,
  3;28,29,26;,
  3;30,27,26;,
  3;30,22,25;,
  3;25,31,30;,
  3;29,32,33;,
  3;33,26,29;,
  3;26,33,34;,
  3;34,30,26;,
  3;34,22,30;,
  3;35,28,27;,
  3;27,36,35;,
  3;27,30,36;,
  3;30,31,36;,
  3;34,37,22;,
  3;22,37,38;,
  3;38,23,22;,
  3;39,40,41;,
  3;41,42,39;,
  3;43,44,45;,
  3;45,46,43;,
  3;45,47,48;,
  3;48,46,45;,
  3;47,49,50;,
  3;50,48,47;,
  3;49,51,52;,
  3;52,50,49;,
  3;52,51,53;,
  3;53,54,52;,
  3;53,55,56;,
  3;56,54,53;,
  3;55,57,58;,
  3;58,56,55;,
  3;59,60,61;,
  3;61,62,59;,
  3;63,64,65;,
  3;65,66,63;,
  3;67,64,63;,
  3;68,69,70;,
  3;70,71,68;,
  3;66,72,73;,
  3;73,63,66;,
  3;67,63,73;,
  3;73,74,67;,
  3;75,69,68;,
  3;76,65,64;,
  3;64,77,76;,
  3;75,78,69;,
  3;59,79,20;,
  3;20,60,59;,
  3;80,81,82;,
  3;82,83,80;,
  3;84,85,86;,
  3;86,87,84;,
  3;88,84,87;,
  3;88,89,81;,
  3;81,80,88;,
  3;85,84,90;,
  3;90,91,85;,
  3;84,88,92;,
  3;92,90,84;,
  3;92,88,80;,
  3;93,94,87;,
  3;87,86,93;,
  3;87,94,88;,
  3;88,94,89;,
  3;92,80,95;,
  3;80,83,38;,
  3;38,95,80;,
  3;96,97,98;,
  3;98,99,96;,
  3;98,97,41;,
  3;41,40,98;,
  3;100,101,102;,
  3;102,103,100;,
  3;102,101,104;,
  3;104,105,102;,
  3;105,104,106;,
  3;106,107,105;,
  3;107,106,108;,
  3;108,109,107;,
  3;108,110,111;,
  3;111,109,108;,
  3;111,110,112;,
  3;112,113,111;,
  3;113,112,96;,
  3;96,99,113;,
  3;114,115,116;,
  3;117,118,115;,
  3;115,114,117;,
  3;119,120,118;,
  3;118,117,119;,
  3;121,122,120;,
  3;120,119,121;,
  3;21,20,79;,
  3;19,78,75;,
  3;75,16,19;,
  3;15,74,73;,
  3;73,13,15;,
  3;14,13,73;,
  3;73,72,14;,
  3;44,43,100;,
  3;100,103,44;,
  3;123,124,125;,
  3;125,126,123;,
  3;124,127,128;,
  3;128,125,124;,
  3;127,129,130;,
  3;130,128,127;,
  3;129,131,132;,
  3;132,130,129;,
  3;131,133,134;,
  3;134,132,131;,
  3;135,136,137;,
  3;137,138,135;,
  3;138,137,139;,
  3;139,140,138;,
  3;140,139,141;,
  3;141,142,140;,
  3;142,141,143;,
  3;143,144,142;,
  3;144,143,145;,
  3;145,146,144;,
  3;147,148,149;,
  3;149,150,147;,
  3;150,149,151;,
  3;151,152,150;,
  3;152,151,153;,
  3;153,154,152;,
  3;154,153,155;,
  3;155,156,154;,
  3;156,155,157;,
  3;157,158,156;,
  3;159,160,161;,
  3;161,162,159;,
  3;162,161,163;,
  3;163,164,162;,
  3;164,163,165;,
  3;165,166,164;,
  3;166,165,167;,
  3;167,168,166;,
  3;168,167,169;,
  3;169,170,168;,
  3;171,172,173;,
  3;173,174,171;,
  3;174,173,175;,
  3;175,176,174;,
  3;176,175,177;,
  3;177,178,176;,
  3;178,177,179;,
  3;179,180,178;,
  3;180,179,181;,
  3;181,182,180;,
  3;183,184,185;,
  3;185,186,183;,
  3;184,187,188;,
  3;188,185,184;,
  3;187,189,190;,
  3;190,188,187;,
  3;189,191,192;,
  3;192,190,189;,
  3;191,193,194;,
  3;194,192,191;,
  3;195,196,197;,
  3;197,198,195;,
  3;196,199,200;,
  3;200,197,196;,
  3;199,201,202;,
  3;202,200,199;,
  3;201,203,204;,
  3;204,202,201;,
  3;203,205,206;,
  3;206,204,203;,
  3;207,208,209;,
  3;209,210,207;,
  3;208,211,212;,
  3;212,209,208;,
  3;211,213,214;,
  3;214,212,211;,
  3;213,215,216;,
  3;216,214,213;,
  3;215,217,218;,
  3;218,216,215;,
  3;219,220,221;,
  3;221,222,219;,
  3;223,224,225;,
  3;225,226,223;,
  3;227,228,229;,
  3;229,230,227;,
  3;231,232,233;,
  3;233,234,231;,
  3;235,236,237;,
  3;238,239,240;,
  3;241,242,243;,
  3;244,245,246;,
  3;247,248,249;,
  3;250,251,252;,
  3;253,254,255;,
  3;256,257,258;,
  3;258,259,256;,
  3;260,261,262;,
  3;263,264,265;,
  3;266,267,268;,
  3;269,270,271;,
  3;272,273,274;,
  3;275,276,277;,
  3;278,279,280;,
  3;281,282,283;,
  3;284,285,286;,
  3;287,288,289;,
  3;290,291,292;,
  3;293,294,295;,
  3;295,296,293;,
  3;297,298,299;,
  3;300,301,302;,
  3;303,304,305;,
  3;306,307,308;,
  3;309,310,311;,
  3;312,313,314;,
  3;315,77,64;,
  3;64,67,315;,
  3;7,18,316;,
  3;316,8,7;,
  3;317,318,319;,
  3;319,320,317;,
  3;320,319,321;,
  3;321,322,320;,
  3;323,324,325;,
  3;325,326,323;,
  3;326,325,327;,
  3;327,328,326;,
  3;328,327,318;,
  3;318,317,328;,
  3;318,329,330;,
  3;330,319,318;,
  3;319,330,331;,
  3;331,321,319;,
  3;324,332,333;,
  3;333,325,324;,
  3;325,333,334;,
  3;334,327,325;,
  3;327,334,329;,
  3;329,318,327;,
  3;329,335,336;,
  3;336,330,329;,
  3;330,336,337;,
  3;337,331,330;,
  3;332,338,339;,
  3;339,333,332;,
  3;333,339,340;,
  3;340,334,333;,
  3;334,340,335;,
  3;335,329,334;,
  3;335,341,336;,
  3;336,341,337;,
  3;338,342,339;,
  3;339,342,340;,
  3;340,341,335;,
  3;343,344,345;,
  3;343,345,346;,
  3;343,346,347;,
  3;348,349,350;,
  3;350,351,348;,
  3;351,350,352;,
  3;352,353,351;,
  3;354,355,356;,
  3;356,357,354;,
  3;357,356,358;,
  3;358,359,357;,
  3;359,358,349;,
  3;349,348,359;,
  3;349,360,361;,
  3;361,350,349;,
  3;350,361,362;,
  3;362,352,350;,
  3;355,363,364;,
  3;364,356,355;,
  3;356,364,365;,
  3;365,358,356;,
  3;358,365,360;,
  3;360,349,358;,
  3;360,366,367;,
  3;367,361,360;,
  3;361,367,368;,
  3;368,362,361;,
