xof 0303txt 0032
template ColorRGBA {
 <35ff44e0-6c7c-11cf-8f52-0040333594a3>
 FLOAT red;
 FLOAT green;
 FLOAT blue;
 FLOAT alpha;
}

template ColorRGB {
 <d3e16e81-7835-11cf-8f52-0040333594a3>
 FLOAT red;
 FLOAT green;
 FLOAT blue;
}

template Material {
 <3d82ab4d-62da-11cf-ab39-0020af71e433>
 ColorRGBA faceColor;
 FLOAT power;
 ColorRGB specularColor;
 ColorRGB emissiveColor;
 [...]
}

template TextureFilename {
 <a42790e1-7810-11cf-8f52-0040333594a3>
 STRING filename;
}

template Frame {
 <3d82ab46-62da-11cf-ab39-0020af71e433>
 [...]
}

template Matrix4x4 {
 <f6f23f45-7686-11cf-8f52-0040333594a3>
 array FLOAT matrix[16];
}

template FrameTransformMatrix {
 <f6f23f41-7686-11cf-8f52-0040333594a3>
 Matrix4x4 frameMatrix;
}

template Vector {
 <3d82ab5e-62da-11cf-ab39-0020af71e433>
 FLOAT x;
 FLOAT y;
 FLOAT z;
}

template MeshFace {
 <3d82ab5f-62da-11cf-ab39-0020af71e433>
 DWORD nFaceVertexIndices;
 array DWORD faceVertexIndices[nFaceVertexIndices];
}

template Mesh {
 <3d82ab44-62da-11cf-ab39-0020af71e433>
 DWORD nVertices;
 array Vector vertices[nVertices];
 DWORD nFaces;
 array MeshFace faces[nFaces];
 [...]
}

template MeshNormals {
 <f6f23f43-7686-11cf-8f52-0040333594a3>
 DWORD nNormals;
 array Vector normals[nNormals];
 DWORD nFaceNormals;
 array MeshFace faceNormals[nFaceNormals];
}

template MeshMaterialList {
 <f6f23f42-7686-11cf-8f52-0040333594a3>
 DWORD nMaterials;
 DWORD nFaceIndexes;
 array DWORD faceIndexes[nFaceIndexes];
 [Material <3d82ab4d-62da-11cf-ab39-0020af71e433>]
}

template Coords2d {
 <f6f23f44-7686-11cf-8f52-0040333594a3>
 FLOAT u;
 FLOAT v;
}

template MeshTextureCoords {
 <f6f23f40-7686-11cf-8f52-0040333594a3>
 DWORD nTextureCoords;
 array Coords2d textureCoords[nTextureCoords];
}

template XSkinMeshHeader {
 <3cf169ce-ff7c-44ab-93c0-f78f62d172e2>
 WORD nMaxSkinWeightsPerVertex;
 WORD nMaxSkinWeightsPerFace;
 WORD nBones;
}

template SkinWeights {
 <6f0d123b-bad2-4167-a0d0-80224f25fabb>
 STRING transformNodeName;
 DWORD nWeights;
 array DWORD vertexIndices[nWeights];
 array FLOAT weights[nWeights];
 Matrix4x4 matrixOffset;
}

template AnimTicksPerSecond {
 <9e415a43-7ba6-4a73-8743-b73d47e88476>
 DWORD AnimTicksPerSecond;
}

template Animation {
 <3d82ab4f-62da-11cf-ab39-0020af71e433>
 [...]
}

template AnimationSet {
 <3d82ab50-62da-11cf-ab39-0020af71e433>
 [Animation <3d82ab4f-62da-11cf-ab39-0020af71e433>]
}

template FloatKeys {
 <10dd46a9-775b-11cf-8f52-0040333594a3>
 DWORD nValues;
 array FLOAT values[nValues];
}

template TimedFloatKeys {
 <f406b180-7b3b-11cf-8f52-0040333594a3>
 DWORD time;
 FloatKeys tfkeys;
}

template AnimationKey {
 <10dd46a8-775b-11cf-8f52-0040333594a3>
 DWORD keyType;
 DWORD nKeys;
 array TimedFloatKeys keys[nKeys];
}


Material _04_-_Default {
 1.000000;1.000000;1.000000;1.000000;;
 100.000000;
 0.200000;0.200000;0.200000;;
 0.000000;0.000000;0.000000;;

 TextureFilename {
  "VambaceTire_R.png";
 }
}

Material _06_-_Defaultcc {
 1.000000;1.000000;1.000000;1.000000;;
 100.000000;
 0.200000;0.200000;0.200000;;
 0.000000;0.000000;0.000000;;

 TextureFilename {
  "Cuirass.png";
 }
}

Frame Dummy01 {
 

 FrameTransformMatrix {
  1.000000,0.000000,0.000000,0.000000,0.000000,-0.000000,-1.000000,0.000000,0.000000,1.000000,-0.000000,0.000000,0.000000,0.000000,0.000000,1.000000;;
 }

 Frame Bip01 {
  

  FrameTransformMatrix {
   -0.087155,0.982405,-0.165183,0.000000,-0.000001,0.165814,0.986157,0.000000,0.996195,0.085949,-0.014450,0.000000,-0.010000,-0.012284,0.490453,1.000000;;
  }

  Frame Bip01_Pelvis {
   

   FrameTransformMatrix {
    0.000000,1.000000,-0.000001,0.000000,-0.000001,0.000001,1.000000,0.000000,1.000000,0.000000,0.000001,0.000000,0.000000,0.000000,0.000000,1.000000;;
   }

   Frame Bip01_Spine {
    

    FrameTransformMatrix {
     0.984686,0.000002,-0.174337,0.000000,-0.000001,1.000000,0.000004,0.000000,0.174337,-0.000004,0.984686,0.000000,0.051619,0.000000,-0.000083,1.000000;;
    }

    Frame Bip01_Spine1 {
     

     FrameTransformMatrix {
      0.997819,0.052687,0.039774,0.000000,-0.044862,0.983198,-0.176942,0.000000,-0.048428,0.174771,0.983417,0.000000,0.106484,-0.000015,-0.000083,1.000000;;
     }

     Frame Bip01_Neck {
      

      FrameTransformMatrix {
       0.966067,-0.020835,0.257451,0.000000,0.025191,0.999590,-0.013632,0.000000,-0.257061,0.019655,0.966195,0.000000,0.130511,-0.000001,0.004626,1.000000;;
      }

      Frame Bip01_Head {
       

       FrameTransformMatrix {
        0.989321,-0.051753,-0.136255,0.000000,0.064251,0.993958,0.088989,0.000000,0.130826,-0.096793,0.986669,0.000000,0.033674,-0.000000,-0.000000,1.000000;;
       }
      }

      Frame Bip01_L_Clavicle {
       

       FrameTransformMatrix {
        -0.205975,0.976135,0.068811,0.000000,0.943873,0.216738,-0.249254,0.000000,-0.258220,0.013609,-0.965990,0.000000,-0.024734,0.015166,0.002017,1.000000;;
       }

       Frame Bip01_L_UpperArm {
        

        FrameTransformMatrix {
         0.385871,-0.777669,0.496320,0.000000,0.922466,0.332598,-0.196046,0.000000,-0.012616,0.533487,0.845714,0.000000,0.087086,-0.000000,0.000000,1.000000;;
        }

        Frame Bip01_L_Forearm {
         

         FrameTransformMatrix {
          0.943939,0.000000,-0.330119,0.000000,0.000000,1.000000,-0.000000,0.000000,0.330119,-0.000000,0.943939,0.000000,0.137062,-0.000000,0.000000,1.000000;;
         }

         Frame Bip01_L_Hand {
          

          FrameTransformMatrix {
           1.000000,-0.000000,0.000000,0.000000,0.000000,0.000796,1.000000,0.000000,0.000000,-1.000000,0.000796,0.000000,0.137062,0.000000,0.000000,1.000000;;
          }

          Frame Bip01_L_Finger0 {
           

           FrameTransformMatrix {
            0.690342,-0.181727,0.700288,0.000000,0.558537,0.749101,-0.356210,0.000000,-0.459853,0.637043,0.618637,0.000000,0.057681,-0.023605,-0.000272,1.000000;;
           }
          }

          Frame Bip01_L_Finger1 {
           

           FrameTransformMatrix {
            0.728079,-0.000546,0.685493,0.000000,0.000000,1.000000,0.000796,0.000000,-0.685493,-0.000580,0.728079,0.000000,0.084102,0.000000,0.000000,1.000000;;
           }
          }
         }

         Frame Bob_VambraceMagazine_L {
          

          FrameTransformMatrix {
           1.000000,-0.000000,-0.000000,0.000000,0.000000,1.000000,-0.000000,0.000000,0.000000,0.000000,1.000000,0.000000,0.000000,-0.000000,0.000000,1.000000;;
          }

          Mesh Bob_VambraceMagazine_L {
           156;
           0.130740;0.017863;0.006728;,
           0.084730;0.019309;-0.019446;,
           0.133722;0.014441;-0.015123;,
           0.081353;0.023927;0.004557;,
           0.083173;0.026968;-0.013892;,
           0.129862;0.024617;0.007283;,
           0.131718;0.024443;-0.008314;,
           0.080819;0.028009;0.004911;,
           0.010432;0.033889;-0.019736;,
           0.006925;0.026197;0.001012;,
           0.007949;0.033450;0.001817;,
           0.012109;0.031323;-0.031371;,
           0.010528;0.023138;-0.026484;,
           0.128336;0.022006;0.022929;,
           0.130740;0.017863;0.006728;,
           0.129862;0.024617;0.007283;,
           0.127952;0.015934;0.032400;,
           0.129155;0.010812;0.027409;,
           0.079702;0.014489;0.028304;,
           0.004409;-0.005241;0.034760;,
           0.004653;0.017421;0.029294;,
           0.079072;-0.003343;0.032171;,
           0.128207;-0.002200;0.028995;,
           0.127523;-0.002453;0.035067;,
           0.127952;0.015934;0.032400;,
           0.078430;-0.003582;0.037872;,
           0.127523;-0.002453;0.035067;,
           0.078546;0.018872;0.033480;,
           0.004653;0.017421;0.029294;,
           0.004843;-0.005341;0.040598;,
           0.005082;0.024026;0.035816;,
           0.004409;-0.005241;0.034760;,
           0.085414;0.000523;-0.025786;,
           0.133396;0.002046;-0.019448;,
           0.012176;-0.001713;-0.034859;,
           0.013741;-0.000178;-0.040313;,
           0.084758;0.023454;-0.023885;,
           0.013741;-0.000178;-0.040313;,
           0.012109;0.031323;-0.031371;,
           0.085982;0.000732;-0.030834;,
           0.133722;0.014441;-0.015123;,
           0.133914;0.002238;-0.024044;,
           0.133486;0.019833;-0.018630;,
           0.133396;0.002046;-0.019448;,
           0.129155;0.010812;0.027409;,
           0.005646;0.029414;0.025514;,
           0.007949;0.033450;0.001817;,
           0.078903;0.025008;0.024485;,
           0.005646;0.029414;0.025514;,
           0.131718;0.024443;-0.008314;,
           0.128207;-0.002200;0.028995;,
           0.079945;-0.020839;0.026126;,
           0.127740;-0.011808;0.026247;,
           0.127666;-0.015172;0.030312;,
           0.127740;-0.011808;0.026247;,
           0.008099;-0.035913;0.031246;,
           0.004843;-0.005341;0.040598;,
           0.079673;-0.023230;0.030847;,
           0.006533;-0.030143;0.025622;,
           0.008099;-0.035913;0.031246;,
           0.012639;-0.026094;-0.030412;,
           0.012176;-0.001713;-0.034859;,
           0.085523;-0.019390;-0.022839;,
           0.012639;-0.026094;-0.030412;,
           0.015519;-0.030663;-0.037183;,
           0.133914;0.002238;-0.024044;,
           0.086053;-0.020004;-0.026714;,
           0.133844;-0.015836;-0.021518;,
           0.133844;-0.015836;-0.021518;,
           0.132915;-0.012668;-0.016863;,
           0.010528;0.023138;-0.026484;,
           0.006925;0.026197;0.001012;,
           0.010432;0.033889;-0.019736;,
           0.005082;0.024026;0.035816;,
           0.133486;0.019833;-0.018630;,
           0.128336;0.022006;0.022929;,
           0.006533;-0.030143;0.025622;,
           0.127666;-0.015172;0.030312;,
           0.132915;-0.012668;-0.016863;,
           0.015519;-0.030663;-0.037183;,
           0.079945;-0.020839;0.026126;,
           0.008099;-0.035913;0.031246;,
           0.006533;-0.030143;0.025622;,
           0.079673;-0.023230;0.030847;,
           0.127666;-0.015172;0.030312;,
           0.127740;-0.011808;0.026247;,
           0.015519;-0.030663;-0.037183;,
           0.085523;-0.019390;-0.022839;,
           0.012639;-0.026094;-0.030412;,
           0.086053;-0.020004;-0.026714;,
           0.133844;-0.015836;-0.021518;,
           0.132915;-0.012668;-0.016863;,
           0.050253;-0.025414;-0.032027;,
           0.035062;-0.033023;-0.002074;,
           0.033829;-0.027896;-0.034465;,
           0.051420;-0.031054;-0.000148;,
           0.036641;-0.030855;0.031087;,
           0.052221;-0.028093;0.030997;,
           0.050310;-0.022437;-0.027365;,
           0.034750;-0.030624;-0.001876;,
           0.051108;-0.028655;0.000049;,
           0.033421;-0.023973;-0.029124;,
           0.037761;-0.026160;0.025808;,
           0.052357;-0.024330;0.025992;,
           0.050253;-0.025414;-0.032027;,
           0.033421;-0.023973;-0.029124;,
           0.050310;-0.022437;-0.027365;,
           0.033829;-0.027896;-0.034465;,
           0.033829;-0.027896;-0.034465;,
           0.034750;-0.030624;-0.001876;,
           0.033421;-0.023973;-0.029124;,
           0.035062;-0.033023;-0.002074;,
           0.037761;-0.026160;0.025808;,
           0.036641;-0.030855;0.031087;,
           0.036641;-0.030855;0.031087;,
           0.052357;-0.024330;0.025992;,
           0.037761;-0.026160;0.025808;,
           0.052221;-0.028093;0.030997;,
           0.052221;-0.028093;0.030997;,
           0.051108;-0.028655;0.000049;,
           0.052357;-0.024330;0.025992;,
           0.051420;-0.031054;-0.000148;,
           0.050310;-0.022437;-0.027365;,
           0.050253;-0.025414;-0.032027;,
           0.092692;-0.019415;-0.025986;,
           0.083094;-0.027242;0.003581;,
           0.076181;-0.021526;-0.028198;,
           0.098374;-0.025403;0.005379;,
           0.087241;-0.021959;0.030763;,
           0.104091;-0.019130;0.030575;,
           0.093435;-0.018229;-0.022035;,
           0.082782;-0.024843;0.003778;,
           0.098062;-0.023005;0.005577;,
           0.076094;-0.020257;-0.023819;,
           0.086120;-0.019672;0.026142;,
           0.102502;-0.016577;0.026183;,
           0.092692;-0.019415;-0.025986;,
           0.076094;-0.020257;-0.023819;,
           0.093435;-0.018229;-0.022035;,
           0.076181;-0.021526;-0.028198;,
           0.076181;-0.021526;-0.028198;,
           0.082782;-0.024843;0.003778;,
           0.076094;-0.020257;-0.023819;,
           0.083094;-0.027242;0.003581;,
           0.086120;-0.019672;0.026142;,
           0.087241;-0.021959;0.030763;,
           0.087241;-0.021959;0.030763;,
           0.102502;-0.016577;0.026183;,
           0.086120;-0.019672;0.026142;,
           0.104091;-0.019130;0.030575;,
           0.104091;-0.019130;0.030575;,
           0.098062;-0.023005;0.005577;,
           0.102502;-0.016577;0.026183;,
           0.098374;-0.025403;0.005379;,
           0.093435;-0.018229;-0.022035;,
           0.092692;-0.019415;-0.025986;;
           132;
           3;0,1,2;,
           3;1,0,3;,
           3;4,5,6;,
           3;5,4,7;,
           3;8,9,10;,
           3;11,9,8;,
           3;12,9,11;,
           3;13,14,15;,
           3;16,14,13;,
           3;17,14,16;,
           3;18,19,20;,
           3;19,18,21;,
           3;16,22,17;,
           3;22,16,23;,
           3;24,25,26;,
           3;25,24,27;,
           3;28,29,30;,
           3;29,28,31;,
           3;2,32,33;,
           3;32,2,1;,
           3;11,34,12;,
           3;34,11,35;,
           3;36,37,38;,
           3;37,36,39;,
           3;40,41,42;,
           3;41,40,43;,
           3;0,18,3;,
           3;18,0,44;,
           3;45,7,46;,
           3;7,45,47;,
           3;48,28,30;,
           3;10,28,48;,
           3;9,28,10;,
           3;49,40,42;,
           3;15,40,49;,
           3;14,40,15;,
           3;50,51,21;,
           3;51,50,52;,
           3;53,22,23;,
           3;22,53,54;,
           3;55,25,56;,
           3;25,55,57;,
           3;58,29,31;,
           3;29,58,59;,
           3;60,32,61;,
           3;32,60,62;,
           3;35,63,34;,
           3;63,35,64;,
           3;65,66,39;,
           3;66,65,67;,
           3;43,68,41;,
           3;68,43,69;,
           3;3,70,1;,
           3;70,3,71;,
           3;72,7,4;,
           3;7,72,46;,
           3;44,21,18;,
           3;21,44,50;,
           3;27,56,25;,
           3;56,27,73;,
           3;1,61,32;,
           3;61,1,70;,
           3;74,39,36;,
           3;39,74,65;,
           3;20,3,18;,
           3;3,20,71;,
           3;47,5,7;,
           3;5,47,75;,
           3;76,21,51;,
           3;21,76,19;,
           3;57,26,25;,
           3;26,57,77;,
           3;62,33,32;,
           3;33,62,78;,
           3;79,39,66;,
           3;39,79,37;,
           3;4,74,36;,
           3;74,4,6;,
           3;47,73,27;,
           3;73,47,45;,
           3;38,4,36;,
           3;4,38,72;,
           3;75,27,24;,
           3;27,75,47;,
           3;80,81,82;,
           3;81,80,83;,
           3;80,84,83;,
           3;84,80,85;,
           3;86,87,88;,
           3;87,86,89;,
           3;87,90,91;,
           3;90,87,89;,
           3;92,93,94;,
           3;93,92,95;,
           3;95,96,93;,
           3;96,95,97;,
           3;98,99,100;,
           3;99,98,101;,
           3;100,102,103;,
           3;102,100,99;,
           3;104,105,106;,
           3;105,104,107;,
           3;108,109,110;,
           3;109,108,111;,
           3;111,112,109;,
           3;112,111,113;,
           3;114,115,116;,
           3;115,114,117;,
           3;118,119,120;,
           3;119,118,121;,
           3;121,122,119;,
           3;122,121,123;,
           3;124,125,126;,
           3;125,124,127;,
           3;127,128,125;,
           3;128,127,129;,
           3;130,131,132;,
           3;131,130,133;,
           3;132,134,135;,
           3;134,132,131;,
           3;136,137,138;,
           3;137,136,139;,
           3;140,141,142;,
           3;141,140,143;,
           3;143,144,141;,
           3;144,143,145;,
           3;146,147,148;,
           3;147,146,149;,
           3;150,151,152;,
           3;151,150,153;,
           3;153,154,151;,
           3;154,153,155;;

           MeshNormals {
            156;
            -0.102345;-0.990493;-0.091923;,
            -0.119920;-0.759079;0.639857;,
            -0.131097;-0.752245;0.645710;,
            -0.081770;-0.991426;-0.101926;,
            0.101323;0.978446;-0.179937;,
            0.060508;0.995452;0.073587;,
            0.074588;0.975349;-0.207681;,
            0.072625;0.995515;0.060625;,
            -0.987672;0.054114;-0.146886;,
            -0.987418;0.137998;-0.077223;,
            -0.987460;0.136805;-0.078790;,
            -0.978872;0.062458;-0.194701;,
            -0.975937;0.064169;-0.208398;,
            0.986139;0.118612;0.116022;,
            0.986139;0.118613;0.116022;,
            0.986139;0.118613;0.116022;,
            0.985843;0.059958;0.156585;,
            0.979512;0.037289;0.197902;,
            -0.054292;-0.649147;-0.758723;,
            -0.033442;0.055230;-0.997913;,
            -0.024367;-0.669980;-0.741979;,
            -0.044064;0.063121;-0.997033;,
            0.993459;-0.022948;0.111858;,
            0.993638;-0.018014;0.111170;,
            0.059841;0.543457;0.837301;,
            0.048870;-0.072431;0.996175;,
            0.061896;-0.100842;0.992975;,
            0.056734;0.546801;0.835339;,
            -0.998886;0.046834;0.005701;,
            -0.996198;-0.043217;0.075647;,
            -0.998563;0.051971;0.013102;,
            -0.996401;-0.042584;0.073287;,
            -0.121719;-0.089317;0.988538;,
            -0.132412;-0.091907;0.986925;,
            -0.958755;-0.027606;-0.282891;,
            -0.958408;-0.018607;-0.284793;,
            0.135567;0.690826;-0.710198;,
            0.130951;0.098986;-0.986435;,
            0.138174;0.749101;-0.647886;,
            0.141791;0.058618;-0.988160;,
            0.996434;0.065515;0.053176;,
            0.995381;-0.013485;0.095051;,
            0.994277;0.085324;0.064296;,
            0.992694;-0.027703;0.117439;,
            -0.076973;-0.642122;-0.762729;,
            0.063082;0.942459;0.328318;,
            0.069661;0.992122;0.104122;,
            0.067807;0.927140;0.368528;,
            -0.995864;0.061372;-0.066991;,
            0.986139;0.118613;0.116023;,
            -0.059259;0.077646;-0.995218;,
            -0.049339;0.321082;-0.945765;,
            -0.049883;0.276884;-0.959608;,
            0.998804;-0.038594;0.030031;,
            0.998895;-0.043459;-0.017875;,
            0.046260;-0.296138;0.954024;,
            0.042516;-0.058503;0.997381;,
            0.063487;-0.333794;0.940506;,
            -0.982682;-0.140167;0.121201;,
            -0.981591;-0.143213;0.126369;,
            -0.124443;0.170390;0.977487;,
            -0.119975;-0.076735;0.989807;,
            -0.125470;0.147529;0.981067;,
            -0.938550;-0.087616;-0.333839;,
            -0.936835;-0.089343;-0.338168;,
            0.128472;0.077520;-0.988679;,
            0.156070;-0.185934;-0.970088;,
            0.118922;-0.137902;-0.983281;,
            0.984435;0.004334;0.175697;,
            0.980945;0.002095;0.194276;,
            -0.085579;-0.790750;0.606127;,
            -0.025318;-0.994152;-0.104979;,
            0.092923;0.991827;-0.087438;,
            0.057876;0.579813;0.812691;,
            0.121560;0.652952;-0.747580;,
            0.065184;0.932227;0.355955;,
            -0.040211;0.338563;-0.940084;,
            0.068979;-0.348703;0.934691;,
            -0.147645;0.175758;0.973299;,
            0.138456;-0.111741;-0.984045;,
            0.147039;-0.876889;-0.457652;,
            0.094444;-0.692946;-0.714777;,
            0.091447;-0.682262;-0.725366;,
            0.149579;-0.885552;-0.439801;,
            0.145949;-0.772466;-0.618058;,
            0.145854;-0.763423;-0.629215;,
            0.020708;-0.832680;0.553368;,
            0.091011;-0.975743;0.199105;,
            0.017289;-0.825378;0.564316;,
            0.095267;-0.981090;0.168485;,
            0.046334;-0.834192;0.549524;,
            0.044907;-0.821707;0.568138;,
            0.161338;-0.972953;-0.165327;,
            0.132722;-0.988795;-0.068329;,
            0.170721;-0.972181;-0.160372;,
            0.134466;-0.989926;-0.044341;,
            0.155651;-0.984575;0.079911;,
            0.174381;-0.980671;0.088749;,
            -0.122635;0.964265;0.234847;,
            -0.120722;0.990562;0.064916;,
            -0.125228;0.991943;0.019167;,
            -0.112746;0.964004;0.240799;,
            -0.114056;0.981436;-0.154190;,
            -0.120850;0.980084;-0.157579;,
            -0.023490;0.834653;-0.550275;,
            -0.030974;0.812220;-0.582529;,
            -0.020650;0.842790;-0.537847;,
            -0.033497;0.804327;-0.593241;,
            -0.991717;-0.127265;0.017376;,
            -0.988149;-0.134366;0.074219;,
            -0.991755;-0.126960;0.017403;,
            -0.991702;-0.110063;0.066431;,
            -0.968093;0.248466;0.032557;,
            -0.964505;0.262493;0.028757;,
            -0.112300;0.765345;0.633747;,
            -0.127961;0.783259;0.608384;,
            -0.102707;0.753994;0.648802;,
            -0.137260;0.793528;0.592851;,
            0.997615;-0.059623;-0.034785;,
            0.992394;0.121589;-0.019227;,
            0.996064;-0.081723;-0.034327;,
            0.991856;0.125823;-0.019773;,
            0.998986;0.033446;-0.030136;,
            0.999064;0.029897;-0.031262;,
            0.148652;-0.966831;-0.207705;,
            0.127291;-0.990415;-0.053629;,
            0.151306;-0.966616;-0.206786;,
            0.130671;-0.991089;0.025855;,
            0.142759;-0.970500;0.194296;,
            0.164330;-0.965281;0.203048;,
            -0.135382;0.971785;0.193149;,
            -0.121680;0.992121;0.029839;,
            -0.134077;0.989174;-0.059645;,
            -0.133611;0.971879;0.193904;,
            -0.146109;0.959632;-0.240330;,
            -0.178781;0.949550;-0.257669;,
            -0.084262;0.958352;-0.272877;,
            -0.084838;0.956867;-0.277864;,
            -0.084147;0.958645;-0.271881;,
            -0.084953;0.956566;-0.278861;,
            -0.883563;-0.448152;0.135928;,
            -0.972241;-0.148382;0.180917;,
            -0.859936;-0.494544;0.126236;,
            -0.973167;-0.140787;0.182004;,
            -0.976386;-0.128122;0.173943;,
            -0.976486;-0.127584;0.173776;,
            -0.159465;0.861831;0.481476;,
            -0.139759;0.841003;0.522667;,
            -0.165116;0.867476;0.469279;,
            -0.134200;0.834817;0.533920;,
            0.954659;0.154906;-0.254227;,
            0.969148;0.142926;-0.200808;,
            0.954403;0.156237;-0.254372;,
            0.971042;0.138392;-0.194743;,
            0.983695;-0.009131;-0.179613;,
            0.983419;-0.013904;-0.180813;;
            132;
            3;0,1,2;,
            3;1,0,3;,
            3;4,5,6;,
            3;5,4,7;,
            3;8,9,10;,
            3;11,9,8;,
            3;12,9,11;,
            3;13,14,15;,
            3;16,14,13;,
            3;17,14,16;,
            3;18,19,20;,
            3;19,18,21;,
            3;16,22,17;,
            3;22,16,23;,
            3;24,25,26;,
            3;25,24,27;,
            3;28,29,30;,
            3;29,28,31;,
            3;2,32,33;,
            3;32,2,1;,
            3;11,34,12;,
            3;34,11,35;,
            3;36,37,38;,
            3;37,36,39;,
            3;40,41,42;,
            3;41,40,43;,
            3;0,18,3;,
            3;18,0,44;,
            3;45,7,46;,
            3;7,45,47;,
            3;48,28,30;,
            3;10,28,48;,
            3;9,28,10;,
            3;49,40,42;,
            3;15,40,49;,
            3;14,40,15;,
            3;50,51,21;,
            3;51,50,52;,
            3;53,22,23;,
            3;22,53,54;,
            3;55,25,56;,
            3;25,55,57;,
            3;58,29,31;,
            3;29,58,59;,
            3;60,32,61;,
            3;32,60,62;,
            3;35,63,34;,
            3;63,35,64;,
            3;65,66,39;,
            3;66,65,67;,
            3;43,68,41;,
            3;68,43,69;,
            3;3,70,1;,
            3;70,3,71;,
            3;72,7,4;,
            3;7,72,46;,
            3;44,21,18;,
            3;21,44,50;,
            3;27,56,25;,
            3;56,27,73;,
            3;1,61,32;,
            3;61,1,70;,
            3;74,39,36;,
            3;39,74,65;,
            3;20,3,18;,
            3;3,20,71;,
            3;47,5,7;,
            3;5,47,75;,
            3;76,21,51;,
            3;21,76,19;,
            3;57,26,25;,
            3;26,57,77;,
            3;62,33,32;,
            3;33,62,78;,
            3;79,39,66;,
            3;39,79,37;,
            3;4,74,36;,
            3;74,4,6;,
            3;47,73,27;,
            3;73,47,45;,
            3;38,4,36;,
            3;4,38,72;,
            3;75,27,24;,
            3;27,75,47;,
            3;80,81,82;,
            3;81,80,83;,
            3;80,84,83;,
            3;84,80,85;,
            3;86,87,88;,
            3;87,86,89;,
            3;87,90,91;,
            3;90,87,89;,
            3;92,93,94;,
            3;93,92,95;,
            3;95,96,93;,
            3;96,95,97;,
            3;98,99,100;,
            3;99,98,101;,
            3;100,102,103;,
            3;102,100,99;,
            3;104,105,106;,
            3;105,104,107;,
            3;108,109,110;,
            3;109,108,111;,
            3;111,112,109;,
            3;112,111,113;,
            3;114,115,116;,
            3;115,114,117;,
            3;118,119,120;,
            3;119,118,121;,
            3;121,122,119;,
            3;122,121,123;,
            3;124,125,126;,
            3;125,124,127;,
            3;127,128,125;,
            3;128,127,129;,
            3;130,131,132;,
            3;131,130,133;,
            3;132,134,135;,
            3;134,132,131;,
            3;136,137,138;,
            3;137,136,139;,
            3;140,141,142;,
            3;141,140,143;,
            3;143,144,141;,
            3;144,143,145;,
            3;146,147,148;,
            3;147,146,149;,
            3;150,151,152;,
            3;151,150,153;,
            3;153,154,151;,
            3;154,153,155;;
           }

           MeshMaterialList {
            1;
            132;
            0,
            0,
            0,
            0,
            0,
            0,
            0,
            0,
            0,
            0,
            0,
            0,
            0,
            0,
            0,
            0,
            0,
            0,
            0,
            0,
            0,
            0,
            0,
            0,
            0,
            0,
            0,
            0,
            0,
            0,
            0,
            0,
            0,
            0,
            0,
            0,
            0,
            0,
            0,
            0,
            0,
            0,
            0,
            0,
            0,
            0,
            0,
            0,
            0,
            0,
            0,
            0,
            0,
            0,
            0,
            0,
            0,
            0,
            0,
            0,
            0,
            0,
            0,
            0,
            0,
            0,
            0,
            0,
            0,
            0,
            0,
            0,
            0,
            0,
            0,
            0,
            0,
            0,
            0,
            0,
            0,
            0,
            0,
            0,
            0,
            0,
            0,
            0,
            0,
            0,
            0,
            0,
            0,
            0,
            0,
            0,
            0,
            0,
            0,
            0,
            0,
            0,
            0,
            0,
            0,
            0,
            0,
            0,
            0,
            0,
            0,
            0,
            0,
            0,
            0,
            0,
            0,
            0,
            0,
            0,
            0,
            0,
            0,
            0,
            0,
            0,
            0,
            0,
            0,
            0,
            0,
            0;
            { _04_-_Default }
           }

           MeshTextureCoords c1 {
            156;
            0.464651;0.871475;,
            0.590562;0.553206;,
            0.584624;0.871475;,
            0.456949;0.545144;,
            0.544946;0.550563;,
            0.464651;0.871475;,
            0.537910;0.871475;,
            0.456949;0.545144;,
            0.900000;0.377676;,
            1.000950;0.466541;,
            0.900000;0.463644;,
            0.900000;0.277926;,
            1.000000;0.277762;,
            1.000000;0.354887;,
            0.900000;0.463644;,
            1.000950;0.466541;,
            1.000000;0.277762;,
            0.900000;0.277926;,
            0.319105;0.536778;,
            0.154145;0.004320;,
            0.260015;0.004321;,
            0.190075;0.539963;,
            0.900000;0.138956;,
            1.000000;0.137805;,
            0.343218;0.871474;,
            0.190075;0.539963;,
            0.199866;0.871475;,
            0.319105;0.536778;,
            1.000000;0.700000;,
            0.900000;0.859982;,
            0.900000;0.700000;,
            1.000000;0.861046;,
            0.769954;0.563689;,
            0.752378;0.871476;,
            1.000000;0.137805;,
            0.900000;0.138956;,
            0.590562;0.553206;,
            0.744740;0.004323;,
            0.578694;0.004325;,
            0.769954;0.563689;,
            0.900000;0.700000;,
            1.000000;0.861046;,
            1.000000;0.700000;,
            0.900000;0.859982;,
            0.343218;0.871474;,
            0.310528;0.004321;,
            0.423494;0.004322;,
            0.363775;0.539730;,
            0.900000;0.589820;,
            1.000000;0.553590;,
            0.199866;0.871475;,
            0.088808;0.547044;,
            0.134689;0.871478;,
            1.000000;0.000000;,
            0.900000;0.000000;,
            -0.003364;0.004329;,
            0.154145;0.004320;,
            0.088808;0.547044;,
            1.000000;1.000000;,
            0.900000;0.984930;,
            0.875497;0.004322;,
            0.744740;0.004323;,
            0.873717;0.575841;,
            1.000000;0.000000;,
            0.900000;0.000000;,
            0.752378;0.871476;,
            0.873717;0.575841;,
            0.872089;0.871475;,
            1.000000;1.000000;,
            0.900000;0.984930;,
            0.578694;0.004325;,
            0.423494;0.004322;,
            0.524989;0.004322;,
            0.260015;0.004321;,
            0.584624;0.871475;,
            0.390089;0.871474;,
            -0.003364;0.004329;,
            0.134689;0.871478;,
            0.872089;0.871475;,
            0.875497;0.004322;,
            0.000000;0.537649;,
            -0.003364;0.004329;,
            -0.003364;0.004329;,
            0.000000;0.537649;,
            0.000000;1.000000;,
            0.000000;1.000000;,
            1.000000;0.000000;,
            0.900000;0.517599;,
            0.900000;0.000000;,
            1.000740;0.518180;,
            1.000000;1.000000;,
            0.900000;0.984930;,
            0.467491;0.987907;,
            0.248299;0.887907;,
            0.466301;0.887907;,
            0.251640;0.987907;,
            0.047594;0.887907;,
            0.051444;0.987907;,
            0.467491;0.987907;,
            0.248671;0.887112;,
            0.252012;0.987112;,
            0.466301;0.887907;,
            0.047594;0.887907;,
            0.051444;0.987907;,
            0.467491;0.987907;,
            0.466301;0.887907;,
            0.467491;0.987907;,
            0.466301;0.887907;,
            0.466301;0.887907;,
            0.248671;0.887112;,
            0.466301;0.887907;,
            0.248299;0.887907;,
            0.047594;0.887907;,
            0.047594;0.887907;,
            0.047594;0.887907;,
            0.051444;0.987907;,
            0.047594;0.887907;,
            0.051444;0.987907;,
            0.051444;0.987907;,
            0.252012;0.987112;,
            0.051444;0.987907;,
            0.251640;0.987907;,
            0.467491;0.987907;,
            0.467491;0.987907;,
            0.467491;0.987907;,
            0.248299;0.887907;,
            0.466301;0.887907;,
            0.252012;0.987112;,
            0.047594;0.887907;,
            0.051444;0.987907;,
            0.467491;0.987907;,
            0.248671;0.887112;,
            0.252383;0.986316;,
            0.466301;0.887907;,
            0.047594;0.887907;,
            0.051444;0.987907;,
            0.467491;0.987907;,
            0.466301;0.887907;,
            0.467491;0.987907;,
            0.466301;0.887907;,
            0.466301;0.887907;,
            0.248671;0.887112;,
            0.466301;0.887907;,
            0.248299;0.887907;,
            0.047594;0.887907;,
            0.047594;0.887907;,
            0.047594;0.887907;,
            0.051444;0.987907;,
            0.047594;0.887907;,
            0.051444;0.987907;,
            0.051444;0.987907;,
            0.252383;0.986316;,
            0.051444;0.987907;,
            0.252012;0.987112;,
            0.467491;0.987907;,
            0.467491;0.987907;;
           }
          }
         }
        }
       }
      }

      Frame Bip01_R_Clavicle {
       

       FrameTransformMatrix {
        -0.028509,-0.999573,-0.006461,0.000000,-0.965665,0.025871,0.258498,0.000000,-0.258220,0.013609,-0.965990,0.000000,-0.024080,-0.016250,0.001399,1.000000;;
       }

       Frame Bip01_R_UpperArm {
        

        FrameTransformMatrix {
         0.221390,0.975047,0.016433,0.000000,-0.974986,0.221654,-0.016512,0.000000,-0.019742,-0.012366,0.999729,0.000000,0.087086,0.000000,0.000000,1.000000;;
        }

        Frame Bip01_R_Forearm {
         

         FrameTransformMatrix {
          0.915660,-0.000000,-0.401954,0.000000,-0.000000,1.000000,-0.000000,0.000000,0.401954,-0.000000,0.915660,0.000000,0.137062,0.000000,-0.000000,1.000000;;
         }

         Frame Bip01_R_Hand {
          

          FrameTransformMatrix {
           0.975195,-0.000000,-0.221346,0.000000,-0.221346,0.000796,-0.975195,0.000000,0.000176,1.000000,0.000777,0.000000,0.137062,0.000000,0.000000,1.000000;;
          }

          Frame Bip01_R_Finger0 {
           

           FrameTransformMatrix {
            0.417774,-0.116941,0.900994,0.000000,-0.558537,0.749101,0.356210,0.000000,-0.716591,-0.652054,0.247639,0.000000,0.057681,0.023605,-0.000272,1.000000;;
           }
          }

          Frame Bip01_R_Finger1 {
           

           FrameTransformMatrix {
            0.352436,0.000745,0.935835,0.000000,-0.000000,1.000000,-0.000796,0.000000,-0.935836,0.000281,0.352436,0.000000,0.084102,0.000000,0.000000,1.000000;;
           }
          }
         }
        }
       }
      }
     }

     Frame Bip01_BackPack {
      

      FrameTransformMatrix {
       0.180560,0.080500,-0.980264,0.000000,0.047560,0.994764,0.090451,0.000000,0.982413,-0.062954,0.175786,0.000000,0.063697,0.000003,-0.088856,1.000000;;
      }
     }
    }

    Frame Bip01_L_Thigh {
     

     FrameTransformMatrix {
      -0.888504,0.030427,0.457858,0.000000,-0.032107,-0.999476,0.004114,0.000000,0.457744,-0.011045,0.889016,0.000000,-0.050843,0.055225,-0.008917,1.000000;;
     }

     Frame Bip01_L_Calf {
      

      FrameTransformMatrix {
       0.942235,-0.000000,-0.334952,0.000000,-0.000000,1.000000,-0.000000,0.000000,0.334952,0.000000,0.942235,0.000000,0.237500,0.000000,-0.000000,1.000000;;
      }

      Frame Bip01_L_Foot {
       

       FrameTransformMatrix {
        0.924325,-0.026487,0.380687,0.000000,-0.068962,0.969570,0.234901,0.000000,-0.375325,-0.243378,0.894371,0.000000,0.206841,-0.000000,0.000000,1.000000;;
       }

       Frame Bip01_L_Toe0 {
        

        FrameTransformMatrix {
         0.000000,0.000000,1.000000,0.000000,0.000000,1.000000,-0.000000,0.000000,-1.000000,0.000000,0.000000,0.000000,0.065373,0.000000,0.066450,1.000000;;
        }
       }
      }
     }
    }

    Frame Bip01_R_Thigh {
     

     FrameTransformMatrix {
      -0.996965,0.030321,-0.071704,0.000000,-0.029454,-0.999480,-0.013113,0.000000,-0.072065,-0.010961,0.997340,0.000000,-0.050843,-0.055225,-0.008917,1.000000;;
     }

     Frame Bip01_R_Calf {
      

      FrameTransformMatrix {
       0.730239,0.000000,-0.683192,0.000000,0.000000,1.000000,0.000000,0.000000,0.683192,-0.000000,0.730239,0.000000,0.237500,0.000000,0.000000,1.000000;;
      }

      Frame Bip01_R_Foot {
       

       FrameTransformMatrix {
        0.991957,0.087165,-0.091782,0.000000,-0.093276,0.993546,-0.064539,0.000000,0.085565,0.072581,0.993685,0.000000,0.206841,-0.000000,0.000000,1.000000;;
       }

       Frame Bip01_R_Toe0 {
        

        FrameTransformMatrix {
         0.000000,0.000000,1.000000,0.000000,0.000000,1.000000,-0.000000,0.000000,-1.000000,0.000000,0.000000,0.000000,0.065373,0.000000,0.066450,1.000000;;
        }
       }
      }
     }
    }
   }

   Frame Bip01_DressFront {
    

    FrameTransformMatrix {
     -0.880185,-0.088339,0.466338,0.000000,0.121847,0.907542,0.401896,0.000000,-0.458725,0.410564,-0.788041,0.000000,-0.043935,0.001339,0.061057,1.000000;;
    }

    Frame Bip01_DressFront02 {
     

     FrameTransformMatrix {
      0.912593,0.000001,0.408870,0.000000,-0.000001,1.000000,-0.000000,0.000000,-0.408870,-0.000000,0.912593,0.000000,0.183378,-0.000000,-0.000120,1.000000;;
     }
    }
   }

   Frame Bip01_DressBack {
    

    FrameTransformMatrix {
     -0.886023,0.038029,0.462080,0.000000,0.191625,0.937561,0.290274,0.000000,-0.422190,0.345735,-0.837988,0.000000,-0.047673,-0.000048,-0.078302,1.000000;;
    }

    Frame Bip01_DressBack02 {
     

     FrameTransformMatrix {
      0.936852,0.174932,-0.302833,0.000000,-0.166408,0.984581,0.053939,0.000000,0.307600,-0.000139,0.951516,0.000000,0.176125,0.000000,-0.000103,1.000000;;
     }
    }
   }
  }

  Frame Bip01_Prop1 {
   

   FrameTransformMatrix {
    -0.233929,-0.108090,0.966226,0.000000,0.687222,0.684611,0.242967,0.000000,-0.687752,0.720850,-0.085868,0.000000,0.108125,-0.048422,-0.137969,1.000000;;
   }
  }

  Frame Bip01_Prop2 {
   

   FrameTransformMatrix {
    -0.163643,-0.967062,0.194966,0.000000,0.985576,-0.168906,-0.010564,0.000000,0.043147,0.190425,0.980753,0.000000,-0.138405,-0.102098,0.114818,1.000000;;
   }
  }
 }
}

Frame Translation_Data {
 

 FrameTransformMatrix {
  0.000000,0.000000,-1.000000,0.000000,-1.000000,-0.000000,-0.000000,0.000000,-0.000000,1.000000,-0.000000,0.000000,0.000000,-0.000000,0.000000,1.000000;;
 }
}

Frame Bob_Cuirass_ALT {
 

 FrameTransformMatrix {
  1.000000,0.000000,0.000000,0.000000,0.000000,1.000000,0.000000,0.000000,0.000000,0.000000,1.000000,0.000000,0.000000,-0.001215,0.003680,1.000000;;
 }

 Mesh Bob_Cuirass_ALT {
  372;
  0.043271;0.786138;-0.008377;,
  0.071372;0.796342;0.000452;,
  0.074824;0.775728;-0.009184;,
  0.041836;0.815526;0.021243;,
  0.060686;0.713530;-0.051410;,
  0.083365;0.745331;-0.025932;,
  0.091358;0.698438;-0.023249;,
  0.045080;0.748768;-0.039908;,
  0.083320;0.782974;0.098422;,
  0.048024;0.815546;0.073665;,
  0.050628;0.784326;0.105753;,
  0.074811;0.805195;0.063504;,
  0.000710;0.713969;-0.059519;,
  0.000710;0.751023;-0.040764;,
  -0.000006;0.680948;0.112607;,
  0.051379;0.648147;0.105566;,
  0.055950;0.683734;0.107997;,
  -0.000006;0.645177;0.106658;,
  0.047464;0.600491;0.094124;,
  0.083182;0.661904;0.092818;,
  0.061347;0.675574;-0.059121;,
  0.087772;0.596485;-0.026937;,
  0.055814;0.615961;-0.065415;,
  0.092788;0.669879;-0.026256;,
  0.000710;0.675945;-0.067130;,
  -0.000006;0.619328;-0.072795;,
  0.083240;0.690978;0.098157;,
  0.043277;0.818527;0.039775;,
  0.083334;0.737156;0.098839;,
  0.056336;0.723610;0.111239;,
  -0.000006;0.717952;0.113832;,
  -0.000006;0.780184;0.107019;,
  0.112183;0.689438;0.043393;,
