xof 0303txt 0032
template ColorRGBA {
 <35ff44e0-6c7c-11cf-8f52-0040333594a3>
 FLOAT red;
 FLOAT green;
 FLOAT blue;
 FLOAT alpha;
}

template ColorRGB {
 <d3e16e81-7835-11cf-8f52-0040333594a3>
 FLOAT red;
 FLOAT green;
 FLOAT blue;
}

template Material {
 <3d82ab4d-62da-11cf-ab39-0020af71e433>
 ColorRGBA faceColor;
 FLOAT power;
 ColorRGB specularColor;
 ColorRGB emissiveColor;
 [...]
}

template TextureFilename {
 <a42790e1-7810-11cf-8f52-0040333594a3>
 STRING filename;
}

template Frame {
 <3d82ab46-62da-11cf-ab39-0020af71e433>
 [...]
}

template Matrix4x4 {
 <f6f23f45-7686-11cf-8f52-0040333594a3>
 array FLOAT matrix[16];
}

template FrameTransformMatrix {
 <f6f23f41-7686-11cf-8f52-0040333594a3>
 Matrix4x4 frameMatrix;
}

template Vector {
 <3d82ab5e-62da-11cf-ab39-0020af71e433>
 FLOAT x;
 FLOAT y;
 FLOAT z;
}

template MeshFace {
 <3d82ab5f-62da-11cf-ab39-0020af71e433>
 DWORD nFaceVertexIndices;
 array DWORD faceVertexIndices[nFaceVertexIndices];
}

template Mesh {
 <3d82ab44-62da-11cf-ab39-0020af71e433>
 DWORD nVertices;
 array Vector vertices[nVertices];
 DWORD nFaces;
 array MeshFace faces[nFaces];
 [...]
}

template MeshNormals {
 <f6f23f43-7686-11cf-8f52-0040333594a3>
 DWORD nNormals;
 array Vector normals[nNormals];
 DWORD nFaceNormals;
 array MeshFace faceNormals[nFaceNormals];
}

template MeshMaterialList {
 <f6f23f42-7686-11cf-8f52-0040333594a3>
 DWORD nMaterials;
 DWORD nFaceIndexes;
 array DWORD faceIndexes[nFaceIndexes];
 [Material <3d82ab4d-62da-11cf-ab39-0020af71e433>]
}

template Coords2d {
 <f6f23f44-7686-11cf-8f52-0040333594a3>
 FLOAT u;
 FLOAT v;
}

template MeshTextureCoords {
 <f6f23f40-7686-11cf-8f52-0040333594a3>
 DWORD nTextureCoords;
 array Coords2d textureCoords[nTextureCoords];
}

template XSkinMeshHeader {
 <3cf169ce-ff7c-44ab-93c0-f78f62d172e2>
 WORD nMaxSkinWeightsPerVertex;
 WORD nMaxSkinWeightsPerFace;
 WORD nBones;
}

template SkinWeights {
 <6f0d123b-bad2-4167-a0d0-80224f25fabb>
 STRING transformNodeName;
 DWORD nWeights;
 array DWORD vertexIndices[nWeights];
 array FLOAT weights[nWeights];
 Matrix4x4 matrixOffset;
}

template AnimTicksPerSecond {
 <9e415a43-7ba6-4a73-8743-b73d47e88476>
 DWORD AnimTicksPerSecond;
}

template Animation {
 <3d82ab4f-62da-11cf-ab39-0020af71e433>
 [...]
}

template AnimationSet {
 <3d82ab50-62da-11cf-ab39-0020af71e433>
 [Animation <3d82ab4f-62da-11cf-ab39-0020af71e433>]
}

template FloatKeys {
 <10dd46a9-775b-11cf-8f52-0040333594a3>
 DWORD nValues;
 array FLOAT values[nValues];
}

template TimedFloatKeys {
 <f406b180-7b3b-11cf-8f52-0040333594a3>
 DWORD time;
 FloatKeys tfkeys;
}

template AnimationKey {
 <10dd46a8-775b-11cf-8f52-0040333594a3>
 DWORD keyType;
 DWORD nKeys;
 array TimedFloatKeys keys[nKeys];
}


Material _10_-_Defaultaaa {
 1.000000;1.000000;1.000000;1.000000;;
 100.000000;
 0.200000;0.200000;0.200000;;
 0.000000;0.000000;0.000000;;

 TextureFilename {
  "TireShoulderpad.png";
 }
}

Frame Dummy01 {
 

 FrameTransformMatrix {
  1.000000,0.000000,0.000000,0.000000,0.000000,-0.000000,-1.000000,0.000000,0.000000,1.000000,-0.000000,0.000000,0.000000,0.000000,0.000000,1.000000;;
 }

 Frame Bip01 {
  

  FrameTransformMatrix {
   -0.087155,0.982405,-0.165183,0.000000,-0.000001,0.165814,0.986157,0.000000,0.996195,0.085949,-0.014450,0.000000,-0.010000,-0.012284,0.490453,1.000000;;
  }

  Frame Bip01_Pelvis {
   

   FrameTransformMatrix {
    0.000000,1.000000,-0.000001,0.000000,-0.000001,0.000001,1.000000,0.000000,1.000000,0.000000,0.000001,0.000000,0.000000,0.000000,0.000000,1.000000;;
   }

   Frame Bip01_Spine {
    

    FrameTransformMatrix {
     0.984686,0.000002,-0.174337,0.000000,-0.000001,1.000000,0.000004,0.000000,0.174337,-0.000004,0.984686,0.000000,0.051619,0.000000,-0.000083,1.000000;;
    }

    Frame Bip01_Spine1 {
     

     FrameTransformMatrix {
      0.997819,0.052687,0.039774,0.000000,-0.044862,0.983198,-0.176942,0.000000,-0.048428,0.174771,0.983417,0.000000,0.106484,-0.000015,-0.000083,1.000000;;
     }

     Frame Bip01_Neck {
      

      FrameTransformMatrix {
       0.966067,-0.020835,0.257451,0.000000,0.025191,0.999590,-0.013632,0.000000,-0.257061,0.019655,0.966195,0.000000,0.130511,-0.000001,0.004626,1.000000;;
      }

      Frame Bip01_Head {
       

       FrameTransformMatrix {
        0.989321,-0.051753,-0.136255,0.000000,0.064251,0.993958,0.088989,0.000000,0.130826,-0.096793,0.986669,0.000000,0.033674,-0.000000,-0.000000,1.000000;;
       }
      }

      Frame Bip01_L_Clavicle {
       

       FrameTransformMatrix {
        -0.205975,0.976135,0.068811,0.000000,0.943873,0.216738,-0.249254,0.000000,-0.258220,0.013609,-0.965990,0.000000,-0.024734,0.015166,0.002017,1.000000;;
       }

       Frame Bip01_L_UpperArm {
        

        FrameTransformMatrix {
         0.385871,-0.777669,0.496320,0.000000,0.922466,0.332598,-0.196046,0.000000,-0.012616,0.533487,0.845714,0.000000,0.087086,-0.000000,0.000000,1.000000;;
        }

        Frame Bip01_L_Forearm {
         

         FrameTransformMatrix {
          0.943939,0.000000,-0.330119,0.000000,0.000000,1.000000,-0.000000,0.000000,0.330119,-0.000000,0.943939,0.000000,0.137062,-0.000000,0.000000,1.000000;;
         }

         Frame Bip01_L_Hand {
          

          FrameTransformMatrix {
           1.000000,-0.000000,0.000000,0.000000,0.000000,0.000796,1.000000,0.000000,0.000000,-1.000000,0.000796,0.000000,0.137062,0.000000,0.000000,1.000000;;
          }

          Frame Bip01_L_Finger0 {
           

           FrameTransformMatrix {
            0.690342,-0.181727,0.700288,0.000000,0.558537,0.749101,-0.356210,0.000000,-0.459853,0.637043,0.618637,0.000000,0.057681,-0.023605,-0.000272,1.000000;;
           }
          }

          Frame Bip01_L_Finger1 {
           

           FrameTransformMatrix {
            0.728079,-0.000546,0.685493,0.000000,0.000000,1.000000,0.000796,0.000000,-0.685493,-0.000580,0.728079,0.000000,0.084102,0.000000,0.000000,1.000000;;
           }
          }
         }
        }
       }
      }

      Frame Bip01_R_Clavicle {
       

       FrameTransformMatrix {
        -0.028509,-0.999573,-0.006461,0.000000,-0.965665,0.025871,0.258498,0.000000,-0.258220,0.013609,-0.965990,0.000000,-0.024080,-0.016250,0.001399,1.000000;;
       }

       Frame Bip01_R_UpperArm {
        

        FrameTransformMatrix {
         0.221390,0.975047,0.016433,0.000000,-0.974986,0.221654,-0.016512,0.000000,-0.019742,-0.012366,0.999729,0.000000,0.087086,0.000000,0.000000,1.000000;;
        }

        Frame Bip01_R_Forearm {
         

         FrameTransformMatrix {
          0.915660,-0.000000,-0.401954,0.000000,-0.000000,1.000000,-0.000000,0.000000,0.401954,-0.000000,0.915660,0.000000,0.137062,0.000000,-0.000000,1.000000;;
         }

         Frame Bip01_R_Hand {
          

          FrameTransformMatrix {
           0.975195,-0.000000,-0.221346,0.000000,-0.221346,0.000796,-0.975195,0.000000,0.000176,1.000000,0.000777,0.000000,0.137062,0.000000,0.000000,1.000000;;
          }

          Frame Bip01_R_Finger0 {
           

           FrameTransformMatrix {
            0.417774,-0.116941,0.900994,0.000000,-0.558537,0.749101,0.356210,0.000000,-0.716591,-0.652054,0.247639,0.000000,0.057681,0.023605,-0.000272,1.000000;;
           }
          }

          Frame Bip01_R_Finger1 {
           

           FrameTransformMatrix {
            0.352436,0.000745,0.935835,0.000000,-0.000000,1.000000,-0.000796,0.000000,-0.935836,0.000281,0.352436,0.000000,0.084102,0.000000,0.000000,1.000000;;
           }
          }
         }
        }
       }
      }
     }

     Frame Bip01_BackPack {
      

      FrameTransformMatrix {
       0.180560,0.080500,-0.980264,0.000000,0.047560,0.994764,0.090451,0.000000,0.982413,-0.062954,0.175786,0.000000,0.063697,0.000003,-0.088856,1.000000;;
      }
     }
    }

    Frame Bip01_L_Thigh {
     

     FrameTransformMatrix {
      -0.888504,0.030427,0.457858,0.000000,-0.032107,-0.999476,0.004114,0.000000,0.457744,-0.011045,0.889016,0.000000,-0.050843,0.055225,-0.008917,1.000000;;
     }

     Frame Bip01_L_Calf {
      

      FrameTransformMatrix {
       0.942235,-0.000000,-0.334952,0.000000,-0.000000,1.000000,-0.000000,0.000000,0.334952,0.000000,0.942235,0.000000,0.237500,0.000000,-0.000000,1.000000;;
      }

      Frame Bip01_L_Foot {
       

       FrameTransformMatrix {
        0.924325,-0.026487,0.380687,0.000000,-0.068962,0.969570,0.234901,0.000000,-0.375325,-0.243378,0.894371,0.000000,0.206841,-0.000000,0.000000,1.000000;;
       }

       Frame Bip01_L_Toe0 {
        

        FrameTransformMatrix {
         0.000000,0.000000,1.000000,0.000000,0.000000,1.000000,-0.000000,0.000000,-1.000000,0.000000,0.000000,0.000000,0.065373,0.000000,0.066450,1.000000;;
        }
       }
      }
     }
    }

    Frame Bip01_R_Thigh {
     

     FrameTransformMatrix {
      -0.996965,0.030321,-0.071704,0.000000,-0.029454,-0.999480,-0.013113,0.000000,-0.072065,-0.010961,0.997340,0.000000,-0.050843,-0.055225,-0.008917,1.000000;;
     }

     Frame Bip01_R_Calf {
      

      FrameTransformMatrix {
       0.730239,0.000000,-0.683192,0.000000,0.000000,1.000000,0.000000,0.000000,0.683192,-0.000000,0.730239,0.000000,0.237500,0.000000,0.000000,1.000000;;
      }

      Frame Bip01_R_Foot {
       

       FrameTransformMatrix {
        0.991957,0.087165,-0.091782,0.000000,-0.093276,0.993546,-0.064539,0.000000,0.085565,0.072581,0.993685,0.000000,0.206841,-0.000000,0.000000,1.000000;;
       }

       Frame Bip01_R_Toe0 {
        

        FrameTransformMatrix {
         0.000000,0.000000,1.000000,0.000000,0.000000,1.000000,-0.000000,0.000000,-1.000000,0.000000,0.000000,0.000000,0.065373,0.000000,0.066450,1.000000;;
        }
       }
      }
     }
    }
   }

   Frame Bip01_DressFront {
    

    FrameTransformMatrix {
     -0.880185,-0.088339,0.466338,0.000000,0.121847,0.907542,0.401896,0.000000,-0.458725,0.410564,-0.788041,0.000000,-0.043935,0.001339,0.061057,1.000000;;
    }

    Frame Bip01_DressFront02 {
     

     FrameTransformMatrix {
      0.912593,0.000001,0.408870,0.000000,-0.000001,1.000000,-0.000000,0.000000,-0.408870,-0.000000,0.912593,0.000000,0.183378,-0.000000,-0.000120,1.000000;;
     }
    }
   }

   Frame Bip01_DressBack {
    

    FrameTransformMatrix {
     -0.886023,0.038029,0.462080,0.000000,0.191625,0.937561,0.290274,0.000000,-0.422190,0.345735,-0.837988,0.000000,-0.047673,-0.000048,-0.078302,1.000000;;
    }

    Frame Bip01_DressBack02 {
     

     FrameTransformMatrix {
      0.936852,0.174932,-0.302833,0.000000,-0.166408,0.984581,0.053939,0.000000,0.307600,-0.000139,0.951516,0.000000,0.176125,0.000000,-0.000103,1.000000;;
     }
    }
   }
  }

  Frame Bip01_Prop1 {
   

   FrameTransformMatrix {
    -0.233929,-0.108090,0.966226,0.000000,0.687222,0.684611,0.242967,0.000000,-0.687752,0.720850,-0.085868,0.000000,0.108125,-0.048422,-0.137969,1.000000;;
   }
  }

  Frame Bip01_Prop2 {
   

   FrameTransformMatrix {
    -0.163643,-0.967062,0.194966,0.000000,0.985576,-0.168906,-0.010564,0.000000,0.043147,0.190425,0.980753,0.000000,-0.138405,-0.102098,0.114818,1.000000;;
   }
  }
 }
}

Frame Translation_Data {
 

 FrameTransformMatrix {
  0.000000,0.000000,-1.000000,0.000000,-1.000000,-0.000000,-0.000000,0.000000,-0.000000,1.000000,-0.000000,0.000000,0.000000,-0.000000,0.000000,1.000000;;
 }
}

Frame Bob_Tire_Shoulderpad_R_ALT {
 

 FrameTransformMatrix {
  1.000000,0.000000,0.000000,0.000000,0.000000,1.000000,0.000000,0.000000,0.000000,0.000000,1.000000,0.000000,-0.000925,0.001432,0.000000,1.000000;;
 }

 Mesh Bob_Tire_Shoulderpad_R_ALT {
  480;
  -0.048784;0.804110;0.054993;,
  -0.050793;0.813718;0.088110;,
  -0.048184;0.795604;0.076559;,
  -0.053899;0.825144;0.059714;,
  -0.043570;0.791100;0.110765;,
  -0.043074;0.781033;0.090686;,
  -0.032711;0.761760;0.124945;,
  -0.028438;0.762194;0.103400;,
  -0.019954;0.726070;0.130428;,
  0.001112;0.733276;0.118840;,
  0.003891;0.730828;-0.047374;,
  -0.025165;0.755625;-0.041261;,
  -0.016431;0.753916;-0.022964;,
  -0.011923;0.719540;-0.053354;,
  -0.035466;0.774872;-0.008890;,
  -0.037462;0.786045;-0.024727;,
  -0.046806;0.810419;-0.000326;,
  -0.046022;0.793079;0.009395;,
  -0.052515;0.823998;0.029000;,
  -0.049007;0.803233;0.031667;,
  -0.053899;0.825144;0.059714;,
  -0.060034;0.814092;0.089497;,
  -0.050793;0.813718;0.088110;,
  -0.063248;0.825912;0.060120;,
  -0.052562;0.790692;0.112934;,
  -0.043570;0.791100;0.110765;,
  -0.041328;0.760205;0.127604;,
  -0.032711;0.761760;0.124945;,
  -0.028130;0.723281;0.133226;,
  -0.019954;0.726070;0.130428;,
  -0.011923;0.719540;-0.053354;,
  -0.033521;0.753857;-0.044344;,
  -0.025165;0.755625;-0.041261;,
  -0.019822;0.716526;-0.056667;,
  -0.046242;0.785463;-0.027239;,
  -0.037462;0.786045;-0.024727;,
  -0.055909;0.810679;-0.001994;,
  -0.046806;0.810419;-0.000326;,
  -0.061815;0.824726;0.028345;,
  -0.052515;0.823998;0.029000;,
  -0.090167;0.807045;0.089597;,
  -0.093552;0.819086;0.059599;,
  -0.082332;0.783218;0.113529;,
  -0.070992;0.750478;0.128509;,
  -0.057515;0.712775;0.132729;,
  -0.063020;0.743997;-0.047069;,
  -0.049032;0.705877;-0.059538;,
  -0.075833;0.777934;-0.029603;,
  -0.085925;0.803597;-0.003826;,
  -0.092079;0.817888;0.027154;,
  -0.118702;0.794448;0.087618;,
  -0.122017;0.806240;0.058240;,
  -0.111029;0.771113;0.111055;,
  -0.100429;0.737563;0.122454;,
  -0.087476;0.700334;0.121530;,
  -0.094906;0.732842;-0.038672;,
  -0.080100;0.696419;-0.047788;,
  -0.106314;0.765492;-0.021551;,
  -0.114548;0.791070;-0.003874;,
  -0.120574;0.805067;0.026466;,
  -0.125532;0.788350;0.085715;,
  -0.128737;0.799748;0.057319;,
  -0.118116;0.765794;0.108370;,
  -0.107662;0.733936;0.118180;,
  -0.095142;0.697950;0.117287;,
  -0.101666;0.728333;-0.034619;,
  -0.087354;0.693126;-0.043431;,
  -0.112692;0.759892;-0.018131;,
  -0.121517;0.785085;-0.002721;,
  -0.127342;0.798615;0.026605;,
  -0.128737;0.799748;0.057319;,
  -0.124556;0.768920;0.073529;,
  -0.125532;0.788350;0.085715;,
  -0.127313;0.777331;0.052111;,
  -0.118288;0.752251;0.090617;,
  -0.118116;0.765794;0.108370;,
  -0.108860;0.730027;0.096831;,
  -0.107662;0.733936;0.118180;,
  -0.098006;0.704072;0.091115;,
  -0.095142;0.697950;0.117287;,
  -0.087354;0.693126;-0.043431;,
  -0.103211;0.724531;-0.014873;,
  -0.101666;0.728333;-0.034619;,
  -0.089899;0.698105;-0.016493;,
  -0.112669;0.747763;-0.003794;,
  -0.112692;0.759892;-0.018131;,
  -0.121424;0.766439;0.006826;,
  -0.121517;0.785085;-0.002721;,
  -0.126225;0.776469;0.028946;,
  -0.127342;0.798615;0.026605;,
  -0.055696;0.801431;0.054898;,
  -0.053377;0.800433;0.098720;,
  -0.065506;0.823309;0.040921;,
  -0.055031;0.793027;0.076235;,
  -0.049909;0.778629;0.090179;,
  -0.034977;0.760527;0.119792;,
  -0.033144;0.760233;0.101966;,
  -0.025213;0.724112;0.125031;,
  -0.002726;0.731889;0.114426;,
  -0.024209;0.752780;-0.021610;,
  -0.017887;0.717413;-0.047957;,
  -0.001316;0.729249;-0.043174;,
  -0.027704;0.754374;-0.040333;,
  -0.042808;0.774960;-0.007798;,
  -0.049119;0.791111;-0.008091;,
  -0.053180;0.790449;0.009784;,
  -0.056026;0.800536;0.031820;,
  -0.034977;0.760527;0.119792;,
  -0.025213;0.724112;0.125031;,
  -0.057908;0.712585;0.127101;,
  -0.017887;0.717413;-0.047957;,
  -0.027704;0.754374;-0.040333;,
  -0.049731;0.705667;-0.053763;,
  -0.065506;0.823309;0.040921;,
  -0.116362;0.771233;0.093610;,
  -0.124597;0.799329;0.040972;,
  -0.053377;0.800433;0.098720;,
  -0.105667;0.734909;0.113385;,
  -0.089946;0.700442;0.112695;,
  -0.099312;0.728729;-0.029855;,
  -0.082319;0.695098;-0.038817;,
  -0.114777;0.773971;-0.008741;,
  -0.049119;0.791111;-0.008091;,
  -0.124597;0.799329;0.040972;,
  -0.119099;0.769989;0.073236;,
  -0.121909;0.778299;0.052046;,
  -0.116362;0.771233;0.093610;,
  -0.112822;0.753493;0.090142;,
  -0.103420;0.731554;0.097073;,
  -0.105667;0.734909;0.113385;,
  -0.092645;0.705841;0.091407;,
  -0.089946;0.700442;0.112695;,
  -0.082319;0.695098;-0.038817;,
  -0.098407;0.726278;-0.015226;,
  -0.085223;0.700090;-0.016822;,
  -0.099312;0.728729;-0.029855;,
  -0.107682;0.749216;-0.004038;,
  -0.114777;0.773971;-0.008741;,
  -0.116230;0.767454;0.007241;,
  -0.120912;0.777418;0.029126;,
  -0.080100;0.696419;-0.047788;,
  -0.082319;0.695098;-0.038817;,
  -0.087354;0.693126;-0.043431;,
  -0.080100;0.696419;-0.047788;,
  -0.049731;0.705667;-0.053763;,
  -0.082319;0.695098;-0.038817;,
  -0.049731;0.705667;-0.053763;,
  -0.080100;0.696419;-0.047788;,
  -0.049032;0.705877;-0.059538;,
  -0.049032;0.705877;-0.059538;,
  -0.017887;0.717413;-0.047957;,
  -0.049731;0.705667;-0.053763;,
  -0.017887;0.717413;-0.047957;,
  -0.049032;0.705877;-0.059538;,
  -0.019822;0.716526;-0.056667;,
  -0.017887;0.717413;-0.047957;,
  -0.019822;0.716526;-0.056667;,
  -0.011923;0.719540;-0.053354;,
  -0.017887;0.717413;-0.047957;,
  0.003891;0.730828;-0.047374;,
  -0.001316;0.729249;-0.043174;,
  0.003891;0.730828;-0.047374;,
  -0.017887;0.717413;-0.047957;,
  -0.011923;0.719540;-0.053354;,
  -0.098407;0.726278;-0.015226;,
  -0.089899;0.698105;-0.016493;,
  -0.085223;0.700090;-0.016822;,
  -0.089899;0.698105;-0.016493;,
  -0.098407;0.726278;-0.015226;,
  -0.103211;0.724531;-0.014873;,
  -0.098407;0.726278;-0.015226;,
  -0.112669;0.747763;-0.003794;,
  -0.103211;0.724531;-0.014873;,
  -0.112669;0.747763;-0.003794;,
  -0.098407;0.726278;-0.015226;,
  -0.107682;0.749216;-0.004038;,
  -0.107682;0.749216;-0.004038;,
  -0.121424;0.766439;0.006826;,
  -0.112669;0.747763;-0.003794;,
  -0.121424;0.766439;0.006826;,
  -0.107682;0.749216;-0.004038;,
  -0.116230;0.767454;0.007241;,
  -0.116230;0.767454;0.007241;,
  -0.126225;0.776469;0.028946;,
  -0.121424;0.766439;0.006826;,
  -0.126225;0.776469;0.028946;,
  -0.116230;0.767454;0.007241;,
  -0.120912;0.777418;0.029126;,
  -0.127313;0.777331;0.052111;,
  -0.120912;0.777418;0.029126;,
  -0.121909;0.778299;0.052046;,
  -0.120912;0.777418;0.029126;,
  -0.127313;0.777331;0.052111;,
  -0.126225;0.776469;0.028946;,
  -0.124556;0.768920;0.073529;,
  -0.121909;0.778299;0.052046;,
  -0.119099;0.769989;0.073236;,
  -0.121909;0.778299;0.052046;,
  -0.124556;0.768920;0.073529;,
  -0.127313;0.777331;0.052111;,
  -0.118288;0.752251;0.090617;,
  -0.119099;0.769989;0.073236;,
  -0.112822;0.753493;0.090142;,
  -0.119099;0.769989;0.073236;,
  -0.118288;0.752251;0.090617;,
  -0.124556;0.768920;0.073529;,
  -0.108860;0.730027;0.096831;,
  -0.112822;0.753493;0.090142;,
  -0.103420;0.731554;0.097073;,
  -0.112822;0.753493;0.090142;,
  -0.108860;0.730027;0.096831;,
  -0.118288;0.752251;0.090617;,
  -0.098006;0.704072;0.091115;,
  -0.103420;0.731554;0.097073;,
  -0.092645;0.705841;0.091407;,
  -0.103420;0.731554;0.097073;,
  -0.098006;0.704072;0.091115;,
  -0.108860;0.730027;0.096831;,
  -0.002726;0.731889;0.114426;,
  -0.028438;0.762194;0.103400;,
  0.001112;0.733276;0.118840;,
  -0.028438;0.762194;0.103400;,
  -0.002726;0.731889;0.114426;,
  -0.033144;0.760233;0.101966;,
  -0.033144;0.760233;0.101966;,
  -0.043074;0.781033;0.090686;,
  -0.028438;0.762194;0.103400;,
  -0.043074;0.781033;0.090686;,
  -0.033144;0.760233;0.101966;,
  -0.049909;0.778629;0.090179;,
  -0.055031;0.793027;0.076235;,
  -0.043074;0.781033;0.090686;,
  -0.049909;0.778629;0.090179;,
  -0.043074;0.781033;0.090686;,
  -0.055031;0.793027;0.076235;,
  -0.048184;0.795604;0.076559;,
  -0.055696;0.801431;0.054898;,
  -0.048184;0.795604;0.076559;,
  -0.055031;0.793027;0.076235;,
  -0.048184;0.795604;0.076559;,
  -0.055696;0.801431;0.054898;,
  -0.048784;0.804110;0.054993;,
  -0.056026;0.800536;0.031820;,
  -0.048784;0.804110;0.054993;,
  -0.055696;0.801431;0.054898;,
  -0.048784;0.804110;0.054993;,
  -0.056026;0.800536;0.031820;,
  -0.049007;0.803233;0.031667;,
  -0.049007;0.803233;0.031667;,
  -0.053180;0.790449;0.009784;,
  -0.046022;0.793079;0.009395;,
  -0.053180;0.790449;0.009784;,
  -0.049007;0.803233;0.031667;,
  -0.056026;0.800536;0.031820;,
  -0.046022;0.793079;0.009395;,
  -0.042808;0.774960;-0.007798;,
  -0.035466;0.774872;-0.008890;,
  -0.042808;0.774960;-0.007798;,
  -0.046022;0.793079;0.009395;,
  -0.053180;0.790449;0.009784;,
  -0.035466;0.774872;-0.008890;,
  -0.024209;0.752780;-0.021610;,
  -0.016431;0.753916;-0.022964;,
  -0.024209;0.752780;-0.021610;,
  -0.035466;0.774872;-0.008890;,
  -0.042808;0.774960;-0.007798;,
  -0.016431;0.753916;-0.022964;,
  -0.001316;0.729249;-0.043174;,
  0.003891;0.730828;-0.047374;,
  -0.001316;0.729249;-0.043174;,
  -0.016431;0.753916;-0.022964;,
  -0.024209;0.752780;-0.021610;,
  -0.082319;0.695098;-0.038817;,
  -0.089899;0.698105;-0.016493;,
  -0.087354;0.693126;-0.043431;,
  -0.089899;0.698105;-0.016493;,
  -0.082319;0.695098;-0.038817;,
  -0.085223;0.700090;-0.016822;,
  0.001112;0.733276;0.118840;,
  -0.025213;0.724112;0.125031;,
  -0.002726;0.731889;0.114426;,
  -0.025213;0.724112;0.125031;,
  0.001112;0.733276;0.118840;,
  -0.019954;0.726070;0.130428;,
  -0.025213;0.724112;0.125031;,
  -0.019954;0.726070;0.130428;,
  -0.028130;0.723281;0.133226;,
  -0.025213;0.724112;0.125031;,
  -0.057515;0.712775;0.132729;,
  -0.057908;0.712585;0.127101;,
  -0.057515;0.712775;0.132729;,
  -0.025213;0.724112;0.125031;,
  -0.028130;0.723281;0.133226;,
  -0.057908;0.712585;0.127101;,
  -0.087476;0.700334;0.121530;,
  -0.089946;0.700442;0.112695;,
  -0.087476;0.700334;0.121530;,
  -0.057908;0.712585;0.127101;,
  -0.057515;0.712775;0.132729;,
  -0.089946;0.700442;0.112695;,
  -0.087476;0.700334;0.121530;,
  -0.095142;0.697950;0.117287;,
  -0.089946;0.700442;0.112695;,
  -0.098006;0.704072;0.091115;,
  -0.092645;0.705841;0.091407;,
  -0.098006;0.704072;0.091115;,
  -0.089946;0.700442;0.112695;,
  -0.095142;0.697950;0.117287;,
  0.091677;0.691648;-0.000682;,
  0.113521;0.689005;0.025291;,
  0.098361;0.688993;0.025273;,
  0.102048;0.691335;-0.005553;,
  0.058516;0.700129;-0.033784;,
  0.063098;0.700534;-0.044419;,
  0.000722;0.709454;-0.041289;,
  0.000766;0.710617;-0.054323;,
  0.091676;0.707799;-0.000527;,
  0.113511;0.705600;0.025260;,
  0.101977;0.708280;-0.005538;,
  0.098455;0.705501;0.025287;,
  0.058369;0.716352;-0.031378;,
  0.062948;0.717295;-0.041928;,
  0.000880;0.725326;-0.037278;,
  0.000787;0.726889;-0.050080;,
  0.101977;0.708280;-0.005538;,
  0.113521;0.689005;0.025291;,
  0.102048;0.691335;-0.005553;,
  0.113511;0.705600;0.025260;,
  0.062948;0.717295;-0.041928;,
  0.063098;0.700534;-0.044419;,
  0.000787;0.726889;-0.050080;,
  0.000766;0.710617;-0.054323;,
  0.058369;0.716352;-0.031378;,
  0.000722;0.709454;-0.041289;,
  0.058516;0.700129;-0.033784;,
  0.000880;0.725326;-0.037278;,
  0.091676;0.707799;-0.000527;,
  0.091677;0.691648;-0.000682;,
  0.098455;0.705501;0.025287;,
  0.098361;0.688993;0.025273;,
  0.096515;0.691785;0.082278;,
  0.117840;0.688883;0.061864;,
  0.104259;0.691245;0.091415;,
  0.103202;0.689135;0.056258;,
  0.057371;0.700419;0.102911;,
  0.062727;0.700183;0.114461;,
  0.000744;0.709112;0.108543;,
  0.001073;0.709668;0.122798;,
  0.096543;0.707727;0.082329;,
  0.117842;0.705719;0.061881;,
  0.103313;0.705546;0.056141;,
  0.104218;0.708306;0.091465;,
  0.057743;0.716705;0.102708;,
  0.063158;0.717001;0.114401;,
  0.000794;0.725406;0.105592;,
  0.000704;0.726226;0.121049;,
  0.104218;0.708306;0.091465;,
  0.117840;0.688883;0.061864;,
  0.117842;0.705719;0.061881;,
  0.104259;0.691245;0.091415;,
  0.063158;0.717001;0.114401;,
  0.062727;0.700183;0.114461;,
  0.000704;0.726226;0.121049;,
  0.001073;0.709668;0.122798;,
  0.057743;0.716705;0.102708;,
  0.000744;0.709112;0.108543;,
  0.000794;0.725406;0.105592;,
  0.057371;0.700419;0.102911;,
  0.096543;0.707727;0.082329;,
  0.096515;0.691785;0.082278;,
  0.103313;0.705546;0.056141;,
  0.103202;0.689135;0.056258;,
  0.113511;0.705600;0.025260;,
  0.103313;0.705546;0.056141;,
  0.117842;0.705719;0.061881;,
  0.103313;0.705546;0.056141;,
  0.113511;0.705600;0.025260;,
  0.098455;0.705501;0.025287;,
  0.113521;0.689005;0.025291;,
  0.103202;0.689135;0.056258;,
  0.098361;0.688993;0.025273;,
  0.103202;0.689135;0.056258;,
  0.113521;0.689005;0.025291;,
  0.117840;0.688883;0.061864;,
  -0.037436;0.721239;-0.042098;,
  -0.034047;0.719500;-0.028078;,
  -0.037037;0.738564;-0.027360;,
  -0.040425;0.738660;-0.034407;,
  -0.040425;0.738660;-0.034407;,
  -0.037436;0.721239;-0.042098;,
  -0.034047;0.719500;-0.028078;,
  -0.037037;0.738564;-0.027360;,
  -0.040742;0.724441;0.105628;,
  -0.043542;0.723797;0.119430;,
  -0.041402;0.739648;0.116600;,
  -0.042164;0.738833;0.102783;,
  -0.043542;0.723797;0.119430;,
  -0.041402;0.739648;0.116600;,
  -0.042164;0.738833;0.102783;,
  -0.040742;0.724441;0.105628;,
  -0.074346;0.701536;-0.035313;,
  -0.081645;0.713139;-0.023845;,
  -0.078295;0.699720;-0.024196;,
  -0.079964;0.714178;-0.035495;,
  -0.098319;0.710556;0.002160;,
  -0.094898;0.697150;0.002160;,
  -0.105118;0.708427;0.039073;,
  -0.104453;0.694608;0.039073;,
  -0.100267;0.711385;0.077654;,
  -0.098164;0.697727;0.078340;,
  -0.094465;0.718835;0.090205;,
  -0.089871;0.705794;0.090707;,
  -0.079043;0.699450;-0.035213;,
  -0.086533;0.711893;-0.022853;,
  -0.084662;0.712092;-0.035395;,
  -0.083183;0.698474;-0.023204;,
  -0.103300;0.709285;0.002160;,
  -0.099879;0.695879;0.002160;,
  -0.110253;0.708180;0.039073;,
  -0.109587;0.694361;0.039073;,
  -0.105324;0.710633;0.078189;,
  -0.103222;0.696975;0.078875;,
  -0.099303;0.717119;0.089926;,
  -0.094709;0.704079;0.090427;,
  -0.074346;0.701536;-0.035313;,
  -0.084662;0.712092;-0.035395;,
  -0.079964;0.714178;-0.035495;,
  -0.079043;0.699450;-0.035213;,
  -0.079964;0.714178;-0.035495;,
  -0.086533;0.711893;-0.022853;,
  -0.081645;0.713139;-0.023845;,
  -0.084662;0.712092;-0.035395;,
  -0.103300;0.709285;0.002160;,
  -0.098319;0.710556;0.002160;,
  -0.110253;0.708180;0.039073;,
  -0.105118;0.708427;0.039073;,
  -0.105324;0.710633;0.078189;,
  -0.100267;0.711385;0.077654;,
  -0.099303;0.717119;0.089926;,
  -0.094465;0.718835;0.090205;,
  -0.092585;0.717392;0.114967;,
  -0.092665;0.702819;0.112629;,
  -0.087846;0.704512;0.113213;,
  -0.097403;0.715698;0.114383;,
  -0.089871;0.705794;0.090707;,
  -0.103222;0.696975;0.078875;,
  -0.098164;0.697727;0.078340;,
  -0.094709;0.704079;0.090427;,
  -0.109587;0.694361;0.039073;,
  -0.104453;0.694608;0.039073;,
  -0.099879;0.695879;0.002160;,
  -0.094898;0.697150;0.002160;,
  -0.083183;0.698474;-0.023204;,
  -0.078295;0.699720;-0.024196;,
  -0.079043;0.699450;-0.035213;,
  -0.074346;0.701536;-0.035313;,
  -0.094465;0.718835;0.090205;,
  -0.087846;0.704512;0.113213;,
  -0.089871;0.705794;0.090707;,
  -0.087846;0.704512;0.113213;,
  -0.094465;0.718835;0.090205;,
  -0.092585;0.717392;0.114967;,
  -0.089871;0.705794;0.090707;,
  -0.092665;0.702819;0.112629;,
  -0.094709;0.704079;0.090427;,
  -0.092665;0.702819;0.112629;,
  -0.089871;0.705794;0.090707;,
  -0.087846;0.704512;0.113213;,
  -0.094709;0.704079;0.090427;,
  -0.097403;0.715698;0.114383;,
  -0.099303;0.717119;0.089926;,
  -0.097403;0.715698;0.114383;,
  -0.094709;0.704079;0.090427;,
  -0.092665;0.702819;0.112629;,
  -0.099303;0.717119;0.089926;,
  -0.092585;0.717392;0.114967;,
  -0.094465;0.718835;0.090205;,
  -0.092585;0.717392;0.114967;,
  -0.099303;0.717119;0.089926;,
  -0.097403;0.715698;0.114383;;
  332;
  3;0,1,2;,
  3;1,0,3;,
  3;2,4,5;,
  3;4,2,1;,
  3;5,6,7;,
  3;6,5,4;,
  3;7,8,9;,
  3;8,7,6;,
  3;10,11,12;,
  3;11,10,13;,
  3;14,11,15;,
  3;11,14,12;,
  3;14,16,17;,
  3;16,14,15;,
  3;17,18,19;,
  3;18,17,16;,
  3;19,3,0;,
  3;3,19,18;,
  3;20,21,22;,
  3;21,20,23;,
  3;22,24,25;,
  3;24,22,21;,
  3;25,26,27;,
  3;26,25,24;,
  3;27,28,29;,
  3;28,27,26;,
  3;30,31,32;,
  3;31,30,33;,
  3;32,34,35;,
  3;34,32,31;,
  3;35,36,37;,
  3;36,35,34;,
  3;37,38,39;,
  3;38,37,36;,
  3;39,23,20;,
  3;23,39,38;,
  3;23,40,21;,
  3;40,23,41;,
  3;21,42,24;,
  3;42,21,40;,
  3;24,43,26;,
  3;43,24,42;,
  3;26,44,28;,
  3;44,26,43;,
  3;33,45,31;,
  3;45,33,46;,
  3;31,47,34;,
  3;47,31,45;,
  3;34,48,36;,
  3;48,34,47;,
  3;36,49,38;,
  3;49,36,48;,
  3;38,41,23;,
  3;41,38,49;,
  3;41,50,40;,
  3;50,41,51;,
  3;40,52,42;,
  3;52,40,50;,
  3;42,53,43;,
  3;53,42,52;,
  3;43,54,44;,
  3;54,43,53;,
  3;46,55,45;,
  3;55,46,56;,
  3;45,57,47;,
  3;57,45,55;,
  3;47,58,48;,
  3;58,47,57;,
  3;48,59,49;,
  3;59,48,58;,
  3;49,51,41;,
  3;51,49,59;,
  3;51,60,50;,
  3;60,51,61;,
  3;50,62,52;,
  3;62,50,60;,
  3;52,63,53;,
  3;63,52,62;,
  3;53,64,54;,
  3;64,53,63;,
  3;56,65,55;,
  3;65,56,66;,
  3;55,67,57;,
  3;67,55,65;,
  3;57,68,58;,
  3;68,57,67;,
  3;58,69,59;,
  3;69,58,68;,
  3;59,61,51;,
  3;61,59,69;,
  3;70,71,72;,
  3;71,70,73;,
  3;72,74,75;,
  3;74,72,71;,
  3;75,76,77;,
  3;76,75,74;,
  3;77,78,79;,
  3;78,77,76;,
  3;80,81,82;,
  3;81,80,83;,
  3;82,84,85;,
  3;84,82,81;,
  3;85,86,87;,
  3;86,85,84;,
  3;87,88,89;,
  3;88,87,86;,
  3;89,73,70;,
  3;73,89,88;,
  3;90,91,92;,
  3;91,90,93;,
  3;93,94,91;,
  3;95,94,96;,
  3;94,95,91;,
  3;96,97,95;,
  3;97,96,98;,
  3;99,100,101;,
  3;100,99,102;,
  3;103,102,99;,
  3;102,103,104;,
  3;103,105,104;,
  3;105,92,104;,
  3;92,105,106;,
  3;106,90,92;,
  3;107,108,109;,
  3;110,111,112;,
  3;113,114,115;,
  3;114,113,116;,
  3;116,117,114;,
  3;117,116,107;,
  3;107,118,117;,
  3;118,107,109;,
  3;119,112,111;,
  3;112,119,120;,
  3;111,121,119;,
  3;121,111,122;,
  3;122,115,121;,
  3;115,122,113;,
  3;123,124,125;,
  3;124,123,126;,
  3;126,127,124;,
  3;126,128,127;,
  3;128,126,129;,
  3;129,130,128;,
  3;130,129,131;,
  3;132,133,134;,
  3;133,132,135;,
  3;135,136,133;,
  3;136,135,137;,
  3;137,138,136;,
  3;137,139,138;,
  3;139,137,123;,
  3;123,125,139;,
  3;140,141,142;,
  3;143,144,145;,
  3;146,147,148;,
  3;149,150,151;,
  3;152,153,154;,
  3;155,156,157;,
  3;158,159,160;,
  3;161,162,163;,
  3;164,165,166;,
  3;167,168,169;,
  3;170,171,172;,
  3;173,174,175;,
  3;176,177,178;,
  3;179,180,181;,
  3;182,183,184;,
  3;185,186,187;,
  3;188,189,190;,
  3;191,192,193;,
  3;194,195,196;,
  3;197,198,199;,
  3;200,201,202;,
  3;203,204,205;,
  3;206,207,208;,
  3;209,210,211;,
  3;212,213,214;,
  3;215,216,217;,
  3;218,219,220;,
  3;221,222,223;,
  3;224,225,226;,
  3;227,228,229;,
  3;230,231,232;,
  3;233,234,235;,
  3;236,237,238;,
  3;239,240,241;,
  3;242,243,244;,
  3;245,246,247;,
  3;248,249,250;,
  3;251,252,253;,
  3;254,255,256;,
  3;257,258,259;,
  3;260,261,262;,
  3;263,264,265;,
  3;266,267,268;,
  3;269,270,271;,
  3;272,273,274;,
  3;275,276,277;,
  3;278,279,280;,
  3;281,282,283;,
  3;284,285,286;,
  3;287,288,289;,
  3;290,291,292;,
  3;293,294,295;,
  3;296,297,298;,
  3;299,300,301;,
  3;302,303,304;,
  3;305,306,307;,
  3;308,309,310;,
  3;309,308,311;,
  3;312,311,308;,
  3;311,312,313;,
  3;314,313,312;,
  3;313,314,315;,
  3;316,317,318;,
  3;317,316,319;,
  3;320,318,321;,
  3;318,320,316;,
  3;322,321,323;,
  3;321,322,320;,
  3;324,325,326;,
  3;325,324,327;,
  3;328,326,329;,
  3;326,328,324;,
  3;330,329,331;,
  3;329,330,328;,
  3;332,333,334;,
  3;333,332,335;,
  3;336,334,337;,
  3;334,336,332;,
  3;338,337,339;,
  3;337,338,336;,
  3;340,341,342;,
  3;341,340,343;,
  3;344,342,345;,
  3;342,344,340;,
  3;346,345,347;,
  3;345,346,344;,
  3;348,349,350;,
  3;349,348,351;,
  3;352,351,348;,
  3;351,352,353;,
  3;354,353,352;,
  3;353,354,355;,
  3;356,357,358;,
  3;357,356,359;,
  3;360,359,356;,
  3;359,360,361;,
  3;362,361,360;,
  3;361,362,363;,
  3;364,365,366;,
  3;365,364,367;,
  3;368,367,364;,
  3;367,368,369;,
  3;370,369,368;,
  3;369,370,371;,
  3;339,370,338;,
  3;370,339,371;,
  3;372,373,374;,
  3;375,376,377;,
  3;325,358,357;,
  3;358,325,327;,
  3;378,379,380;,
  3;381,382,383;,
  3;314,384,315;,
  3;384,314,385;,
  3;323,386,322;,
  3;386,323,387;,
  3;331,388,330;,
  3;388,331,389;,
  3;335,390,333;,
  3;390,335,391;,
  3;347,392,346;,
  3;392,347,393;,
  3;354,394,355;,
  3;394,354,395;,
  3;362,396,363;,
  3;396,362,397;,
  3;365,398,366;,
  3;398,365,399;,
  3;400,401,402;,
  3;401,400,403;,
  3;402,404,405;,
  3;404,402,401;,
  3;405,406,407;,
  3;406,405,404;,
  3;407,408,409;,
  3;408,407,406;,
  3;409,410,411;,
  3;410,409,408;,
  3;412,413,414;,
  3;413,412,415;,
  3;415,416,413;,
  3;416,415,417;,
  3;417,418,416;,
  3;418,417,419;,
  3;419,420,418;,
  3;420,419,421;,
  3;421,422,420;,
  3;422,421,423;,
  3;424,425,426;,
  3;425,424,427;,
  3;428,429,430;,
  3;429,428,431;,
  3;430,432,433;,
  3;432,430,429;,
  3;433,434,435;,
  3;434,433,432;,
  3;435,436,437;,
  3;436,435,434;,
  3;437,438,439;,
  3;438,437,436;,
  3;440,441,442;,
  3;441,440,443;,
  3;444,445,446;,
  3;445,444,447;,
  3;446,448,449;,
  3;448,446,445;,
  3;449,450,451;,
  3;450,449,448;,
  3;451,452,453;,
  3;452,451,450;,
  3;453,454,455;,
  3;454,453,452;,
  3;456,457,458;,
  3;459,460,461;,
  3;462,463,464;,
  3;465,466,467;,
  3;468,469,470;,
  3;471,472,473;,
  3;474,475,476;,
  3;477,478,479;;

  MeshNormals {
   480;
   0.975695;0.218980;-0.008189;,
   0.979791;0.194346;-0.047330;,
   0.983641;0.175467;-0.040765;,
   0.974733;0.223370;-0.001047;,
   0.958496;0.261675;-0.113188;,
   0.941498;0.330261;-0.067154;,
   0.897554;0.423815;0.121567;,
   0.740467;0.610755;0.280512;,
   0.455659;0.599406;0.658093;,
   0.206785;0.616805;0.759468;,
   0.267692;0.514488;-0.814643;,
   0.652043;0.689766;-0.314743;,
   0.623215;0.748190;-0.227629;,
   0.102539;0.349708;-0.931230;,
   0.925242;0.371125;0.078705;,
   0.948172;0.303372;0.094530;,
   0.967757;0.179846;0.176356;,
   0.958732;0.182103;0.218340;,
   0.984955;0.161350;0.061888;,
   0.982141;0.184710;0.035791;,
   0.087963;0.981824;0.168180;,
   -0.041621;0.831661;0.553721;,
   0.114323;0.836064;0.536588;,
   -0.072004;0.982213;0.173413;,
   0.013149;0.582179;0.812954;,
   0.160992;0.601254;0.782672;,
   0.072852;0.315785;0.946030;,
   0.216493;0.354005;0.909841;,
   0.090564;0.181995;0.979120;,
   0.243265;0.231660;0.941890;,
   0.232542;0.381277;-0.894736;,
   0.092182;0.422413;-0.901704;,
   0.221246;0.458278;-0.860832;,
   0.101976;0.344580;-0.933202;,
   0.042354;0.610177;-0.791133;,
   0.175112;0.628341;-0.757973;,
   -0.017748;0.819864;-0.572283;,
   0.124550;0.824932;-0.551340;,
   -0.061857;0.969700;-0.236337;,
   0.092045;0.969147;-0.228653;,
   -0.278253;0.778055;0.563210;,
   -0.317629;0.932656;0.171068;,
   -0.207452;0.505240;0.837673;,
   -0.169934;0.195400;0.965889;,
   -0.194353;0.051783;0.979564;,
   -0.187651;0.318380;-0.929205;,
   -0.177961;0.225329;-0.957892;,
   -0.221101;0.503874;-0.835000;,
   -0.237218;0.768015;-0.594879;,
   -0.299712;0.920275;-0.251529;,
   -0.511105;0.668744;0.539957;,
   -0.558571;0.814175;0.158486;,
   -0.402504;0.388429;0.828923;,
   -0.358721;0.036541;0.932730;,
   -0.354828;-0.111230;0.928292;,
   -0.456355;0.178372;-0.871736;,
   -0.441536;0.044792;-0.896125;,
   -0.487883;0.314217;-0.814395;,
   -0.460365;0.630593;-0.624833;,
   -0.535352;0.806228;-0.251783;,
   -0.646888;0.564786;0.512399;,
   -0.697695;0.701926;0.143253;,
   -0.522788;0.292324;0.800775;,
   -0.486322;-0.035721;0.873049;,
   -0.435118;-0.173319;0.883535;,
   -0.559522;0.099135;-0.822866;,
   -0.516396;0.004403;-0.856338;,
   -0.604367;0.220042;-0.765716;,
   -0.572730;0.514223;-0.638400;,
   -0.670331;0.697659;-0.252843;,
   -0.997086;-0.072764;0.022922;,
   -0.981903;-0.130557;0.137191;,
   -0.983733;-0.133450;0.120250;,
   -0.997342;-0.069140;0.023015;,
   -0.945159;-0.250403;0.209697;,
   -0.958585;-0.234351;0.161850;,
   -0.924610;-0.354472;0.139452;,
   -0.941479;-0.324516;0.091136;,
   -0.933389;-0.354182;0.057798;,
   -0.943942;-0.329062;0.026314;,
   -0.911028;-0.408426;-0.056721;,
   -0.930045;-0.349892;-0.112218;,
   -0.936730;-0.317506;-0.147402;,
   -0.893121;-0.449815;-0.001263;,
   -0.939379;-0.273083;-0.207347;,
   -0.943729;-0.233387;-0.234320;,
   -0.960473;-0.155593;-0.230830;,
   -0.969598;-0.110654;-0.218254;,
   -0.991645;-0.066535;-0.110511;,
   -0.993301;-0.060119;-0.098683;,
   -0.936526;-0.348511;0.038209;,
   -0.960090;-0.221336;0.170990;,
   -0.928707;-0.370613;0.012223;,
   -0.996333;-0.025476;0.081680;,
   -0.928408;-0.311465;0.202604;,
   -0.919916;-0.391632;-0.019466;,
   -0.768652;-0.601445;-0.217801;,
   -0.432648;-0.550774;-0.713767;,
   -0.188432;-0.557602;-0.808439;,
   -0.761196;-0.604256;0.235491;,
   -0.190600;-0.608136;0.770612;,
   0.173664;-0.568174;0.804375;,
   -0.902079;-0.420010;0.099222;,
   -0.898628;-0.406053;-0.166098;,
   -0.923771;-0.316433;-0.215679;,
   -0.955150;-0.226177;-0.191137;,
   -0.913795;-0.402422;0.055086;,
   0.179499;-0.258147;-0.949284;,
   -0.011372;-0.145379;-0.989311;,
   0.373081;-0.311667;-0.873885;,
   -0.093871;-0.224963;0.969835;,
   0.151600;-0.398824;0.904410;,
   0.210840;-0.255832;0.943449;,
   0.396598;-0.913709;0.088578;,
   0.327578;-0.631355;-0.702911;,
   0.341767;-0.939557;0.020668;,
   0.337071;-0.627870;-0.701543;,
   0.163511;-0.179854;-0.970009;,
   0.214855;-0.081608;-0.973230;,
   0.295174;-0.280765;0.913260;,
   0.423971;-0.027009;0.905273;,
   0.226058;-0.682024;0.695515;,
   0.203953;-0.699743;0.684663;,
   0.994088;0.105166;0.027005;,
   0.987420;0.083608;-0.134209;,
   0.993640;0.096129;-0.058642;,
   0.969278;0.202423;-0.139732;,
   0.911329;0.246342;-0.329842;,
   0.937244;0.347413;0.029645;,
   0.933958;0.354588;0.044604;,
   0.913909;0.405891;0.004682;,
   0.909703;0.415138;-0.010041;,
   0.893802;0.448131;0.017215;,
   0.912420;0.409095;0.011493;,
   0.893477;0.448820;0.016083;,
   0.915494;0.401590;0.024429;,
   0.947381;0.304572;0.098510;,
   0.958287;0.237829;0.158504;,
   0.964378;0.202493;0.170214;,
   0.987198;0.107255;0.118051;,
   0.394180;-0.918261;-0.037676;,
   0.394180;-0.918261;-0.037676;,
   0.394180;-0.918261;-0.037676;,
   0.277488;-0.957997;-0.072397;,
   0.277488;-0.957997;-0.072397;,
   0.277488;-0.957997;-0.072397;,
   0.291402;-0.956601;0.000477;,
   0.291402;-0.956601;0.000477;,
   0.291402;-0.956601;0.000477;,
   0.344827;-0.938635;0.007602;,
   0.344827;-0.938635;0.007602;,
   0.344827;-0.938635;0.007602;,
   0.340692;-0.939961;0.020042;,
   0.340692;-0.939961;0.020042;,
   0.340692;-0.939961;0.020042;,
   0.350052;-0.936565;0.017618;,
   0.350052;-0.936565;0.017618;,
   0.350052;-0.936565;0.017618;,
   0.493459;-0.814328;0.305561;,
   0.493459;-0.814328;0.305561;,
   0.493459;-0.814328;0.305561;,
   0.505774;-0.831088;0.231269;,
   0.505774;-0.831088;0.231269;,
   0.505774;-0.831088;0.231269;,
   0.079054;-0.020945;0.996650;,
   0.079054;-0.020945;0.996650;,
   0.079054;-0.020945;0.996650;,
   0.080671;-0.020452;0.996531;,
   0.080671;-0.020452;0.996531;,
   0.080671;-0.020452;0.996531;,
   0.196521;-0.355724;0.913696;,
   0.196521;-0.355724;0.913696;,
   0.196521;-0.355724;0.913696;,
   0.155716;-0.381470;0.911171;,
   0.155716;-0.381470;0.911171;,
   0.155716;-0.381470;0.911171;,
   0.167802;-0.426710;0.888685;,
   0.167802;-0.426710;0.888685;,
   0.167802;-0.426710;0.888685;,
   0.032268;-0.514711;0.856756;,
   0.032268;-0.514711;0.856756;,
   0.032268;-0.514711;0.856756;,
   0.139431;-0.890108;0.433898;,
   0.139431;-0.890108;0.433898;,
   0.139431;-0.890108;0.433898;,
   0.144034;-0.888637;0.435407;,
   0.144034;-0.888637;0.435407;,
   0.144034;-0.888637;0.435407;,
   0.176678;-0.983219;0.045445;,
   0.176678;-0.983219;0.045445;,
   0.176678;-0.983219;0.045445;,
   0.174260;-0.983681;0.044770;,
   0.174260;-0.983681;0.044770;,
   0.174260;-0.983681;0.044770;,
   0.158391;-0.911916;-0.378578;,
   0.158391;-0.911916;-0.378578;,
   0.158391;-0.911916;-0.378578;,
   0.158746;-0.911879;-0.378518;,
   0.158746;-0.911879;-0.378518;,
   0.158746;-0.911879;-0.378518;,
   0.095868;-0.694388;-0.713187;,
   0.095868;-0.694388;-0.713187;,
   0.095868;-0.694388;-0.713187;,
   0.097758;-0.694215;-0.713098;,
   0.097758;-0.694215;-0.713098;,
   0.097758;-0.694215;-0.713098;,
   0.114255;-0.254437;-0.960317;,
   0.114255;-0.254437;-0.960317;,
   0.114255;-0.254437;-0.960317;,
   -0.020408;-0.277247;-0.960582;,
   -0.020408;-0.277247;-0.960582;,
   -0.020408;-0.277247;-0.960582;,
   -0.015568;0.208939;-0.977805;,
   -0.015568;0.208939;-0.977805;,
   -0.015568;0.208939;-0.977805;,
   -0.015072;0.209034;-0.977792;,
   -0.015072;0.209034;-0.977792;,
   -0.015072;0.209034;-0.977792;,
   0.664143;0.317183;-0.676986;,
   0.664143;0.317183;-0.676986;,
