xof 0303txt 0032
template ColorRGBA {
 <35ff44e0-6c7c-11cf-8f52-0040333594a3>
 FLOAT red;
 FLOAT green;
 FLOAT blue;
 FLOAT alpha;
}

template ColorRGB {
 <d3e16e81-7835-11cf-8f52-0040333594a3>
 FLOAT red;
 FLOAT green;
 FLOAT blue;
}

template Material {
 <3d82ab4d-62da-11cf-ab39-0020af71e433>
 ColorRGBA faceColor;
 FLOAT power;
 ColorRGB specularColor;
 ColorRGB emissiveColor;
 [...]
}

template TextureFilename {
 <a42790e1-7810-11cf-8f52-0040333594a3>
 STRING filename;
}

template Frame {
 <3d82ab46-62da-11cf-ab39-0020af71e433>
 [...]
}

template Matrix4x4 {
 <f6f23f45-7686-11cf-8f52-0040333594a3>
 array FLOAT matrix[16];
}

template FrameTransformMatrix {
 <f6f23f41-7686-11cf-8f52-0040333594a3>
 Matrix4x4 frameMatrix;
}

template Vector {
 <3d82ab5e-62da-11cf-ab39-0020af71e433>
 FLOAT x;
 FLOAT y;
 FLOAT z;
}

template MeshFace {
 <3d82ab5f-62da-11cf-ab39-0020af71e433>
 DWORD nFaceVertexIndices;
 array DWORD faceVertexIndices[nFaceVertexIndices];
}

template Mesh {
 <3d82ab44-62da-11cf-ab39-0020af71e433>
 DWORD nVertices;
 array Vector vertices[nVertices];
 DWORD nFaces;
 array MeshFace faces[nFaces];
 [...]
}

template MeshNormals {
 <f6f23f43-7686-11cf-8f52-0040333594a3>
 DWORD nNormals;
 array Vector normals[nNormals];
 DWORD nFaceNormals;
 array MeshFace faceNormals[nFaceNormals];
}

template MeshMaterialList {
 <f6f23f42-7686-11cf-8f52-0040333594a3>
 DWORD nMaterials;
 DWORD nFaceIndexes;
 array DWORD faceIndexes[nFaceIndexes];
 [Material <3d82ab4d-62da-11cf-ab39-0020af71e433>]
}

template Coords2d {
 <f6f23f44-7686-11cf-8f52-0040333594a3>
 FLOAT u;
 FLOAT v;
}

template MeshTextureCoords {
 <f6f23f40-7686-11cf-8f52-0040333594a3>
 DWORD nTextureCoords;
 array Coords2d textureCoords[nTextureCoords];
}

template XSkinMeshHeader {
 <3cf169ce-ff7c-44ab-93c0-f78f62d172e2>
 WORD nMaxSkinWeightsPerVertex;
 WORD nMaxSkinWeightsPerFace;
 WORD nBones;
}

template SkinWeights {
 <6f0d123b-bad2-4167-a0d0-80224f25fabb>
 STRING transformNodeName;
 DWORD nWeights;
 array DWORD vertexIndices[nWeights];
 array FLOAT weights[nWeights];
 Matrix4x4 matrixOffset;
}

template AnimTicksPerSecond {
 <9e415a43-7ba6-4a73-8743-b73d47e88476>
 DWORD AnimTicksPerSecond;
}

template Animation {
 <3d82ab4f-62da-11cf-ab39-0020af71e433>
 [...]
}

template AnimationSet {
 <3d82ab50-62da-11cf-ab39-0020af71e433>
 [Animation <3d82ab4f-62da-11cf-ab39-0020af71e433>]
}

template FloatKeys {
 <10dd46a9-775b-11cf-8f52-0040333594a3>
 DWORD nValues;
 array FLOAT values[nValues];
}

template TimedFloatKeys {
 <f406b180-7b3b-11cf-8f52-0040333594a3>
 DWORD time;
 FloatKeys tfkeys;
}

template AnimationKey {
 <10dd46a8-775b-11cf-8f52-0040333594a3>
 DWORD keyType;
 DWORD nKeys;
 array TimedFloatKeys keys[nKeys];
}


Material _08_-_Default {
 1.000000;1.000000;1.000000;1.000000;;
 100.000000;
 0.200000;0.200000;0.200000;;
 0.000000;0.000000;0.000000;;

 TextureFilename {
  "SheepSkinVest.png";
 }
}

Frame Dummy01 {
 

 FrameTransformMatrix {
  1.000000,0.000000,0.000000,0.000000,0.000000,-0.000000,-1.000000,0.000000,0.000000,1.000000,-0.000000,0.000000,0.000000,0.000000,0.000000,1.000000;;
 }

 Frame Bip01 {
  

  FrameTransformMatrix {
   -0.087155,0.982405,-0.165183,0.000000,-0.000001,0.165814,0.986157,0.000000,0.996195,0.085949,-0.014450,0.000000,-0.010000,-0.012284,0.490453,1.000000;;
  }

  Frame Bip01_Pelvis {
   

   FrameTransformMatrix {
    0.000000,1.000000,-0.000001,0.000000,-0.000001,0.000001,1.000000,0.000000,1.000000,0.000000,0.000001,0.000000,0.000000,0.000000,0.000000,1.000000;;
   }

   Frame Bip01_Spine {
    

    FrameTransformMatrix {
     0.984686,0.000002,-0.174337,0.000000,-0.000001,1.000000,0.000004,0.000000,0.174337,-0.000004,0.984686,0.000000,0.051619,0.000000,-0.000083,1.000000;;
    }

    Frame Bip01_Spine1 {
     

     FrameTransformMatrix {
      0.997819,0.052687,0.039774,0.000000,-0.044862,0.983198,-0.176942,0.000000,-0.048428,0.174771,0.983417,0.000000,0.106484,-0.000015,-0.000083,1.000000;;
     }

     Frame Bip01_Neck {
      

      FrameTransformMatrix {
       0.966067,-0.020835,0.257451,0.000000,0.025191,0.999590,-0.013632,0.000000,-0.257061,0.019655,0.966195,0.000000,0.130511,-0.000001,0.004626,1.000000;;
      }

      Frame Bip01_Head {
       

       FrameTransformMatrix {
        0.989321,-0.051753,-0.136255,0.000000,0.064251,0.993958,0.088989,0.000000,0.130826,-0.096793,0.986669,0.000000,0.033674,-0.000000,-0.000000,1.000000;;
       }
      }

      Frame Bip01_L_Clavicle {
       

       FrameTransformMatrix {
        -0.205975,0.976135,0.068811,0.000000,0.943873,0.216738,-0.249254,0.000000,-0.258220,0.013609,-0.965990,0.000000,-0.024734,0.015166,0.002017,1.000000;;
       }

       Frame Bip01_L_UpperArm {
        

        FrameTransformMatrix {
         0.385871,-0.777669,0.496320,0.000000,0.922466,0.332598,-0.196046,0.000000,-0.012616,0.533487,0.845714,0.000000,0.087086,-0.000000,0.000000,1.000000;;
        }

        Frame Bip01_L_Forearm {
         

         FrameTransformMatrix {
          0.943939,0.000000,-0.330119,0.000000,0.000000,1.000000,-0.000000,0.000000,0.330119,-0.000000,0.943939,0.000000,0.137062,-0.000000,0.000000,1.000000;;
         }

         Frame Bip01_L_Hand {
          

          FrameTransformMatrix {
           1.000000,-0.000000,0.000000,0.000000,0.000000,0.000796,1.000000,0.000000,0.000000,-1.000000,0.000796,0.000000,0.137062,0.000000,0.000000,1.000000;;
          }

          Frame Bip01_L_Finger0 {
           

           FrameTransformMatrix {
            0.690342,-0.181727,0.700288,0.000000,0.558537,0.749101,-0.356210,0.000000,-0.459853,0.637043,0.618637,0.000000,0.057681,-0.023605,-0.000272,1.000000;;
           }
          }

          Frame Bip01_L_Finger1 {
           

           FrameTransformMatrix {
            0.728079,-0.000546,0.685493,0.000000,0.000000,1.000000,0.000796,0.000000,-0.685493,-0.000580,0.728079,0.000000,0.084102,0.000000,0.000000,1.000000;;
           }
          }
         }
        }
       }
      }

      Frame Bip01_R_Clavicle {
       

       FrameTransformMatrix {
        -0.028509,-0.999573,-0.006461,0.000000,-0.965665,0.025871,0.258498,0.000000,-0.258220,0.013609,-0.965990,0.000000,-0.024080,-0.016250,0.001399,1.000000;;
       }

       Frame Bip01_R_UpperArm {
        

        FrameTransformMatrix {
         0.221390,0.975047,0.016433,0.000000,-0.974986,0.221654,-0.016512,0.000000,-0.019742,-0.012366,0.999729,0.000000,0.087086,0.000000,0.000000,1.000000;;
        }

        Frame Bip01_R_Forearm {
         

         FrameTransformMatrix {
          0.915660,-0.000000,-0.401954,0.000000,-0.000000,1.000000,-0.000000,0.000000,0.401954,-0.000000,0.915660,0.000000,0.137062,0.000000,-0.000000,1.000000;;
         }

         Frame Bip01_R_Hand {
          

          FrameTransformMatrix {
           0.975195,-0.000000,-0.221346,0.000000,-0.221346,0.000796,-0.975195,0.000000,0.000176,1.000000,0.000777,0.000000,0.137062,0.000000,0.000000,1.000000;;
          }

          Frame Bip01_R_Finger0 {
           

           FrameTransformMatrix {
            0.417774,-0.116941,0.900994,0.000000,-0.558537,0.749101,0.356210,0.000000,-0.716591,-0.652054,0.247639,0.000000,0.057681,0.023605,-0.000272,1.000000;;
           }
          }

          Frame Bip01_R_Finger1 {
           

           FrameTransformMatrix {
            0.352436,0.000745,0.935835,0.000000,-0.000000,1.000000,-0.000796,0.000000,-0.935836,0.000281,0.352436,0.000000,0.084102,0.000000,0.000000,1.000000;;
           }
          }
         }
        }
       }
      }
     }

     Frame Bip01_BackPack {
      

      FrameTransformMatrix {
       0.180560,0.080500,-0.980264,0.000000,0.047560,0.994764,0.090451,0.000000,0.982413,-0.062954,0.175786,0.000000,0.063697,0.000003,-0.088856,1.000000;;
      }
     }
    }

    Frame Bip01_L_Thigh {
     

     FrameTransformMatrix {
      -0.888504,0.030427,0.457858,0.000000,-0.032107,-0.999476,0.004114,0.000000,0.457744,-0.011045,0.889016,0.000000,-0.050843,0.055225,-0.008917,1.000000;;
     }

     Frame Bip01_L_Calf {
      

      FrameTransformMatrix {
       0.942235,-0.000000,-0.334952,0.000000,-0.000000,1.000000,-0.000000,0.000000,0.334952,0.000000,0.942235,0.000000,0.237500,0.000000,-0.000000,1.000000;;
      }

      Frame Bip01_L_Foot {
       

       FrameTransformMatrix {
        0.924325,-0.026487,0.380687,0.000000,-0.068962,0.969570,0.234901,0.000000,-0.375325,-0.243378,0.894371,0.000000,0.206841,-0.000000,0.000000,1.000000;;
       }

       Frame Bip01_L_Toe0 {
        

        FrameTransformMatrix {
         0.000000,0.000000,1.000000,0.000000,0.000000,1.000000,-0.000000,0.000000,-1.000000,0.000000,0.000000,0.000000,0.065373,0.000000,0.066450,1.000000;;
        }
       }
      }
     }
    }

    Frame Bip01_R_Thigh {
     

     FrameTransformMatrix {
      -0.996965,0.030321,-0.071704,0.000000,-0.029454,-0.999480,-0.013113,0.000000,-0.072065,-0.010961,0.997340,0.000000,-0.050843,-0.055225,-0.008917,1.000000;;
     }

     Frame Bip01_R_Calf {
      

      FrameTransformMatrix {
       0.730239,0.000000,-0.683192,0.000000,0.000000,1.000000,0.000000,0.000000,0.683192,-0.000000,0.730239,0.000000,0.237500,0.000000,0.000000,1.000000;;
      }

      Frame Bip01_R_Foot {
       

       FrameTransformMatrix {
        0.991957,0.087165,-0.091782,0.000000,-0.093276,0.993546,-0.064539,0.000000,0.085565,0.072581,0.993685,0.000000,0.206841,-0.000000,0.000000,1.000000;;
       }

       Frame Bip01_R_Toe0 {
        

        FrameTransformMatrix {
         0.000000,0.000000,1.000000,0.000000,0.000000,1.000000,-0.000000,0.000000,-1.000000,0.000000,0.000000,0.000000,0.065373,0.000000,0.066450,1.000000;;
        }
       }
      }
     }
    }
   }

   Frame Bip01_DressFront {
    

    FrameTransformMatrix {
     -0.880185,-0.088339,0.466338,0.000000,0.121847,0.907542,0.401896,0.000000,-0.458725,0.410564,-0.788041,0.000000,-0.043935,0.001339,0.061057,1.000000;;
    }

    Frame Bip01_DressFront02 {
     

     FrameTransformMatrix {
      0.912593,0.000001,0.408870,0.000000,-0.000001,1.000000,-0.000000,0.000000,-0.408870,-0.000000,0.912593,0.000000,0.183378,-0.000000,-0.000120,1.000000;;
     }
    }
   }

   Frame Bip01_DressBack {
    

    FrameTransformMatrix {
     -0.886023,0.038029,0.462080,0.000000,0.191625,0.937561,0.290274,0.000000,-0.422190,0.345735,-0.837988,0.000000,-0.047673,-0.000048,-0.078302,1.000000;;
    }

    Frame Bip01_DressBack02 {
     

     FrameTransformMatrix {
      0.936852,0.174932,-0.302833,0.000000,-0.166408,0.984581,0.053939,0.000000,0.307600,-0.000139,0.951516,0.000000,0.176125,0.000000,-0.000103,1.000000;;
     }
    }
   }
  }

  Frame Bip01_Prop1 {
   

   FrameTransformMatrix {
    -0.233929,-0.108090,0.966226,0.000000,0.687222,0.684611,0.242967,0.000000,-0.687752,0.720850,-0.085868,0.000000,0.108125,-0.048422,-0.137969,1.000000;;
   }
  }

  Frame Bip01_Prop2 {
   

   FrameTransformMatrix {
    -0.163643,-0.967062,0.194966,0.000000,0.985576,-0.168906,-0.010564,0.000000,0.043147,0.190425,0.980753,0.000000,-0.138405,-0.102098,0.114818,1.000000;;
   }
  }
 }
}

Frame Translation_Data {
 

 FrameTransformMatrix {
  1.000000,0.000000,0.000000,0.000000,0.000000,1.000000,0.000000,0.000000,0.000000,0.000000,1.000000,0.000000,0.000000,-0.000000,0.000000,1.000000;;
 }
}

Frame Bob_SheepSkinVest {
 

 FrameTransformMatrix {
  1.000000,0.000000,0.000000,0.000000,0.000000,1.000000,0.000000,0.000000,0.000000,0.000000,1.000000,0.000000,0.000000,0.000000,0.000000,1.000000;;
 }

 Mesh Bob_SheepSkinVest {
  326;
  0.051616;0.796689;0.002801;,
  0.036862;0.774973;-0.016982;,
  0.035910;0.803804;0.011943;,
  0.091201;0.742955;-0.012179;,
  0.055851;0.713858;-0.042083;,
  0.046930;0.748942;-0.026661;,
  0.095314;0.706489;-0.007678;,
  0.080011;0.781639;0.098526;,
  0.038996;0.801145;0.087851;,
  0.047628;0.782318;0.105923;,
  0.066715;0.801913;0.064855;,
  0.098811;0.559881;0.053823;,
  0.049431;0.563903;0.102504;,
  0.046210;0.554365;0.103224;,
  0.098776;0.568442;0.051111;,
  0.090996;0.567504;-0.014982;,
  0.097350;0.541487;0.008507;,
  0.091213;0.509798;-0.031485;,
  0.053574;0.524358;-0.056968;,
  0.093481;0.526327;-0.026964;,
  0.052790;0.506606;-0.056829;,
  0.003528;0.715470;-0.055844;,
  0.000521;0.756812;-0.035308;,
  0.025542;0.755667;-0.033987;,
  0.000000;0.559809;0.104900;,
  0.000000;0.549967;0.105444;,
  0.055303;0.644780;0.102434;,
  -0.000000;0.679875;0.110279;,
  0.000000;0.645002;0.107040;,
  0.057023;0.682474;0.105889;,
  0.107523;0.514648;0.076098;,
  0.047380;0.529526;0.113019;,
  0.046310;0.513638;0.114996;,
  0.105787;0.530479;0.070049;,
  0.109296;0.513974;0.014113;,
  0.106558;0.530315;0.010429;,
  0.054354;0.602767;0.100815;,
  0.087028;0.645962;0.074704;,
  0.100877;0.654698;0.053186;,
  0.089649;0.617107;-0.011878;,
  0.093954;0.669378;-0.009668;,
  0.098050;0.606532;0.050439;,
  0.056581;0.676039;-0.050438;,
  0.057712;0.618333;-0.049728;,
  0.002966;0.676638;-0.065028;,
  0.013356;0.616303;-0.061225;,
  0.004268;0.615520;-0.062715;,
  0.013894;0.676564;-0.063466;,
  0.090723;0.806083;0.071415;,
  0.116997;0.815752;0.033723;,
  0.094271;0.817347;0.032122;,
  0.114132;0.802102;0.086354;,
  0.090124;0.810968;0.034513;,
  0.066715;0.801913;0.064855;,
  0.085757;0.801119;0.068870;,
  0.065691;0.808727;0.034656;,
  0.096823;0.689320;0.086469;,
  0.064720;0.807550;0.063668;,
  0.049696;0.816683;0.043002;,
  0.036065;0.817306;0.080273;,
  0.095655;0.794071;0.002239;,
  0.080061;0.765008;-0.007254;,
  0.065801;0.785963;0.002331;,
  0.101881;0.762212;-0.005811;,
  0.117664;0.801058;-0.010148;,
  0.106075;0.761586;-0.013995;,
  0.098765;0.798022;-0.004789;,
  0.099077;0.721942;0.093683;,
  0.057168;0.721819;0.111331;,
  0.099539;0.737350;0.094113;,
  -0.000000;0.716709;0.113791;,
  0.000000;0.778323;0.106760;,
  0.080011;0.781639;0.098526;,
  0.102837;0.735769;0.099165;,
  0.113843;0.737392;0.094258;,
  0.086054;0.783805;0.105331;,
  0.109767;0.694854;0.040243;,
  0.101408;0.699187;0.008735;,
  0.110152;0.709265;0.007062;,
  0.107643;0.726808;-0.011079;,
  0.117380;0.718698;-0.003112;,
  0.106640;0.693487;0.066082;,
  0.064397;0.814364;0.031973;,
  0.004938;0.524112;-0.060349;,
  0.015298;0.524864;-0.059422;,
  0.018949;0.505225;-0.058683;,
  0.000521;0.530674;0.120381;,
  0.000521;0.513772;0.116873;,
  0.051924;0.561410;-0.051066;,
  0.000000;0.601974;0.103574;,
  0.049696;0.816683;0.043002;,
  0.064397;0.814364;0.031973;,
  0.109236;0.713761;0.074543;,
  0.015048;0.800957;0.094117;,
  0.113404;0.704065;0.040932;,
  0.106633;0.712776;0.011242;,
  0.012677;0.715392;-0.054099;,
  0.080061;0.765008;-0.007254;,
  0.038770;0.769336;-0.010912;,
  0.111959;0.714643;0.077903;,
  0.115925;0.714567;0.077613;,
  0.000000;0.800617;0.093847;,
  0.014373;0.559283;-0.060755;,
  0.003650;0.558966;-0.062009;,
  -0.035819;0.774973;-0.016982;,
  -0.050566;0.796692;0.002805;,
  -0.034867;0.803804;0.011943;,
  -0.091206;0.742949;-0.012178;,
  -0.055852;0.713858;-0.042083;,
  -0.095275;0.706487;-0.007740;,
  -0.046930;0.748942;-0.026661;,
  -0.063686;0.810167;0.063753;,
  -0.039009;0.809293;0.086385;,
  -0.035022;0.817306;0.079961;,
  -0.099227;0.559881;0.053823;,
  -0.049431;0.563903;0.102504;,
  -0.099191;0.568442;0.051111;,
  -0.046210;0.554365;0.103224;,
  -0.092040;0.567504;-0.014982;,
  -0.098394;0.541487;0.008507;,
  -0.091256;0.509798;-0.031485;,
  -0.052375;0.524281;-0.056940;,
  -0.051748;0.506606;-0.056829;,
  -0.092522;0.526207;-0.028149;,
  -0.002849;0.715519;-0.057805;,
  -0.022462;0.753807;-0.033961;,
  0.000521;0.756812;-0.035308;,
  0.000000;0.559809;0.104900;,
  0.000000;0.549967;0.105444;,
  -0.055303;0.644780;0.102434;,
  -0.000000;0.679875;0.110279;,
  -0.057023;0.682474;0.105889;,
  0.000000;0.645002;0.107040;,
  -0.107566;0.513492;0.076098;,
  -0.046324;0.532608;0.118348;,
  -0.105615;0.528825;0.070209;,
  -0.045267;0.513638;0.114996;,
  -0.108432;0.513147;0.008301;,
  -0.104466;0.529483;0.004782;,
  -0.054354;0.602767;0.100815;,
  -0.087029;0.645962;0.074704;,
  -0.100878;0.654703;0.053184;,
  -0.089579;0.617107;-0.011878;,
  -0.097979;0.606532;0.050439;,
  -0.093947;0.669366;-0.009680;,
  -0.056581;0.676039;-0.050438;,
  -0.057712;0.618333;-0.049728;,
  -0.014194;0.616965;-0.061693;,
  -0.002847;0.677674;-0.065172;,
  -0.004389;0.615967;-0.063592;,
  -0.012702;0.677578;-0.063134;,
  -0.088387;0.805926;0.071319;,
  -0.116929;0.815221;0.034726;,
  -0.117250;0.802128;0.085821;,
  -0.094094;0.816720;0.033173;,
  -0.090124;0.810968;0.034513;,
  -0.066715;0.804530;0.064855;,
  -0.065691;0.808727;0.034656;,
  -0.085757;0.801119;0.068870;,
  -0.096823;0.689320;0.086469;,
  -0.050367;0.816683;0.044737;,
  -0.095655;0.794071;0.002239;,
  -0.080061;0.765008;-0.007254;,
  -0.104652;0.762212;-0.005811;,
  -0.065801;0.785963;0.002331;,
  -0.117717;0.801139;-0.007864;,
  -0.098285;0.798200;-0.002661;,
  -0.107282;0.763282;-0.011599;,
  -0.099077;0.721942;0.093683;,
  -0.080011;0.781639;0.098526;,
  -0.099539;0.737350;0.094113;,
  -0.047628;0.782318;0.105923;,
  -0.057169;0.721819;0.111331;,
  -0.000000;0.716709;0.113791;,
  0.000000;0.778323;0.106760;,
  -0.080011;0.781639;0.098526;,
  -0.087772;0.784575;0.104245;,
  -0.105691;0.736033;0.099345;,
  -0.116841;0.742817;0.092792;,
  -0.109708;0.694823;0.040257;,
  -0.101582;0.699208;0.008725;,
  -0.091206;0.742949;-0.012178;,
  -0.105604;0.712867;0.011167;,
  -0.106462;0.731888;-0.003330;,
  -0.106647;0.693492;0.066063;,
  -0.063354;0.814364;0.031662;,
  0.000521;0.756812;-0.035308;,
  -0.015614;0.524745;-0.059202;,
  -0.004212;0.524173;-0.063078;,
  -0.017886;0.505353;-0.058511;,
  0.000521;0.530674;0.120381;,
  0.000521;0.513772;0.116873;,
  -0.051924;0.561410;-0.051066;,
  0.000000;0.601974;0.103574;,
  -0.050367;0.816683;0.044737;,
  -0.063354;0.814364;0.031662;,
  -0.109236;0.713770;0.074560;,
  -0.012618;0.807976;0.098672;,
  0.000521;0.815202;0.094095;,
  -0.113526;0.704270;0.040847;,
  -0.105604;0.712867;0.011167;,
  -0.012889;0.715416;-0.055517;,
  -0.080061;0.765008;-0.007254;,
  -0.038770;0.769336;-0.010912;,
  -0.117323;0.720927;-0.001454;,
  -0.113092;0.712035;0.077636;,
  -0.115748;0.714620;0.077864;,
  0.000521;0.806254;0.100338;,
  -0.014732;0.559517;-0.061314;,
  -0.003158;0.559120;-0.062886;,
  0.113404;0.704065;0.040932;,
  0.113404;0.704065;0.040932;,
  -0.113526;0.704270;0.040847;,
  -0.113526;0.704270;0.040847;,
  -0.108002;0.710385;0.007252;,
  0.091201;0.742955;-0.012179;,
  0.104489;0.731803;-0.003261;,
  0.106633;0.712776;0.011242;,
  -0.109093;0.730046;-0.008844;,
  0.117937;0.723568;0.003326;,
  0.118914;0.796726;-0.002447;,
  0.118094;0.809574;0.035913;,
  0.114567;0.797638;0.081932;,
  0.114211;0.743540;0.088210;,
  0.116774;0.719715;0.076119;,
  0.109236;0.713761;0.074543;,
  0.099539;0.737350;0.094113;,
  0.078380;0.761670;0.041891;,
  0.078380;0.761670;0.041891;,
  0.078380;0.761670;0.041891;,
  0.078380;0.761670;0.041891;,
  0.078380;0.761670;0.041891;,
  0.078380;0.761670;0.041891;,
  -0.118898;0.796752;-0.002447;,
  -0.117939;0.723568;0.003326;,
  -0.099539;0.737350;0.094113;,
  -0.109236;0.713770;0.074560;,
  -0.116774;0.719715;0.076119;,
  -0.114211;0.743540;0.088210;,
  -0.114619;0.797654;0.081932;,
  -0.118110;0.809600;0.035913;,
  -0.078346;0.761811;0.041732;,
  -0.078346;0.761811;0.041732;,
  -0.078346;0.761811;0.041732;,
  -0.078346;0.761811;0.041732;,
  -0.078346;0.761811;0.041732;,
  -0.078346;0.761811;0.041732;,
  0.000000;0.800617;0.093847;,
  -0.012632;0.802339;0.093241;,
  -0.037845;0.803656;0.085441;,
  -0.066715;0.804530;0.064855;,
  -0.065691;0.808727;0.034656;,
  -0.052540;0.791056;0.008875;,
  -0.065801;0.785963;0.002331;,
  -0.024533;0.750008;-0.027891;,
  -0.014563;0.714148;-0.048570;,
  -0.014809;0.676310;-0.056188;,
  -0.015845;0.615697;-0.054746;,
  -0.016742;0.560576;-0.054368;,
  -0.050854;0.527088;-0.050870;,
  -0.017355;0.525865;-0.053132;,
  -0.089451;0.529014;-0.022079;,
  -0.100933;0.530603;0.010852;,
  -0.102037;0.532312;0.062644;,
  -0.045036;0.532134;0.105480;,
  0.000000;0.530199;0.107512;,
  0.045050;0.532383;0.105454;,
  0.000000;0.530199;0.107512;,
  0.101201;0.532810;0.062485;,
  0.098818;0.530609;0.010687;,
  0.089370;0.529134;-0.020894;,
  0.051004;0.527165;-0.050898;,
  0.016929;0.560496;-0.054685;,
  0.017323;0.525984;-0.053352;,
  0.015748;0.615482;-0.055155;,
  0.014961;0.676332;-0.056663;,
  0.014567;0.714172;-0.049114;,
  0.024054;0.750031;-0.027917;,
  0.065801;0.785963;0.002331;,
  0.052548;0.791053;0.008871;,
  0.065691;0.808727;0.034656;,
  0.000521;0.806254;0.100338;,
  0.016173;0.806594;0.099548;,
  0.000521;0.815202;0.094095;,
  0.041084;0.806782;0.090375;,
  0.050251;0.507726;-0.050759;,
  0.087190;0.510919;-0.025415;,
  0.103702;0.514267;0.014371;,
  0.102870;0.513904;0.068534;,
  0.044020;0.512894;0.107431;,
  0.000000;0.513028;0.109308;,
  0.000000;0.513028;0.109308;,
  -0.044020;0.512894;0.107431;,
  -0.103914;0.513904;0.068534;,
  -0.104746;0.514267;0.014371;,
  -0.088233;0.510919;-0.025415;,
  -0.050251;0.507726;-0.050759;,
  -0.017697;0.506474;-0.052441;,
  0.065691;0.808727;0.034656;,
  -0.065691;0.808727;0.034656;,
  0.000000;0.751176;-0.029238;,
  -0.034022;0.798168;0.018013;,
  -0.047276;0.811046;0.044189;,
  -0.047276;0.811046;0.044189;,
  -0.034171;0.811670;0.077749;,
  0.000000;0.809566;0.088664;,
  0.000000;0.809566;0.088664;,
  0.034171;0.811670;0.077749;,
  0.047276;0.811046;0.044189;,
  0.047276;0.811046;0.044189;,
  0.034022;0.798168;0.018013;,
  -0.000000;0.714250;-0.050858;,
  -0.000000;0.676406;-0.058226;,
  -0.000000;0.614699;-0.056645;,
  -0.000000;0.560179;-0.055939;,
  -0.000000;0.525232;-0.054279;,
  0.014068;0.506346;-0.052613;,
  0.000000;0.513028;0.109308;,
  0.000000;0.720961;0.041779;,
  0.000000;0.720961;0.041779;,
  0.000000;0.720961;0.041779;,
  0.000000;0.720961;0.041779;,
  0.000000;0.720961;0.041779;,
  0.000000;0.720961;0.041779;,
  0.000000;0.720961;0.041779;,
  0.000000;0.720961;0.041779;;
  520;
  3;0,1,2;,
  3;3,4,5;,
  3;4,3,6;,
  3;7,8,9;,
  3;8,7,10;,
  3;11,12,13;,
  3;12,11,14;,
  3;15,11,16;,
  3;11,15,14;,
  3;17,18,19;,
  3;18,17,20;,
  3;21,22,23;,
  3;13,24,25;,
  3;24,13,12;,
  3;26,27,28;,
  3;27,26,29;,
  3;30,31,32;,
  3;31,30,33;,
  3;34,33,30;,
  3;33,34,35;,
  3;36,37,26;,
  3;38,39,40;,
  3;39,38,41;,
  3;39,42,40;,
  3;42,39,43;,
  3;44,45,46;,
  3;45,44,47;,
  3;48,49,50;,
  3;49,48,51;,
  3;52,53,54;,
  3;53,52,55;,
  3;37,29,26;,
  3;29,37,56;,
  3;57,58,59;,
  3;60,61,62;,
  3;61,60,63;,
  3;64,65,66;,
  3;67,9,68;,
  3;67,7,9;,
  3;67,69,7;,
  3;70,9,71;,
  3;9,70,68;,
  3;54,53,72;,
  3;51,73,74;,
  3;51,75,73;,
  3;51,48,75;,
  3;40,76,38;,
  3;76,40,77;,
  3;78,79,80;,
  3;6,77,40;,
  3;76,81,38;,
  3;35,17,19;,
  3;17,35,34;,
  3;58,57,82;,
  3;1,22,2;,
  3;83,84,85;,
  3;32,86,87;,
  3;86,32,31;,
  3;43,15,88;,
  3;15,43,39;,
  3;39,14,15;,
  3;14,39,41;,
  3;14,36,12;,
  3;36,14,41;,
  3;12,89,24;,
  3;89,12,36;,
  3;90,91,2;,
  3;2,91,0;,
  3;62,52,60;,
  3;52,62,55;,
  3;66,49,64;,
  3;49,66,50;,
  3;41,38,37;,
  3;67,92,69;,
  3;38,56,37;,
  3;56,38,81;,
  3;37,36,41;,
  3;8,93,9;,
  3;29,70,27;,
  3;70,29,68;,
  3;68,56,67;,
  3;56,68,29;,
  3;56,92,67;,
  3;92,56,81;,
  3;92,76,94;,
  3;76,92,81;,
  3;94,77,95;,
  3;77,94,76;,
  3;6,95,77;,
  3;95,6,3;,
  3;47,21,96;,
  3;21,47,44;,
  3;42,6,40;,
  3;6,42,4;,
  3;5,97,3;,
  3;97,5,98;,
  3;65,80,79;,
  3;65,64,80;,
  3;74,99,100;,
  3;99,74,73;,
  3;1,23,22;,
  3;28,36,26;,
  3;36,28,89;,
  3;9,101,71;,
  3;101,9,93;,
  3;46,102,103;,
  3;102,46,45;,
  3;104,105,106;,
  3;107,108,109;,
  3;108,107,110;,
  3;111,112,113;,
  3;114,115,116;,
  3;115,114,117;,
  3;118,114,116;,
  3;114,118,119;,
  3;120,121,122;,
  3;121,120,123;,
  3;124,125,126;,
  3;117,127,115;,
  3;127,117,128;,
  3;129,130,131;,
  3;130,129,132;,
  3;133,134,135;,
  3;134,133,136;,
  3;137,135,138;,
  3;135,137,133;,
  3;139,129,140;,
  3;141,142,143;,
  3;142,141,144;,
  3;142,145,146;,
  3;145,142,144;,
  3;147,148,149;,
  3;148,147,150;,
  3;151,152,153;,
  3;152,151,154;,
  3;155,156,157;,
  3;156,155,158;,
  3;140,131,159;,
  3;131,140,129;,
  3;111,113,160;,
  3;161,162,163;,
  3;162,161,164;,
  3;165,166,167;,
  3;168,169,170;,
  3;168,171,169;,
  3;168,172,171;,
  3;173,171,172;,
  3;171,173,174;,
  3;158,175,156;,
  3;153,176,151;,
  3;153,177,176;,
  3;153,178,177;,
  3;144,179,180;,
  3;179,144,141;,
  3;181,182,183;,
  3;109,144,180;,
  3;179,141,184;,
  3;123,137,138;,
  3;137,123,120;,
  3;160,185,111;,
  3;104,106,186;,
  3;187,188,189;,
  3;136,190,134;,
  3;190,136,191;,
  3;146,118,142;,
  3;118,146,192;,
  3;142,116,143;,
  3;116,142,118;,
  3;116,139,143;,
  3;139,116,115;,
  3;115,193,139;,
  3;193,115,127;,
  3;194,106,195;,
  3;106,105,195;,
  3;164,155,157;,
  3;155,164,161;,
  3;166,152,154;,
  3;152,166,165;,
  3;143,140,141;,
  3;168,170,196;,
  3;141,159,184;,
  3;159,141,140;,
  3;140,143,139;,
  3;113,197,198;,
  3;197,113,112;,
  3;131,173,172;,
  3;173,131,130;,
  3;172,159,131;,
  3;159,172,168;,
  3;159,196,184;,
  3;196,159,168;,
  3;196,179,184;,
  3;179,196,199;,
  3;199,180,179;,
  3;180,199,200;,
  3;109,200,107;,
  3;200,109,180;,
  3;124,150,201;,
  3;150,124,148;,
  3;145,109,108;,
  3;109,145,144;,
  3;110,202,203;,
  3;202,110,107;,
  3;181,163,162;,
  3;163,181,183;,
  3;167,204,165;,
  3;178,205,177;,
  3;205,178,206;,
  3;186,125,104;,
  3;132,139,193;,
  3;139,132,129;,
  3;198,197,207;,
  3;208,149,209;,
  3;149,208,147;,
  3;80,210,78;,
  3;211,100,99;,
  3;206,212,205;,
  3;213,204,214;,
  3;215,63,216;,
  3;63,215,61;,
  3;216,217,215;,
  3;167,218,204;,
  3;218,214,204;,
  3;219,64,220;,
  3;64,219,80;,
  3;220,49,221;,
  3;49,220,64;,
  3;221,51,222;,
  3;51,221,49;,
  3;222,74,223;,
  3;74,222,51;,
  3;223,100,224;,
  3;100,223,74;,
  3;224,100,211;,
  3;211,99,225;,
  3;225,73,226;,
  3;73,225,99;,
  3;226,75,72;,
  3;75,226,73;,
  3;72,48,54;,
  3;48,72,75;,
  3;54,50,52;,
  3;50,54,48;,
  3;52,66,60;,
  3;66,52,50;,
  3;60,65,63;,
  3;65,60,66;,
  3;63,79,216;,
  3;79,63,65;,
  3;216,78,217;,
  3;78,216,79;,
  3;217,78,210;,
  3;210,80,219;,
  3;221,227,220;,
  3;220,228,219;,
  3;219,229,210;,
  3;211,230,224;,
  3;231,223,224;,
  3;232,222,223;,
  3;221,222,232;,
  3;233,204,234;,
  3;204,233,165;,
  3;234,204,213;,
  3;213,214,182;,
  3;182,218,183;,
  3;218,182,214;,
  3;183,167,163;,
  3;167,183,218;,
  3;163,166,161;,
  3;166,163,167;,
  3;161,154,155;,
  3;154,161,166;,
  3;155,151,158;,
  3;151,155,154;,
  3;151,175,158;,
  3;175,151,176;,
  3;175,177,235;,
  3;177,175,176;,
  3;235,205,236;,
  3;205,235,177;,
  3;236,205,212;,
  3;212,206,237;,
  3;237,178,238;,
  3;178,237,206;,
  3;238,153,239;,
  3;153,238,178;,
  3;239,152,240;,
  3;152,239,153;,
  3;240,165,233;,
  3;165,240,152;,
  3;239,241,238;,
  3;242,237,238;,
  3;237,243,212;,
  3;244,234,213;,
  3;245,233,234;,
  3;246,240,233;,
  3;241,239,240;,
  3;247,171,174;,
  3;171,247,248;,
  3;248,249,171;,
  3;249,169,171;,
  3;169,249,250;,
  3;251,252,253;,
  3;253,203,202;,
  3;203,253,252;,
  3;203,254,110;,
  3;201,125,124;,
  3;254,108,110;,
  3;108,254,255;,
  3;255,145,108;,
  3;145,255,256;,
  3;256,146,145;,
  3;146,256,257;,
  3;257,192,146;,
  3;192,257,258;,
  3;122,187,189;,
  3;187,122,121;,
  3;209,187,208;,
  3;187,209,188;,
  3;258,259,192;,
  3;259,258,260;,
  3;192,261,118;,
  3;261,192,259;,
  3;261,119,118;,
  3;261,262,119;,
  3;262,114,119;,
  3;114,262,263;,
  3;263,117,114;,
  3;117,263,264;,
  3;264,128,117;,
  3;128,264,265;,
  3;25,266,13;,
  3;266,25,267;,
  3;13,268,11;,
  3;268,13,266;,
  3;11,269,16;,
  3;269,11,268;,
  3;269,270,16;,
  3;270,15,16;,
  3;270,88,15;,
  3;88,270,271;,
  3;103,84,83;,
  3;84,103,102;,
  3;20,84,18;,
  3;84,20,85;,
  3;271,272,88;,
  3;272,271,273;,
  3;88,274,43;,
  3;274,88,272;,
  3;43,275,42;,
  3;275,43,274;,
  3;42,276,4;,
  3;276,42,275;,
  3;4,277,5;,
  3;277,4,276;,
  3;277,98,5;,
  3;98,278,97;,
  3;278,98,279;,
  3;279,280,278;,
  3;23,96,21;,
  3;281,282,283;,
  3;59,282,284;,
  3;282,59,283;,
  3;284,57,59;,
  3;285,17,286;,
  3;17,285,20;,
  3;286,34,287;,
  3;34,286,17;,
  3;287,30,288;,
  3;30,287,34;,
  3;288,32,289;,
  3;32,288,30;,
  3;289,87,290;,
  3;87,289,32;,
  3;291,136,292;,
  3;136,291,191;,
  3;292,133,293;,
  3;133,292,136;,
  3;293,137,294;,
  3;137,293,133;,
  3;294,120,295;,
  3;120,294,137;,
  3;295,122,296;,
  3;122,295,120;,
  3;296,189,297;,
  3;189,296,122;,
  3;260,121,259;,
  3;121,260,187;,
  3;259,123,261;,
  3;123,259,121;,
  3;261,138,262;,
  3;138,261,123;,
  3;262,135,263;,
  3;135,262,138;,
  3;263,134,264;,
  3;134,263,135;,
  3;264,190,265;,
  3;190,264,134;,
  3;267,31,266;,
  3;31,267,86;,
  3;266,33,268;,
  3;33,266,31;,
  3;268,35,269;,
  3;35,268,33;,
  3;269,19,270;,
  3;19,269,35;,
  3;270,18,271;,
  3;18,270,19;,
  3;271,84,273;,
  3;84,271,18;,
  3;273,102,272;,
  3;102,273,84;,
  3;272,45,274;,
  3;45,272,102;,
  3;274,47,275;,
  3;47,274,45;,
  3;275,96,276;,
  3;96,275,47;,
  3;276,23,277;,
  3;23,276,96;,
  3;277,1,98;,
  3;1,277,23;,
  3;98,0,279;,
  3;0,98,1;,
  3;279,91,280;,
  3;91,279,0;,
  3;298,57,10;,
  3;57,298,82;,
  3;10,284,8;,
  3;284,10,57;,
  3;8,282,93;,
  3;282,8,284;,
  3;93,281,101;,
  3;281,93,282;,
  3;247,197,248;,
  3;197,247,207;,
  3;248,112,249;,
  3;112,248,197;,
  3;249,111,250;,
  3;111,249,112;,
  3;250,185,299;,
  3;185,250,111;,
  3;251,105,252;,
  3;105,251,195;,
  3;252,104,203;,
  3;104,252,105;,
  3;203,125,254;,
  3;125,203,104;,
  3;300,106,301;,
  3;106,300,186;,
  3;301,194,302;,
  3;194,301,106;,
  3;303,113,304;,
  3;113,303,160;,
  3;304,198,305;,
  3;198,304,113;,
  3;306,59,307;,
  3;59,306,283;,
  3;307,58,308;,
  3;58,307,59;,
  3;309,2,310;,
  3;2,309,90;,
  3;310,22,300;,
  3;22,310,2;,
  3;300,21,311;,
  3;21,300,22;,
  3;311,44,312;,
  3;44,311,21;,
  3;312,46,313;,
  3;46,312,44;,
  3;313,103,314;,
  3;103,313,46;,
  3;314,83,315;,
  3;83,314,103;,
  3;315,85,316;,
  3;85,315,83;,
  3;316,20,285;,
  3;20,316,85;,
  3;311,126,300;,
  3;126,311,124;,
  3;254,201,255;,
  3;201,254,125;,
  3;255,150,256;,
  3;150,255,201;,
  3;256,147,257;,
  3;147,256,150;,
  3;257,208,258;,
  3;208,257,147;,
  3;258,187,260;,
  3;187,258,208;,
  3;297,188,315;,
  3;188,297,189;,
  3;315,209,314;,
  3;209,315,188;,
  3;314,149,313;,
  3;149,314,209;,
  3;313,148,312;,
  3;148,313,149;,
  3;312,124,311;,
  3;124,312,148;,
  3;317,297,315;,
  3;317,315,316;,
  3;296,294,295;,
  3;294,292,293;,
  3;294,291,292;,
  3;296,291,294;,
  3;297,291,296;,
  3;290,288,289;,
  3;288,286,287;,
  3;288,285,286;,
  3;290,285,288;,
  3;316,285,290;,
  3;310,318,309;,
  3;308,319,307;,
  3;307,320,306;,
  3;321,304,305;,
  3;303,304,322;,
  3;302,323,301;,
  3;300,301,324;,
  3;325,310,300;;

  MeshNormals {
   326;
   0.604668;0.403728;-0.686571;,
   0.565551;0.317659;-0.761081;,
   -0.506695;0.813189;-0.286329;,
   0.469902;0.119812;-0.874550;,
   0.380790;0.282924;-0.880314;,
   0.166404;0.512684;-0.842297;,
   0.811492;-0.008670;-0.584299;,
   -0.279391;0.421221;0.862852;,
   0.415787;0.188023;0.889814;,
   0.145633;0.405330;0.902496;,
   0.410586;0.795889;0.444949;,
   0.924781;0.157064;0.346569;,
   0.423167;-0.042119;0.905072;,
   0.342605;0.037584;0.938728;,
   0.961070;0.044684;0.272667;,
   0.893611;0.045540;-0.446526;,
   0.981221;0.096438;-0.167046;,
   0.601831;-0.663547;-0.444416;,
   0.286347;0.501680;-0.816286;,
   0.687238;0.535226;-0.491159;,
   0.245917;-0.717403;-0.651811;,
   -0.379444;0.313188;-0.870595;,
   -0.683992;0.529696;-0.501575;,
   0.689727;0.202568;-0.695157;,
   0.000000;0.044289;0.999019;,
   -0.000004;0.080378;0.996765;,
   0.389507;-0.072871;0.918136;,
   -0.000000;-0.094143;0.995559;,
   0.000000;-0.078138;0.996943;,
   0.304480;-0.147399;0.941045;,
   0.746111;-0.477727;0.463783;,
   0.282547;0.591656;0.755057;,
   0.264412;-0.600462;0.754673;,
   0.705003;0.630815;0.324104;,
   0.773416;-0.627053;-0.092909;,
   0.693654;0.695897;-0.185933;,
   0.433697;-0.046458;0.899860;,
   0.749563;-0.186126;0.635226;,
   0.969518;-0.181179;0.164949;,
   0.912201;0.001188;-0.409742;,
   0.888827;-0.062918;-0.453904;,
   0.964243;-0.041778;0.261706;,
   0.453503;0.079455;-0.887706;,
   0.479266;0.000218;-0.877670;,
   -0.467151;0.074502;-0.881033;,
   0.627186;-0.014363;-0.778737;,
   -0.387969;-0.016178;-0.921530;,
   0.679090;0.082618;-0.729391;,
   -0.411567;0.859519;0.303052;,
   0.603063;0.796782;-0.038125;,
   -0.414357;0.898044;-0.147737;,
   0.597534;0.598177;0.533983;,
   -0.593568;0.788116;-0.162946;,
   0.410586;0.795889;0.444949;,
   -0.451525;0.831649;0.323242;,
   0.645102;0.711632;-0.278251;,
   0.693858;-0.261520;0.670946;,
   0.720505;0.627691;0.294748;,
   -0.316598;0.947796;-0.038057;,
   -0.031262;0.997542;0.062709;,
   -0.689564;0.377599;-0.617998;,
   0.131578;0.380855;-0.915225;,
   -0.041502;0.655837;-0.753761;,
   -0.485426;0.075312;-0.871028;,
   0.457462;0.546377;-0.701571;,
   -0.268649;-0.072205;-0.960528;,
   -0.620297;0.462190;-0.633729;,
   0.634531;-0.087984;0.767873;,
   0.235831;-0.012502;0.971714;,
   -0.358893;-0.346150;0.866820;,
   -0.000000;-0.010336;0.999947;,
   0.000000;0.303376;0.952871;,
   -0.279391;0.421221;0.862852;,
   -0.205748;-0.429886;0.879128;,
   0.760272;-0.152931;0.631347;,
   -0.272112;0.282242;0.919943;,
   0.961888;-0.264925;-0.067722;,
   0.929562;-0.157422;-0.333365;,
   -0.157733;-0.914292;-0.373083;,
   -0.306993;-0.339643;-0.889043;,
   0.684736;-0.486175;-0.542928;,
   0.945118;-0.220422;0.241177;,
   0.636368;0.711202;-0.298710;,
   -0.454184;-0.247318;-0.855892;,
   0.303615;0.183522;-0.934953;,
   -0.160116;-0.772919;-0.613970;,
   0.032665;0.632315;0.774023;,
   0.000040;-0.735682;0.677328;,
   0.395324;-0.007000;-0.918515;,
   -0.000000;-0.022784;0.999740;,
   -0.316598;0.947796;-0.038057;,
   0.636368;0.711202;-0.298710;,
   0.491320;-0.717086;0.494360;,
   0.083580;-0.108114;0.990619;,
   0.995372;-0.096052;-0.002964;,
   0.110725;-0.756487;-0.644568;,
   0.601441;0.204219;-0.772375;,
   0.131578;0.380855;-0.915225;,
   0.583387;0.257299;-0.770362;,
   -0.115203;-0.817220;0.564694;,
   0.618678;-0.649895;0.441445;,
   -0.049631;-0.123032;0.991161;,
   0.600198;-0.011367;-0.799771;,
   -0.446620;-0.034971;-0.894040;,
   -0.529462;0.363215;-0.766645;,
   -0.559678;0.428023;-0.709618;,
   0.546926;0.798115;-0.252754;,
   -0.442287;0.109922;-0.890112;,
   -0.376208;0.281862;-0.882622;,
   -0.816640;0.000556;-0.577147;,
   -0.166418;0.512680;-0.842297;,
   -0.629805;0.693451;0.349959;,
   -0.513549;0.226071;0.827743;,
   0.100570;0.993632;0.050799;,
   -0.919532;0.168852;0.354895;,
   -0.421223;-0.041634;0.906001;,
   -0.959426;0.052251;0.277078;,
   -0.339891;0.038777;0.939665;,
   -0.893676;0.054011;-0.445451;,
   -0.973034;0.138729;-0.184282;,
   -0.589054;-0.668014;-0.454723;,
   -0.264832;0.501903;-0.823381;,
   -0.242181;-0.717077;-0.653566;,
   -0.654787;0.535043;-0.533838;,
   0.438152;0.277374;-0.855036;,
   -0.583552;0.276766;-0.763458;,
   0.705848;0.540470;-0.457899;,
   0.000000;0.044289;0.999019;,
   -0.000004;0.080378;0.996765;,
   -0.389504;-0.072872;0.918137;,
   -0.000000;-0.094143;0.995559;,
   -0.304480;-0.147399;0.941045;,
   0.000000;-0.078138;0.996943;,
   -0.741165;-0.527893;0.414733;,
   -0.234345;0.605224;0.760780;,
   -0.755823;0.572988;0.316885;,
   -0.213235;-0.691904;0.689782;,
   -0.769906;-0.633933;-0.073301;,
   -0.709353;0.681785;-0.178848;,
   -0.433092;-0.045603;0.900196;,
   -0.749688;-0.186532;0.634960;,
   -0.969516;-0.181546;0.164559;,
   -0.912639;0.009747;-0.408650;,
   -0.964235;-0.035995;0.262593;,
   -0.888589;-0.064126;-0.454200;,
   -0.448145;0.079555;-0.890414;,
   -0.473767;0.002998;-0.880645;,
   -0.695409;-0.001687;-0.718612;,
   0.454980;0.076706;-0.887192;,
   0.392618;-0.020640;-0.919470;,
   -0.657705;0.073930;-0.749639;,
   0.520134;0.811393;0.266650;,
   -0.593697;0.804010;-0.033035;,
   -0.734597;0.537328;0.414301;,
   0.400636;0.903491;-0.152302;,
   0.560729;0.803045;-0.201747;,
   -0.381741;0.814302;0.437248;,
   -0.570848;0.767273;-0.292275;,
   0.524170;0.800138;0.291590;,
   -0.693857;-0.261564;0.670930;,
   0.272654;0.959673;-0.068460;,
   0.651182;0.384347;-0.654400;,
   -0.127778;0.381060;-0.915678;,
   0.510111;0.040015;-0.859177;,
   0.041502;0.655837;-0.753761;,
   -0.453942;0.552218;-0.699280;,
   0.608757;0.466899;-0.641421;,
   0.261729;-0.092056;-0.960741;,
   -0.634381;-0.087992;0.767996;,
   0.195473;0.402034;0.894516;,
   0.207969;-0.329173;0.921083;,
   -0.145633;0.405330;0.902496;,
   -0.235832;-0.012501;0.971714;,
   -0.000000;-0.010336;0.999947;,
   0.000000;0.303376;0.952871;,
   0.195473;0.402034;0.894516;,
   0.200581;0.330111;0.922385;,
   -0.001671;-0.422632;0.906300;,
   -0.929483;-0.017107;0.368467;,
   -0.960931;-0.269022;-0.065107;,
   -0.934243;-0.130652;-0.331842;,
   -0.442287;0.109922;-0.890112;,
   -0.145745;-0.724468;-0.673725;,
   0.537359;-0.376352;-0.754721;,
   -0.945496;-0.220072;0.240013;,
   -0.570996;0.755471;-0.321291;,
   0.705848;0.540470;-0.457899;,
   -0.426127;0.205491;-0.881016;,
   0.439502;-0.295229;-0.848338;,
   0.314655;-0.777020;-0.545191;,
   0.032665;0.632315;0.774023;,
   0.000040;-0.735682;0.677328;,
   -0.383825;-0.006078;-0.923386;,
   -0.000000;-0.022784;0.999740;,
   0.272654;0.959673;-0.068460;,
   -0.570996;0.755471;-0.321291;,
   -0.257827;-0.783561;0.565294;,
   -0.284657;0.034450;0.958010;,
   -0.016868;0.981719;0.189588;,
   -0.995308;-0.096203;-0.010347;,
   -0.145745;-0.724468;-0.673725;,
   -0.656037;0.202109;-0.727164;,
   -0.127778;0.381060;-0.915678;,
   -0.557759;0.305622;-0.771687;,
   -0.681203;-0.462923;-0.567155;,
   -0.057901;-0.867421;0.494196;,
   -0.777592;-0.456712;0.432162;,
   -0.052006;-0.138481;0.988999;,
   -0.649060;-0.015309;-0.760583;,
   0.482630;-0.020605;-0.875582;,
   0.995372;-0.096052;-0.002964;,
   0.995372;-0.096052;-0.002964;,
   -0.995308;-0.096203;-0.010347;,
   -0.995308;-0.096203;-0.010347;,
   0.248677;-0.859280;-0.446988;,
   0.469902;0.119812;-0.874550;,
   -0.559091;-0.436387;-0.704970;,
   0.110725;-0.756487;-0.644568;,
   0.225911;-0.252087;-0.940966;,
   0.983111;0.051781;0.175533;,
   0.996561;-0.040454;0.072320;,
   0.983525;-0.169854;0.061872;,
   0.989589;-0.126027;-0.069504;,
   0.976642;0.074915;-0.201390;,
   0.992315;0.116399;-0.041974;,
   0.491320;-0.717086;0.494360;,
   -0.358893;-0.346150;0.866820;,
   0.998873;-0.035906;0.031030;,
   0.998873;-0.035906;0.031030;,
   0.998873;-0.035906;0.031030;,
   0.998873;-0.035906;0.031030;,
   0.998873;-0.035906;0.031030;,
   0.998873;-0.035906;0.031030;,
   -0.997915;-0.041540;0.049407;,
   -0.987608;0.022369;0.155336;,
   0.207969;-0.329173;0.921083;,
   -0.257827;-0.783561;0.565294;,
   -0.989609;0.089913;-0.112203;,
   -0.845075;0.140192;-0.515941;,
   -0.890949;-0.287243;-0.351713;,
   -0.986156;-0.152884;0.064213;,
   -0.998806;-0.036478;0.032512;,
   -0.998806;-0.036478;0.032512;,
   -0.998806;-0.036478;0.032512;,
   -0.998806;-0.036478;0.032512;,
   -0.998806;-0.036478;0.032512;,
   -0.998806;-0.036478;0.032512;,
   -0.049631;-0.123032;0.991161;,
   -0.172898;-0.074580;0.982112;,
   -0.394365;0.342021;0.852935;,
   -0.381741;0.814302;0.437248;,
   -0.570848;0.767273;-0.292275;,
   -0.591788;0.403507;-0.697832;,
   0.041502;0.655837;-0.753761;,
   -0.648381;0.184463;-0.738631;,
   -0.726929;0.143299;-0.671595;,
   -0.671091;0.076099;-0.737460;,
   -0.662294;0.001030;-0.749243;,
   -0.637331;-0.001467;-0.770589;,
   -0.260709;0.585485;-0.767619;,
   -0.506368;0.519517;-0.688254;,
   -0.621393;0.619933;-0.479118;,
   -0.715356;0.688452;-0.119583;,
   -0.767261;0.593249;0.243650;,
   -0.166807;0.815305;0.554485;,
   0.020522;0.766455;0.641970;,
   0.227341;0.659273;0.716711;,
   0.020522;0.766455;0.641970;,
   0.634993;0.729331;0.254679;,
   0.653147;0.739023;-0.165057;,
   0.639609;0.626636;-0.445228;,
   0.276705;0.601108;-0.749735;,
   0.593777;-0.005258;-0.804612;,
   0.477790;0.538380;-0.694164;,
   0.615753;-0.004922;-0.787924;,
   0.721294;0.079491;-0.688053;,
   0.690341;0.150585;-0.707640;,
