xof 0303txt 0032
template ColorRGBA {
 <35ff44e0-6c7c-11cf-8f52-0040333594a3>
 FLOAT red;
 FLOAT green;
 FLOAT blue;
 FLOAT alpha;
}

template ColorRGB {
 <d3e16e81-7835-11cf-8f52-0040333594a3>
 FLOAT red;
 FLOAT green;
 FLOAT blue;
}

template Material {
 <3d82ab4d-62da-11cf-ab39-0020af71e433>
 ColorRGBA faceColor;
 FLOAT power;
 ColorRGB specularColor;
 ColorRGB emissiveColor;
 [...]
}

template TextureFilename {
 <a42790e1-7810-11cf-8f52-0040333594a3>
 STRING filename;
}

template Frame {
 <3d82ab46-62da-11cf-ab39-0020af71e433>
 [...]
}

template Matrix4x4 {
 <f6f23f45-7686-11cf-8f52-0040333594a3>
 array FLOAT matrix[16];
}

template FrameTransformMatrix {
 <f6f23f41-7686-11cf-8f52-0040333594a3>
 Matrix4x4 frameMatrix;
}

template Vector {
 <3d82ab5e-62da-11cf-ab39-0020af71e433>
 FLOAT x;
 FLOAT y;
 FLOAT z;
}

template MeshFace {
 <3d82ab5f-62da-11cf-ab39-0020af71e433>
 DWORD nFaceVertexIndices;
 array DWORD faceVertexIndices[nFaceVertexIndices];
}

template Mesh {
 <3d82ab44-62da-11cf-ab39-0020af71e433>
 DWORD nVertices;
 array Vector vertices[nVertices];
 DWORD nFaces;
 array MeshFace faces[nFaces];
 [...]
}

template MeshNormals {
 <f6f23f43-7686-11cf-8f52-0040333594a3>
 DWORD nNormals;
 array Vector normals[nNormals];
 DWORD nFaceNormals;
 array MeshFace faceNormals[nFaceNormals];
}

template MeshMaterialList {
 <f6f23f42-7686-11cf-8f52-0040333594a3>
 DWORD nMaterials;
 DWORD nFaceIndexes;
 array DWORD faceIndexes[nFaceIndexes];
 [Material <3d82ab4d-62da-11cf-ab39-0020af71e433>]
}

template Coords2d {
 <f6f23f44-7686-11cf-8f52-0040333594a3>
 FLOAT u;
 FLOAT v;
}

template MeshTextureCoords {
 <f6f23f40-7686-11cf-8f52-0040333594a3>
 DWORD nTextureCoords;
 array Coords2d textureCoords[nTextureCoords];
}

template XSkinMeshHeader {
 <3cf169ce-ff7c-44ab-93c0-f78f62d172e2>
 WORD nMaxSkinWeightsPerVertex;
 WORD nMaxSkinWeightsPerFace;
 WORD nBones;
}

template SkinWeights {
 <6f0d123b-bad2-4167-a0d0-80224f25fabb>
 STRING transformNodeName;
 DWORD nWeights;
 array DWORD vertexIndices[nWeights];
 array FLOAT weights[nWeights];
 Matrix4x4 matrixOffset;
}

template AnimTicksPerSecond {
 <9e415a43-7ba6-4a73-8743-b73d47e88476>
 DWORD AnimTicksPerSecond;
}

template Animation {
 <3d82ab4f-62da-11cf-ab39-0020af71e433>
 [...]
}

template AnimationSet {
 <3d82ab50-62da-11cf-ab39-0020af71e433>
 [Animation <3d82ab4f-62da-11cf-ab39-0020af71e433>]
}

template FloatKeys {
 <10dd46a9-775b-11cf-8f52-0040333594a3>
 DWORD nValues;
 array FLOAT values[nValues];
}

template TimedFloatKeys {
 <f406b180-7b3b-11cf-8f52-0040333594a3>
 DWORD time;
 FloatKeys tfkeys;
}

template AnimationKey {
 <10dd46a8-775b-11cf-8f52-0040333594a3>
 DWORD keyType;
 DWORD nKeys;
 array TimedFloatKeys keys[nKeys];
}


Material Material__396 {
 1.000000;1.000000;1.000000;1.000000;;
 100.000000;
 0.200000;0.200000;0.200000;;
 0.000000;0.000000;0.000000;;

 TextureFilename {
  "Necklace_MammalTeeth.png";
 }
}

Frame Dummy01 {
 

 FrameTransformMatrix {
  1.000000,0.000000,0.000000,0.000000,0.000000,-0.000000,-1.000000,0.000000,0.000000,1.000000,-0.000000,0.000000,0.000000,0.000000,0.000000,1.000000;;
 }

 Frame Bip01 {
  

  FrameTransformMatrix {
   -0.087155,0.982405,-0.165183,0.000000,-0.000001,0.165814,0.986157,0.000000,0.996195,0.085949,-0.014450,0.000000,-0.010000,-0.012284,0.490453,1.000000;;
  }

  Frame Bip01_Pelvis {
   

   FrameTransformMatrix {
    0.000000,1.000000,-0.000001,0.000000,-0.000001,0.000001,1.000000,0.000000,1.000000,0.000000,0.000001,0.000000,0.000000,0.000000,0.000000,1.000000;;
   }

   Frame Bip01_Spine {
    

    FrameTransformMatrix {
     0.984686,0.000002,-0.174337,0.000000,-0.000001,1.000000,0.000004,0.000000,0.174337,-0.000004,0.984686,0.000000,0.051619,0.000000,-0.000083,1.000000;;
    }

    Frame Bip01_Spine1 {
     

     FrameTransformMatrix {
      0.997819,0.052687,0.039774,0.000000,-0.044862,0.983198,-0.176942,0.000000,-0.048428,0.174771,0.983417,0.000000,0.106484,-0.000015,-0.000083,1.000000;;
     }

     Frame Bip01_Neck {
      

      FrameTransformMatrix {
       0.966067,-0.020835,0.257451,0.000000,0.025191,0.999590,-0.013632,0.000000,-0.257061,0.019655,0.966195,0.000000,0.130511,-0.000001,0.004626,1.000000;;
      }

      Frame Bip01_Head {
       

       FrameTransformMatrix {
        0.989321,-0.051753,-0.136255,0.000000,0.064251,0.993958,0.088989,0.000000,0.130826,-0.096793,0.986669,0.000000,0.033674,-0.000000,0.000000,1.000000;;
       }
      }

      Frame Bip01_L_Clavicle {
       

       FrameTransformMatrix {
        -0.205975,0.976135,0.068811,0.000000,0.943873,0.216738,-0.249254,0.000000,-0.258220,0.013609,-0.965990,0.000000,-0.024734,0.015166,0.002017,1.000000;;
       }

       Frame Bip01_L_UpperArm {
        

        FrameTransformMatrix {
         0.385871,-0.777669,0.496320,0.000000,0.922466,0.332598,-0.196046,0.000000,-0.012616,0.533487,0.845714,0.000000,0.073469,0.000000,-0.000000,1.000000;;
        }

        Frame Bip01_L_Forearm {
         

         FrameTransformMatrix {
          0.943939,0.000000,-0.330119,0.000000,0.000000,1.000000,-0.000000,0.000000,0.330119,-0.000000,0.943939,0.000000,0.148340,0.000000,-0.000000,1.000000;;
         }

         Frame Bip01_L_Hand {
          

          FrameTransformMatrix {
           1.000000,0.000000,0.000000,0.000000,0.000000,0.000796,1.000000,0.000000,0.000000,-1.000000,0.000796,0.000000,0.131860,-0.000000,0.000000,1.000000;;
          }

          Frame Bip01_L_Finger0 {
           

           FrameTransformMatrix {
            0.690342,-0.181727,0.700288,0.000000,0.558537,0.749101,-0.356210,0.000000,-0.459853,0.637043,0.618637,0.000000,0.057681,-0.023605,-0.000272,1.000000;;
           }
          }

          Frame Bip01_L_Finger1 {
           

           FrameTransformMatrix {
            0.728079,-0.000546,0.685493,0.000000,0.000000,1.000000,0.000796,0.000000,-0.685493,-0.000580,0.728079,0.000000,0.084102,0.000000,0.000000,1.000000;;
           }
          }
         }
        }
       }
      }

      Frame Bip01_R_Clavicle {
       

       FrameTransformMatrix {
        -0.028509,-0.999573,-0.006461,0.000000,-0.965665,0.025871,0.258498,0.000000,-0.258220,0.013609,-0.965990,0.000000,-0.024080,-0.016250,0.001399,1.000000;;
       }

       Frame Bip01_R_UpperArm {
        

        FrameTransformMatrix {
         0.221390,0.975047,0.016433,0.000000,-0.974986,0.221654,-0.016512,0.000000,-0.019742,-0.012366,0.999728,0.000000,0.073469,0.000000,-0.000000,1.000000;;
        }

        Frame Bip01_R_Forearm {
         

         FrameTransformMatrix {
          0.915660,0.000000,-0.401954,0.000000,-0.000000,1.000000,-0.000000,0.000000,0.401954,-0.000000,0.915660,0.000000,0.148340,0.000000,-0.000000,1.000000;;
         }

         Frame Bip01_R_Hand {
          

          FrameTransformMatrix {
           0.975195,-0.000000,-0.221346,0.000000,-0.221346,0.000796,-0.975195,0.000000,0.000176,1.000000,0.000777,0.000000,0.131860,0.000000,0.000000,1.000000;;
          }

          Frame Bip01_R_Finger0 {
           

           FrameTransformMatrix {
            0.417774,-0.116941,0.900994,0.000000,-0.558537,0.749101,0.356210,0.000000,-0.716591,-0.652054,0.247639,0.000000,0.057681,0.023605,-0.000272,1.000000;;
           }
          }

          Frame Bip01_R_Finger1 {
           

           FrameTransformMatrix {
            0.352436,0.000745,0.935835,0.000000,0.000000,1.000000,-0.000796,0.000000,-0.935836,0.000281,0.352436,0.000000,0.084102,0.000000,0.000000,1.000000;;
           }
          }
         }
        }
       }
      }
     }

     Frame Bip01_BackPack {
      

      FrameTransformMatrix {
       0.180560,0.080500,-0.980264,0.000000,0.047560,0.994764,0.090451,0.000000,0.982413,-0.062954,0.175786,0.000000,0.063697,0.000003,-0.088856,1.000000;;
      }
     }
    }

    Frame Bip01_L_Thigh {
     

     FrameTransformMatrix {
      -0.888504,0.030427,0.457858,0.000000,-0.032107,-0.999476,0.004114,0.000000,0.457744,-0.011045,0.889016,0.000000,-0.050843,0.055225,-0.008917,1.000000;;
     }

     Frame Bip01_L_Calf {
      

      FrameTransformMatrix {
       0.942235,-0.000000,-0.334952,0.000000,-0.000000,1.000000,-0.000000,0.000000,0.334952,0.000000,0.942235,0.000000,0.237500,0.000000,-0.000000,1.000000;;
      }

      Frame Bip01_L_Foot {
       

       FrameTransformMatrix {
        0.924325,-0.026487,0.380687,0.000000,-0.068962,0.969570,0.234901,0.000000,-0.375325,-0.243378,0.894371,0.000000,0.206841,0.000000,0.000000,1.000000;;
       }

       Frame Bip01_L_Toe0 {
        

        FrameTransformMatrix {
         0.000000,0.000000,1.000000,0.000000,0.000000,1.000000,-0.000000,0.000000,-1.000000,0.000000,0.000000,0.000000,0.065373,0.000000,0.066450,1.000000;;
        }
       }
      }
     }
    }

    Frame Bip01_R_Thigh {
     

     FrameTransformMatrix {
      -0.996965,0.030321,-0.071704,0.000000,-0.029454,-0.999480,-0.013113,0.000000,-0.072065,-0.010961,0.997340,0.000000,-0.050843,-0.055225,-0.008917,1.000000;;
     }

     Frame Bip01_R_Calf {
      

      FrameTransformMatrix {
       0.730239,0.000000,-0.683192,0.000000,0.000000,1.000000,0.000000,0.000000,0.683192,-0.000000,0.730239,0.000000,0.237500,0.000000,0.000000,1.000000;;
      }

      Frame Bip01_R_Foot {
       

       FrameTransformMatrix {
        0.991957,0.087165,-0.091782,0.000000,-0.093276,0.993546,-0.064539,0.000000,0.085565,0.072581,0.993685,0.000000,0.206841,0.000000,0.000000,1.000000;;
       }

       Frame Bip01_R_Toe0 {
        

        FrameTransformMatrix {
         0.000000,0.000000,1.000000,0.000000,0.000000,1.000000,-0.000000,0.000000,-1.000000,0.000000,0.000000,0.000000,0.065373,0.000000,0.066450,1.000000;;
        }
       }
      }
     }
    }
   }

   Frame Bip01_DressFront {
    

    FrameTransformMatrix {
     -0.880185,-0.088339,0.466338,0.000000,0.121847,0.907542,0.401896,0.000000,-0.458725,0.410564,-0.788041,0.000000,-0.043935,0.001339,0.061057,1.000000;;
    }

    Frame Bip01_DressFront02 {
     

     FrameTransformMatrix {
      0.912593,0.000001,0.408870,0.000000,-0.000001,1.000000,-0.000000,0.000000,-0.408870,-0.000000,0.912593,0.000000,0.183378,-0.000000,-0.000120,1.000000;;
     }
    }
   }

   Frame Bip01_DressBack {
    

    FrameTransformMatrix {
     -0.886023,0.038028,0.462080,0.000000,0.191625,0.937561,0.290274,0.000000,-0.422190,0.345735,-0.837988,0.000000,-0.047673,-0.000048,-0.078302,1.000000;;
    }

    Frame Bip01_DressBack02 {
     

     FrameTransformMatrix {
      0.936852,0.174932,-0.302833,0.000000,-0.166408,0.984581,0.053939,0.000000,0.307599,-0.000139,0.951516,0.000000,0.176125,0.000000,-0.000103,1.000000;;
     }
    }
   }
  }

  Frame Bip01_Prop1 {
   

   FrameTransformMatrix {
    -0.233929,-0.108090,0.966227,0.000000,0.687222,0.684611,0.242967,0.000000,-0.687752,0.720850,-0.085868,0.000000,0.104667,-0.055270,-0.126340,1.000000;;
   }
  }

  Frame Bip01_Prop2 {
   

   FrameTransformMatrix {
    -0.163643,-0.967062,0.194966,0.000000,0.985576,-0.168906,-0.010564,0.000000,0.043147,0.190425,0.980753,0.000000,-0.140709,-0.103585,0.102365,1.000000;;
   }
  }
 }
}

Frame Translation_Data {
 

 FrameTransformMatrix {
  1.000000,0.000000,0.000000,0.000000,0.000000,-0.000000,-1.000000,0.000000,0.000000,1.000000,-0.000000,0.000000,0.000000,0.000000,0.000000,1.000000;;
 }
}

Frame F_Necklace_Teeth {
 

 FrameTransformMatrix {
  1.000000,0.000000,0.000000,0.000000,0.000000,1.000000,0.000000,0.000000,0.000000,0.000000,1.000000,0.000000,0.000000,0.000000,0.000000,1.000000;;
 }

 Mesh F_Necklace_Teeth {
  561;
  0.024943;0.804218;0.058720;,
  0.026434;0.803595;0.060921;,
  0.027403;0.803752;0.058148;,
  0.024489;0.803556;0.062161;,
  0.029678;0.803645;0.049647;,
  0.027895;0.803968;0.049391;,
  0.029391;0.803559;0.042724;,
  0.031210;0.803300;0.043332;,
  0.031978;0.802504;0.040926;,
  0.030028;0.802857;0.040556;,
  0.029923;0.801996;0.039175;,
  0.031990;0.801642;0.039241;,
  -0.000127;0.805489;0.063474;,
  -0.000154;0.804658;0.065882;,
  0.002343;0.804540;0.065272;,
  0.013940;0.804016;0.063407;,
  0.012400;0.804792;0.062152;,
  -0.024858;0.804218;0.058575;,
  -0.027377;0.803422;0.060570;,
  -0.024284;0.803413;0.062044;,
  -0.028341;0.803525;0.057633;,
  -0.030404;0.802645;0.041259;,
  -0.030476;0.803513;0.049409;,
  -0.028063;0.804032;0.049391;,
  -0.032157;0.803280;0.043299;,
  -0.032991;0.802529;0.040924;,
  -0.032993;0.801703;0.039115;,
  -0.002662;0.804427;0.065359;,
  -0.014342;0.803896;0.063509;,
  -0.012655;0.804792;0.062152;,
  -0.032795;0.797612;0.035719;,
  -0.030660;0.797746;0.035577;,
  -0.029906;0.794442;0.029763;,
  -0.031879;0.794494;0.030045;,
  -0.031303;0.791726;0.026973;,
  -0.029313;0.791868;0.027050;,
  -0.028212;0.789889;0.024039;,
  -0.030157;0.789237;0.023347;,
  -0.028467;0.785355;0.019682;,
  -0.026870;0.786769;0.021008;,
  -0.024982;0.782477;0.016609;,
  -0.026269;0.780598;0.015040;,
  -0.023806;0.775642;0.009958;,
  -0.022447;0.777136;0.010969;,
  -0.019086;0.770828;0.004839;,
  -0.020755;0.770052;0.004696;,
  -0.018096;0.765709;0.000923;,
  -0.016027;0.765896;0.000515;,
  -0.012084;0.761232;-0.003258;,
  -0.014174;0.760998;-0.002818;,
  -0.007771;0.754463;-0.007841;,
  -0.006513;0.755839;-0.007520;,
  -0.000049;0.752970;-0.009747;,
  0.000078;0.750764;-0.010604;,
  0.008339;0.754565;-0.007568;,
  0.006574;0.755879;-0.007415;,
  0.012299;0.761291;-0.003112;,
  0.015225;0.761120;-0.002421;,
  0.018953;0.765683;0.001148;,
  0.016073;0.765935;0.000576;,
  0.018868;0.770787;0.004777;,
  0.021135;0.769797;0.004642;,
  0.023386;0.775171;0.009683;,
  0.021654;0.776938;0.010825;,
  0.024191;0.782173;0.016445;,
  0.025637;0.780064;0.014713;,
  0.027818;0.785071;0.019539;,
  0.026237;0.786556;0.020893;,
  0.027731;0.789762;0.024095;,
  0.029580;0.789178;0.023501;,
  0.030573;0.791528;0.027416;,
  0.028613;0.791620;0.027448;,
  0.029150;0.794084;0.030380;,
  0.031152;0.794128;0.030614;,
  0.031669;0.797304;0.036092;,
  0.029608;0.797433;0.035987;,
  0.003185;0.745382;-0.011021;,
  -0.000336;0.748582;-0.009008;,
  -0.003811;0.745598;-0.012085;,
  -0.003748;0.742600;-0.014444;,
  -0.005846;0.744406;-0.015178;,
  -0.003234;0.740447;-0.017621;,
  0.003024;0.755526;-0.006586;,
  0.002393;0.755340;-0.008161;,
  0.002296;0.754254;-0.006315;,
  -0.000301;0.744055;-0.012777;,
  -0.003748;0.742600;-0.014444;,
  -0.002222;0.754547;-0.005791;,
  0.003321;0.746906;-0.013611;,
  -0.000179;0.750338;-0.011994;,
  0.003286;0.755274;-0.007959;,
  -0.005846;0.744406;-0.015178;,
  -0.003026;0.755622;-0.007708;,
  -0.003676;0.747122;-0.014676;,
  -0.003639;0.755135;-0.006937;,
  0.005370;0.744060;-0.013472;,
  0.003280;0.743768;-0.015741;,
  -0.002126;0.755633;-0.007637;,
  -0.000178;0.745436;-0.015124;,
  0.002895;0.740195;-0.016734;,
  -0.000178;0.745436;-0.015124;,
  0.003280;0.743768;-0.015741;,
  -0.000231;0.742393;-0.015671;,
  -0.003625;0.743981;-0.016791;,
  -0.002792;0.755858;-0.006259;,
  0.003809;0.754752;-0.007016;,
  0.003158;0.742387;-0.013394;,
  -0.000301;0.744055;-0.012777;,
  0.002895;0.740195;-0.016734;,
  0.003158;0.742387;-0.013394;,
  -0.000231;0.742393;-0.015671;,
  -0.003625;0.743981;-0.016791;,
  -0.003234;0.740447;-0.017621;,
  -0.005846;0.744406;-0.015178;,
  0.005370;0.744060;-0.013472;,
  0.005370;0.744060;-0.013472;,
  -0.011398;0.747357;-0.009059;,
  -0.008004;0.756203;-0.005294;,
  -0.015320;0.749225;-0.006613;,
  -0.007618;0.758960;-0.003290;,
  -0.015366;0.753039;-0.005917;,
  -0.015320;0.749225;-0.006613;,
  -0.016852;0.750442;-0.006986;,
  -0.010604;0.747467;-0.010883;,
  -0.004964;0.757450;-0.005688;,
  -0.008666;0.749849;-0.010096;,
  -0.016852;0.750442;-0.006986;,
  -0.012137;0.748684;-0.011257;,
  -0.010395;0.751240;-0.010564;,
  -0.010604;0.747467;-0.010883;,
  -0.014496;0.753193;-0.008007;,
  -0.008543;0.757173;-0.006900;,
  -0.011398;0.747357;-0.009059;,
  -0.016059;0.750552;-0.008811;,
  -0.008158;0.759930;-0.004896;,
  -0.016059;0.750552;-0.008811;,
  -0.005504;0.758420;-0.007294;,
  -0.012137;0.748684;-0.011257;,
  -0.008543;0.757173;-0.006900;,
  -0.008004;0.756203;-0.005294;,
  -0.020400;0.755258;-0.002999;,
  -0.014739;0.762967;0.000534;,
  -0.023594;0.757984;-0.000311;,
  -0.013420;0.765086;0.002556;,
  -0.022672;0.761686;0.000381;,
  -0.023594;0.757984;-0.000311;,
  -0.024806;0.759541;-0.000589;,
  -0.019717;0.755199;-0.004870;,
  -0.011267;0.763195;-0.000079;,
  -0.017215;0.757030;-0.004209;,
  -0.024806;0.759541;-0.000589;,
  -0.020929;0.756756;-0.005147;,
  -0.018581;0.758805;-0.004569;,
  -0.019717;0.755199;-0.004870;,
  -0.021922;0.761655;-0.001760;,
  -0.015126;0.764062;-0.001036;,
  -0.020400;0.755258;-0.002999;,
  -0.024124;0.759482;-0.002460;,
  -0.013807;0.766180;0.000986;,
  -0.024124;0.759482;-0.002460;,
  -0.011654;0.764290;-0.001648;,
  -0.020929;0.756756;-0.005147;,
  -0.015126;0.764062;-0.001036;,
  -0.014739;0.762967;0.000534;,
  -0.026818;0.763895;0.003277;,
  -0.020364;0.770203;0.007005;,
  -0.029695;0.766638;0.006285;,
  -0.019102;0.773366;0.009191;,
  -0.028492;0.770219;0.007164;,
  -0.029695;0.766638;0.006285;,
  -0.030809;0.768286;0.006167;,
  -0.026226;0.763915;0.001374;,
  -0.016281;0.770676;0.006241;,
  -0.023577;0.765532;0.002024;,
  -0.030809;0.768286;0.006167;,
  -0.027340;0.765563;0.001256;,
  -0.024835;0.767412;0.001845;,
  -0.026226;0.763915;0.001374;,
  -0.027843;0.770280;0.004991;,
  -0.020981;0.771785;0.005528;,
  -0.026818;0.763895;0.003277;,
  -0.030217;0.768306;0.004264;,
  -0.019484;0.774585;0.007714;,
  -0.030217;0.768306;0.004264;,
  -0.016663;0.771895;0.004764;,
  -0.027340;0.765563;0.001256;,
  -0.020981;0.771785;0.005528;,
  -0.020364;0.770203;0.007005;,
  -0.032637;0.773754;0.011569;,
  -0.025173;0.779513;0.015452;,
  -0.034990;0.776869;0.014671;,
  -0.022846;0.781436;0.017712;,
  -0.033182;0.780160;0.015640;,
  -0.034990;0.776869;0.014671;,
  -0.035801;0.778687;0.014605;,
  -0.032053;0.773726;0.009664;,
  -0.021393;0.779207;0.014671;,
  -0.029163;0.774839;0.010342;,
  -0.035801;0.778687;0.014605;,
  -0.032864;0.775544;0.009599;,
  -0.030075;0.776913;0.010223;,
  -0.032053;0.773726;0.009664;,
  -0.032535;0.780169;0.013466;,
  -0.025339;0.780600;0.014012;,
  -0.032637;0.773754;0.011569;,
  -0.035217;0.778659;0.012700;,
  -0.023012;0.782745;0.016272;,
  -0.035217;0.778659;0.012700;,
  -0.021559;0.780515;0.013231;,
  -0.032864;0.775544;0.009599;,
  -0.025339;0.780600;0.014012;,
  -0.025173;0.779513;0.015452;,
  -0.036512;0.783914;0.020032;,
  -0.029546;0.788372;0.024095;,
  -0.038529;0.786623;0.023014;,
  -0.038529;0.786623;0.023014;,
  -0.027536;0.789946;0.026169;,
  -0.036736;0.789405;0.024166;,
  -0.038529;0.786623;0.023014;,
  -0.039157;0.788310;0.023076;,
  -0.035943;0.783994;0.018325;,
  -0.025813;0.787290;0.024361;,
  -0.036512;0.783914;0.020032;,
  -0.033290;0.784777;0.019072;,
  -0.039157;0.788310;0.023076;,
  -0.036571;0.785681;0.018387;,
  -0.033993;0.786704;0.019103;,
  -0.035943;0.783994;0.018325;,
  -0.036102;0.789536;0.022220;,
  -0.029589;0.789171;0.022893;,
  -0.036512;0.783914;0.020032;,
  -0.038588;0.788390;0.021369;,
  -0.027579;0.791238;0.024967;,
  -0.038588;0.788390;0.021369;,
  -0.025856;0.788581;0.023159;,
  -0.036571;0.785681;0.018387;,
  -0.029589;0.789171;0.022893;,
  -0.029546;0.788372;0.024095;,
  -0.029546;0.788372;0.024095;,
  -0.038898;0.791529;0.029842;,
  -0.031798;0.795071;0.033543;,
  -0.040394;0.793409;0.033386;,
  -0.040394;0.793409;0.033386;,
  -0.029543;0.796055;0.035959;,
  -0.038551;0.795819;0.034759;,
  -0.040394;0.793409;0.033386;,
  -0.040975;0.794947;0.033858;,
  -0.038593;0.791953;0.028213;,
  -0.028612;0.794212;0.032702;,
  -0.038898;0.791529;0.029842;,
  -0.035996;0.792608;0.028705;,
  -0.040975;0.794947;0.033858;,
  -0.039174;0.793491;0.028685;,
  -0.036653;0.794373;0.029206;,
  -0.038593;0.791953;0.028213;,
  -0.038216;0.796338;0.032911;,
  -0.032000;0.796136;0.032698;,
  -0.038898;0.791529;0.029842;,
  -0.040670;0.795371;0.032229;,
  -0.029745;0.797489;0.035113;,
  -0.040670;0.795371;0.032229;,
  -0.028814;0.795646;0.031857;,
  -0.039174;0.793491;0.028685;,
  -0.032000;0.796136;0.032698;,
  -0.031798;0.795071;0.033543;,
  -0.031798;0.795071;0.033543;,
  -0.039925;0.798288;0.039807;,
  -0.031557;0.801304;0.041035;,
  -0.040015;0.800103;0.043804;,
  -0.029230;0.802545;0.042297;,
  -0.037594;0.802388;0.044568;,
  -0.040015;0.800103;0.043804;,
  -0.040302;0.801683;0.044510;,
  -0.040160;0.798793;0.038142;,
  -0.029134;0.801084;0.039394;,
  -0.037441;0.799288;0.037740;,
  -0.040302;0.801683;0.044510;,
  -0.040447;0.800374;0.038848;,
  -0.037774;0.801103;0.038507;,
  -0.040160;0.798793;0.038142;,
  -0.037868;0.803000;0.042686;,
  -0.031938;0.802827;0.040335;,
  -0.039925;0.798288;0.039807;,
  -0.040537;0.802188;0.042846;,
  -0.029611;0.804085;0.041648;,
  -0.040537;0.802188;0.042846;,
  -0.029515;0.802624;0.038746;,
  -0.040447;0.800374;0.038848;,
  -0.031938;0.802827;0.040335;,
  -0.031557;0.801304;0.041035;,
  -0.036634;0.800528;0.049920;,
  -0.029262;0.803186;0.050109;,
  -0.035805;0.800724;0.053656;,
  -0.026981;0.803921;0.051058;,
  -0.033583;0.802569;0.054491;,
  -0.035805;0.800724;0.053656;,
  -0.035892;0.801827;0.054784;,
  -0.037213;0.801516;0.048831;,
  -0.027594;0.803729;0.048228;,
  -0.034999;0.802235;0.048108;,
  -0.035892;0.801827;0.054784;,
  -0.037301;0.802619;0.049958;,
  -0.035113;0.803517;0.049368;,
  -0.037213;0.801516;0.048831;,
  -0.034246;0.803721;0.053275;,
  -0.029749;0.804714;0.050137;,
  -0.036634;0.800528;0.049920;,
  -0.036472;0.802815;0.053695;,
  -0.027464;0.805449;0.051105;,
  -0.036472;0.802815;0.053695;,
  -0.028077;0.805257;0.048275;,
  -0.037301;0.802619;0.049958;,
  -0.029749;0.804714;0.050137;,
  -0.029262;0.803186;0.050109;,
  -0.033216;0.799601;0.060272;,
  -0.026462;0.802895;0.058041;,
  -0.031063;0.799562;0.063442;,
  -0.024147;0.803728;0.057975;,
  -0.028794;0.801527;0.063604;,
  -0.031063;0.799562;0.063442;,
  -0.030783;0.800556;0.064638;,
  -0.033837;0.800490;0.059986;,
  -0.025522;0.803766;0.055962;,
  -0.032471;0.801594;0.058188;,
  -0.030783;0.800556;0.064638;,
  -0.033932;0.801613;0.060783;,
  -0.032174;0.802751;0.059536;,
  -0.033837;0.800490;0.059986;,
  -0.029924;0.802710;0.062851;,
  -0.026985;0.804365;0.058414;,
  -0.033216;0.799601;0.060272;,
  -0.031779;0.801573;0.063953;,
  -0.024674;0.805197;0.058343;,
  -0.031779;0.801573;0.063953;,
  -0.026048;0.805236;0.056330;,
  -0.033932;0.801613;0.060783;,
  -0.026985;0.804365;0.058414;,
  -0.026462;0.802895;0.058041;,
  0.011465;0.747357;-0.009059;,
  0.015387;0.749225;-0.006613;,
  0.008070;0.756203;-0.005294;,
  0.015433;0.753039;-0.005917;,
  0.007685;0.758960;-0.003290;,
  0.015387;0.749225;-0.006613;,
  0.010671;0.747467;-0.010883;,
  0.016919;0.750442;-0.006986;,
  0.005031;0.757450;-0.005688;,
  0.008733;0.749849;-0.010096;,
  0.016919;0.750442;-0.006986;,
  0.012203;0.748684;-0.011257;,
  0.010671;0.747467;-0.010883;,
  0.010462;0.751240;-0.010564;,
  0.008610;0.757173;-0.006900;,
  0.014563;0.753193;-0.008007;,
  0.011465;0.747357;-0.009059;,
  0.016126;0.750552;-0.008811;,
  0.008225;0.759930;-0.004896;,
  0.016126;0.750552;-0.008811;,
  0.005571;0.758420;-0.007294;,
  0.012203;0.748684;-0.011257;,
  0.008610;0.757173;-0.006900;,
  0.008070;0.756203;-0.005294;,
  0.020467;0.755258;-0.002999;,
  0.023661;0.757984;-0.000311;,
  0.014806;0.762967;0.000534;,
  0.022739;0.761686;0.000381;,
  0.013487;0.765086;0.002556;,
  0.023661;0.757984;-0.000311;,
  0.019784;0.755199;-0.004870;,
  0.024873;0.759541;-0.000589;,
  0.011334;0.763196;-0.000079;,
  0.017282;0.757030;-0.004209;,
  0.024873;0.759541;-0.000589;,
  0.020996;0.756756;-0.005147;,
  0.019784;0.755199;-0.004870;,
  0.018648;0.758805;-0.004569;,
  0.015193;0.764062;-0.001036;,
  0.021988;0.761655;-0.001760;,
  0.020467;0.755258;-0.002999;,
  0.024191;0.759482;-0.002460;,
  0.013874;0.766180;0.000986;,
  0.024191;0.759482;-0.002460;,
  0.011721;0.764290;-0.001648;,
  0.020996;0.756756;-0.005147;,
  0.015193;0.764062;-0.001036;,
  0.014806;0.762967;0.000534;,
  0.026885;0.763895;0.003277;,
  0.029762;0.766638;0.006285;,
  0.020431;0.770203;0.007005;,
  0.028559;0.770219;0.007164;,
  0.019169;0.773366;0.009191;,
  0.029762;0.766638;0.006285;,
  0.026293;0.763915;0.001374;,
  0.030876;0.768286;0.006167;,
  0.016348;0.770676;0.006241;,
  0.023644;0.765532;0.002024;,
  0.030876;0.768286;0.006167;,
  0.027407;0.765563;0.001256;,
  0.026293;0.763915;0.001374;,
  0.024902;0.767412;0.001845;,
  0.021048;0.771785;0.005528;,
  0.027910;0.770280;0.004991;,
  0.026885;0.763895;0.003277;,
  0.030284;0.768306;0.004264;,
  0.019551;0.774585;0.007714;,
  0.030284;0.768306;0.004264;,
  0.016730;0.771895;0.004764;,
  0.027407;0.765563;0.001256;,
  0.021048;0.771785;0.005528;,
  0.020431;0.770203;0.007005;,
  0.032704;0.773754;0.011569;,
  0.035057;0.776869;0.014671;,
  0.025240;0.779513;0.015452;,
  0.033249;0.780160;0.015640;,
  0.022913;0.781436;0.017712;,
  0.035057;0.776869;0.014671;,
  0.032120;0.773726;0.009664;,
  0.035868;0.778687;0.014605;,
  0.021460;0.779207;0.014671;,
  0.029230;0.774839;0.010342;,
  0.035868;0.778687;0.014605;,
  0.032931;0.775544;0.009599;,
  0.032120;0.773726;0.009664;,
  0.030142;0.776913;0.010223;,
  0.025406;0.780600;0.014012;,
  0.032602;0.780169;0.013466;,
  0.032704;0.773754;0.011569;,
  0.035284;0.778659;0.012700;,
  0.023079;0.782745;0.016272;,
  0.035284;0.778659;0.012700;,
  0.021626;0.780515;0.013231;,
  0.032931;0.775544;0.009599;,
  0.025406;0.780600;0.014012;,
  0.025240;0.779513;0.015452;,
  0.036579;0.783914;0.020032;,
  0.038596;0.786623;0.023014;,
  0.029613;0.788372;0.024095;,
  0.036803;0.789405;0.024166;,
  0.027603;0.789946;0.026169;,
  0.038596;0.786623;0.023014;,
  0.036010;0.783994;0.018325;,
  0.039224;0.788310;0.023076;,
  0.025880;0.787290;0.024361;,
  0.033357;0.784777;0.019072;,
  0.039224;0.788310;0.023076;,
  0.036638;0.785681;0.018387;,
  0.036010;0.783994;0.018325;,
  0.034060;0.786704;0.019103;,
  0.029656;0.789171;0.022893;,
  0.036169;0.789536;0.022220;,
  0.036579;0.783914;0.020032;,
  0.038655;0.788390;0.021369;,
  0.027645;0.791238;0.024967;,
  0.038655;0.788390;0.021369;,
  0.025923;0.788581;0.023159;,
  0.036638;0.785681;0.018387;,
  0.029656;0.789171;0.022893;,
  0.029613;0.788372;0.024095;,
  0.038965;0.791529;0.029842;,
  0.040461;0.793409;0.033386;,
  0.031865;0.795071;0.033543;,
  0.038618;0.795819;0.034759;,
  0.029610;0.796055;0.035959;,
  0.040461;0.793409;0.033386;,
  0.038660;0.791953;0.028213;,
  0.041042;0.794947;0.033858;,
  0.028679;0.794212;0.032702;,
  0.036063;0.792608;0.028705;,
  0.041042;0.794947;0.033858;,
  0.039241;0.793491;0.028685;,
  0.038660;0.791953;0.028213;,
  0.036719;0.794373;0.029206;,
  0.032067;0.796136;0.032698;,
  0.038283;0.796338;0.032911;,
  0.038965;0.791529;0.029842;,
  0.040736;0.795371;0.032229;,
  0.029812;0.797489;0.035113;,
  0.040736;0.795371;0.032229;,
  0.028881;0.795646;0.031857;,
  0.039241;0.793491;0.028685;,
  0.032067;0.796136;0.032698;,
  0.031865;0.795071;0.033543;,
  0.039992;0.798288;0.039807;,
  0.040082;0.800103;0.043804;,
  0.031624;0.801304;0.041035;,
  0.037661;0.802388;0.044568;,
  0.029297;0.802545;0.042297;,
  0.040082;0.800103;0.043804;,
  0.040227;0.798793;0.038142;,
  0.040369;0.801683;0.044510;,
  0.029201;0.801084;0.039394;,
  0.037508;0.799288;0.037740;,
  0.040369;0.801683;0.044510;,
  0.040514;0.800374;0.038848;,
  0.040227;0.798793;0.038142;,
  0.037841;0.801103;0.038507;,
  0.032005;0.802827;0.040335;,
  0.037935;0.803000;0.042686;,
  0.039992;0.798288;0.039807;,
  0.040604;0.802188;0.042846;,
  0.029678;0.804085;0.041648;,
  0.040604;0.802188;0.042846;,
  0.029582;0.802624;0.038746;,
  0.040514;0.800374;0.038848;,
  0.032005;0.802827;0.040335;,
  0.031624;0.801304;0.041035;,
  0.036700;0.800528;0.049920;,
  0.035872;0.800724;0.053656;,
  0.029329;0.803186;0.050109;,
  0.033650;0.802569;0.054491;,
  0.027048;0.803921;0.051058;,
  0.035872;0.800724;0.053656;,
  0.037280;0.801516;0.048831;,
  0.035959;0.801827;0.054784;,
  0.027661;0.803729;0.048228;,
  0.035066;0.802235;0.048108;,
  0.035959;0.801827;0.054784;,
  0.037367;0.802619;0.049958;,
  0.037280;0.801516;0.048831;,
  0.035180;0.803517;0.049368;,
  0.029816;0.804714;0.050137;,
  0.034313;0.803721;0.053275;,
  0.036700;0.800528;0.049920;,
  0.036539;0.802815;0.053695;,
  0.027530;0.805449;0.051105;,
  0.036539;0.802815;0.053695;,
  0.028144;0.805257;0.048275;,
  0.037367;0.802619;0.049958;,
  0.029816;0.804714;0.050137;,
  0.029329;0.803186;0.050109;,
  0.033283;0.799601;0.060272;,
  0.031130;0.799562;0.063442;,
  0.026529;0.802895;0.058041;,
  0.028861;0.801527;0.063604;,
  0.024214;0.803728;0.057975;,
  0.031130;0.799562;0.063442;,
  0.033904;0.800491;0.059986;,
  0.030850;0.800556;0.064638;,
  0.025589;0.803766;0.055962;,
  0.032538;0.801594;0.058188;,
  0.033283;0.799601;0.060272;,
  0.030850;0.800556;0.064638;,
  0.032538;0.801594;0.058188;,
  0.033999;0.801613;0.060783;,
  0.033904;0.800491;0.059986;,
  0.032241;0.802751;0.059536;,
  0.027052;0.804365;0.058414;,
  0.029991;0.802710;0.062851;,
  0.033283;0.799601;0.060272;,
  0.031846;0.801573;0.063953;,
  0.024741;0.805197;0.058343;,
  0.031846;0.801573;0.063953;,
  0.026115;0.805236;0.056330;,
  0.025589;0.803766;0.055962;,
  0.033999;0.801613;0.060783;,
  0.027052;0.804365;0.058414;,
  0.026529;0.802895;0.058041;,
  0.005381;0.792709;0.071359;,
  0.008045;0.792591;0.070749;,
  -0.006019;0.792788;0.071469;,
  -0.003001;0.793019;0.071991;;
  634;
  3;0,1,2;,
  3;1,0,3;,
  3;0,4,5;,
  3;4,0,2;,
  3;6,4,7;,
  3;4,6,5;,
  3;6,8,9;,
  3;8,6,7;,
  3;10,8,11;,
  3;8,10,9;,
  3;12,13,14;,
  3;12,15,16;,
  3;15,12,14;,
  3;0,15,3;,
  3;15,0,16;,
  3;17,18,19;,
  3;18,17,20;,
  3;21,22,23;,
  3;22,21,24;,
  3;17,22,20;,
  3;22,17,23;,
  3;21,25,24;,
  3;25,21,26;,
  3;12,27,13;,
  3;12,28,27;,
  3;28,12,29;,
  3;17,28,29;,
  3;28,17,19;,
  3;21,30,26;,
  3;30,21,31;,
  3;32,30,31;,
  3;30,32,33;,
  3;32,34,33;,
  3;34,32,35;,
  3;36,34,35;,
  3;34,36,37;,
  3;36,38,37;,
  3;38,36,39;,
  3;40,38,39;,
  3;38,40,41;,
  3;40,42,41;,
  3;42,40,43;,
  3;44,42,43;,
  3;42,44,45;,
  3;44,46,45;,
  3;46,44,47;,
  3;48,46,47;,
  3;46,48,49;,
  3;48,50,49;,
  3;50,48,51;,
  3;52,50,51;,
  3;50,52,53;,
  3;52,54,53;,
  3;54,52,55;,
  3;56,54,55;,
  3;54,56,57;,
  3;56,58,57;,
  3;58,56,59;,
  3;60,58,59;,
  3;58,60,61;,
  3;60,62,61;,
  3;62,60,63;,
  3;64,62,63;,
  3;62,64,65;,
  3;64,66,65;,
  3;66,64,67;,
  3;68,66,67;,
  3;66,68,69;,
  3;68,70,69;,
  3;70,68,71;,
  3;72,70,71;,
  3;70,72,73;,
  3;72,74,73;,
  3;74,72,75;,
  3;10,74,75;,
  3;74,10,11;,
  3;76,77,78;,
  3;79,80,81;,
  3;82,83,84;,
  3;85,78,86;,
  3;78,77,87;,
  3;83,88,89;,
  3;88,83,90;,
  3;78,91,86;,
  3;91,92,93;,
  3;92,91,94;,
  3;88,95,96;,
  3;89,87,77;,
  3;87,89,97;,
  3;77,76,84;,
  3;98,93,88;,
  3;97,93,92;,
  3;93,97,89;,
  3;99,100,101;,
  3;100,99,102;,
  3;91,93,103;,
  3;104,94,87;,
  3;82,105,90;,
  3;95,76,106;,
  3;95,84,76;,
  3;84,95,105;,
  3;89,88,93;,
  3;83,77,84;,
  3;77,83,89;,
  3;90,83,82;,
  3;92,94,104;,
  3;87,97,104;,
  3;97,92,104;,
  3;91,87,94;,
  3;87,91,78;,
  3;95,90,105;,
  3;90,95,88;,
  3;84,105,82;,
  3;107,108,109;,
  3;108,107,110;,
  3;111,112,113;,
  3;93,98,103;,
  3;98,88,96;,
  3;76,85,106;,
  3;85,76,78;,
  3;81,107,79;,
  3;107,81,110;,
  3;100,112,111;,
  3;112,100,102;,
  3;109,108,114;,
  3;99,101,115;,
  3;116,117,118;,
  3;118,119,120;,
  3;121,122,123;,
  3;124,116,125;,
  3;118,120,126;,
  3;125,127,128;,
  3;127,125,129;,
  3;128,130,131;,
  3;121,123,132;,
  3;130,127,133;,
  3;127,130,128;,
  3;134,120,119;,
  3;120,134,130;,
  3;123,122,135;,
  3;125,136,124;,
  3;136,125,128;,
  3;120,133,126;,
  3;133,120,130;,
  3;116,129,125;,
  3;123,135,137;,
  3;124,138,139;,
  3;138,124,136;,
  3;119,138,134;,
  3;138,119,139;,
  3;128,131,136;,
  3;131,130,134;,
  3;118,117,119;,
  3;117,116,124;,
  3;140,141,142;,
  3;142,143,144;,
  3;145,146,147;,
  3;148,140,149;,
  3;142,144,150;,
  3;149,151,152;,
  3;151,149,153;,
  3;152,154,155;,
  3;145,147,156;,
  3;154,151,157;,
  3;151,154,152;,
  3;158,144,143;,
  3;144,158,154;,
  3;147,146,159;,
  3;149,160,148;,
  3;160,149,152;,
  3;144,157,150;,
  3;157,144,154;,
  3;140,153,149;,
  3;147,159,161;,
  3;148,162,163;,
  3;162,148,160;,
  3;143,162,158;,
  3;162,143,163;,
  3;152,155,160;,
  3;155,154,158;,
  3;142,141,143;,
  3;141,140,148;,
  3;164,165,166;,
  3;166,167,168;,
  3;169,170,171;,
  3;172,164,173;,
  3;166,168,174;,
  3;173,175,176;,
  3;175,173,177;,
  3;176,178,179;,
  3;169,171,180;,
  3;178,175,181;,
  3;175,178,176;,
  3;182,168,167;,
  3;168,182,178;,
  3;171,170,183;,
  3;173,184,172;,
  3;184,173,176;,
  3;168,181,174;,
  3;181,168,178;,
  3;164,177,173;,
  3;171,183,185;,
  3;172,186,187;,
  3;186,172,184;,
  3;167,186,182;,
  3;186,167,187;,
  3;176,179,184;,
  3;179,178,182;,
  3;166,165,167;,
  3;165,164,172;,
  3;188,189,190;,
  3;190,191,192;,
  3;193,194,195;,
  3;196,188,197;,
  3;190,192,198;,
  3;197,199,200;,
  3;199,197,201;,
  3;200,202,203;,
  3;193,195,204;,
  3;202,199,205;,
  3;199,202,200;,
  3;206,192,191;,
  3;192,206,202;,
  3;195,194,207;,
  3;197,208,196;,
  3;208,197,200;,
  3;192,205,198;,
  3;205,192,202;,
  3;188,201,197;,
  3;195,207,209;,
  3;196,210,211;,
  3;210,196,208;,
  3;191,210,206;,
  3;210,191,211;,
  3;200,203,208;,
  3;203,202,206;,
  3;190,189,191;,
  3;189,188,196;,
  3;212,213,214;,
  3;215,216,217;,
  3;218,219,220;,
  3;221,222,223;,
  3;215,217,224;,
  3;223,225,226;,
  3;225,223,227;,
  3;226,228,229;,
  3;218,220,230;,
  3;228,225,231;,
  3;225,228,226;,
  3;232,217,216;,
  3;217,232,228;,
  3;220,219,233;,
  3;223,234,221;,
  3;234,223,226;,
  3;217,231,224;,
  3;231,217,228;,
  3;222,227,223;,
  3;220,233,235;,
  3;221,236,237;,
  3;236,221,234;,
  3;216,236,232;,
  3;236,216,237;,
  3;226,229,234;,
  3;229,228,232;,
  3;215,238,216;,
  3;238,222,221;,
  3;239,240,241;,
  3;242,243,244;,
  3;245,246,247;,
  3;248,249,250;,
  3;242,244,251;,
  3;250,252,253;,
  3;252,250,254;,
  3;253,255,256;,
  3;245,247,257;,
  3;255,252,258;,
  3;252,255,253;,
  3;259,244,243;,
  3;244,259,255;,
  3;247,246,260;,
  3;250,261,248;,
  3;261,250,253;,
  3;244,258,251;,
  3;258,244,255;,
  3;249,254,250;,
  3;247,260,262;,
  3;248,263,264;,
  3;263,248,261;,
  3;243,263,259;,
  3;263,243,264;,
  3;253,256,261;,
  3;256,255,259;,
  3;242,265,243;,
  3;265,249,248;,
  3;266,267,268;,
  3;268,269,270;,
  3;271,272,273;,
  3;274,266,275;,
  3;268,270,276;,
  3;275,277,278;,
  3;277,275,279;,
  3;278,280,281;,
  3;271,273,282;,
  3;280,277,283;,
  3;277,280,278;,
  3;284,270,269;,
  3;270,284,280;,
  3;273,272,285;,
  3;275,286,274;,
  3;286,275,278;,
  3;270,283,276;,
  3;283,270,280;,
  3;266,279,275;,
  3;273,285,287;,
  3;274,288,289;,
  3;288,274,286;,
  3;269,288,284;,
  3;288,269,289;,
  3;278,281,286;,
  3;281,280,284;,
  3;268,267,269;,
  3;267,266,274;,
  3;290,291,292;,
  3;292,293,294;,
  3;295,296,297;,
  3;298,290,299;,
  3;292,294,300;,
  3;299,301,302;,
  3;301,299,303;,
  3;302,304,305;,
  3;295,297,306;,
  3;304,301,307;,
  3;301,304,302;,
  3;308,294,293;,
  3;294,308,304;,
  3;297,296,309;,
  3;299,310,298;,
  3;310,299,302;,
  3;294,307,300;,
  3;307,294,304;,
  3;290,303,299;,
  3;297,309,311;,
  3;298,312,313;,
  3;312,298,310;,
  3;293,312,308;,
  3;312,293,313;,
  3;302,305,310;,
  3;305,304,308;,
  3;292,291,293;,
  3;291,290,298;,
  3;314,315,316;,
  3;316,317,318;,
  3;319,320,321;,
  3;322,314,323;,
  3;316,318,324;,
  3;323,325,326;,
  3;325,323,327;,
  3;326,328,329;,
  3;319,321,330;,
  3;328,325,331;,
  3;325,328,326;,
  3;332,318,317;,
  3;318,332,328;,
  3;321,320,333;,
  3;323,334,322;,
  3;334,323,326;,
  3;318,331,324;,
  3;331,318,328;,
  3;314,327,323;,
  3;321,333,335;,
  3;322,336,337;,
  3;336,322,334;,
  3;317,336,332;,
  3;336,317,337;,
  3;326,329,334;,
  3;329,328,332;,
  3;316,315,317;,
  3;315,314,322;,
  3;338,339,340;,
  3;339,341,342;,
  3;343,344,345;,
  3;346,347,338;,
  3;339,348,341;,
  3;347,349,350;,
  3;349,347,351;,
  3;351,352,353;,
  3;343,354,344;,
  3;353,349,351;,
  3;349,353,355;,
  3;356,341,353;,
  3;341,356,342;,
  3;344,357,345;,
  3;347,358,351;,
  3;358,347,346;,
  3;341,355,353;,
  3;355,341,348;,
  3;338,347,350;,
  3;344,359,357;,
  3;346,360,358;,
  3;360,346,361;,
  3;342,360,361;,
  3;360,342,356;,
  3;351,358,352;,
  3;352,356,353;,
  3;339,342,340;,
  3;340,346,338;,
  3;362,363,364;,
  3;363,365,366;,
  3;367,368,369;,
  3;370,371,362;,
  3;363,372,365;,
  3;371,373,374;,
  3;373,371,375;,
  3;375,376,377;,
  3;367,378,368;,
  3;377,373,375;,
  3;373,377,379;,
  3;380,365,377;,
  3;365,380,366;,
  3;368,381,369;,
  3;371,382,375;,
  3;382,371,370;,
  3;365,379,377;,
  3;379,365,372;,
  3;362,371,374;,
  3;368,383,381;,
  3;370,384,382;,
  3;384,370,385;,
  3;366,384,385;,
  3;384,366,380;,
  3;375,382,376;,
  3;376,380,377;,
  3;363,366,364;,
  3;364,370,362;,
  3;386,387,388;,
  3;387,389,390;,
  3;391,392,393;,
  3;394,395,386;,
  3;387,396,389;,
  3;395,397,398;,
  3;397,395,399;,
  3;399,400,401;,
  3;391,402,392;,
  3;401,397,399;,
  3;397,401,403;,
  3;404,389,401;,
  3;389,404,390;,
  3;392,405,393;,
  3;395,406,399;,
  3;406,395,394;,
  3;389,403,401;,
  3;403,389,396;,
  3;386,395,398;,
  3;392,407,405;,
  3;394,408,406;,
  3;408,394,409;,
  3;390,408,409;,
  3;408,390,404;,
  3;399,406,400;,
  3;400,404,401;,
  3;387,390,388;,
  3;388,394,386;,
  3;410,411,412;,
  3;411,413,414;,
  3;415,416,417;,
  3;418,419,410;,
  3;411,420,413;,
  3;419,421,422;,
  3;421,419,423;,
  3;423,424,425;,
  3;415,426,416;,
  3;425,421,423;,
  3;421,425,427;,
  3;428,413,425;,
  3;413,428,414;,
  3;416,429,417;,
  3;419,430,423;,
  3;430,419,418;,
  3;413,427,425;,
  3;427,413,420;,
  3;410,419,422;,
  3;416,431,429;,
  3;418,432,430;,
  3;432,418,433;,
  3;414,432,433;,
  3;432,414,428;,
  3;423,430,424;,
  3;424,428,425;,
  3;411,414,412;,
  3;412,418,410;,
  3;434,435,436;,
  3;435,437,438;,
  3;439,440,441;,
  3;442,443,434;,
  3;435,444,437;,
  3;443,445,446;,
  3;445,443,447;,
  3;447,448,449;,
  3;439,450,440;,
  3;449,445,447;,
  3;445,449,451;,
  3;452,437,449;,
  3;437,452,438;,
  3;440,453,441;,
  3;443,454,447;,
  3;454,443,442;,
  3;437,451,449;,
  3;451,437,444;,
  3;434,443,446;,
  3;440,455,453;,
  3;442,456,454;,
  3;456,442,457;,
  3;438,456,457;,
  3;456,438,452;,
  3;447,454,448;,
  3;448,452,449;,
  3;435,438,436;,
  3;436,442,434;,
  3;458,459,460;,
  3;459,461,462;,
  3;463,464,465;,
  3;466,467,458;,
  3;459,468,461;,
  3;467,469,470;,
  3;469,467,471;,
  3;471,472,473;,
  3;463,474,464;,
  3;473,469,471;,
  3;469,473,475;,
  3;476,461,473;,
  3;461,476,462;,
  3;464,477,465;,
  3;467,478,471;,
  3;478,467,466;,
  3;461,475,473;,
  3;475,461,468;,
  3;458,467,470;,
  3;464,479,477;,
  3;466,480,478;,
  3;480,466,481;,
  3;462,480,481;,
  3;480,462,476;,
  3;471,478,472;,
  3;472,476,473;,
  3;459,462,460;,
  3;460,466,458;,
  3;482,483,484;,
  3;483,485,486;,
  3;487,488,489;,
  3;490,491,482;,
  3;483,492,485;,
  3;491,493,494;,
  3;493,491,495;,
  3;495,496,497;,
  3;487,498,488;,
  3;497,493,495;,
  3;493,497,499;,
  3;500,485,497;,
  3;485,500,486;,
  3;488,501,489;,
  3;491,502,495;,
  3;502,491,490;,
  3;485,499,497;,
  3;499,485,492;,
  3;482,491,494;,
  3;488,503,501;,
  3;490,504,502;,
  3;504,490,505;,
  3;486,504,505;,
  3;504,486,500;,
  3;495,502,496;,
  3;496,500,497;,
  3;483,486,484;,
  3;484,490,482;,
  3;506,507,508;,
  3;507,509,510;,
  3;511,512,513;,
  3;514,515,506;,
  3;507,516,509;,
  3;515,517,518;,
  3;517,515,519;,
  3;519,520,521;,
  3;511,522,512;,
  3;521,517,519;,
  3;517,521,523;,
  3;524,509,521;,
  3;509,524,510;,
  3;512,525,513;,
  3;515,526,519;,
  3;526,515,514;,
  3;509,523,521;,
  3;523,509,516;,
  3;506,515,518;,
  3;512,527,525;,
  3;514,528,526;,
  3;528,514,529;,
  3;510,528,529;,
  3;528,510,524;,
  3;519,526,520;,
  3;520,524,521;,
  3;507,510,508;,
  3;508,514,506;,
  3;530,531,532;,
  3;531,533,534;,
  3;535,536,537;,
  3;538,539,540;,
  3;531,541,533;,
  3;542,543,544;,
  3;543,542,545;,
  3;545,546,547;,
  3;535,548,536;,
