xof 0303txt 0032
template ColorRGBA {
 <35ff44e0-6c7c-11cf-8f52-0040333594a3>
 FLOAT red;
 FLOAT green;
 FLOAT blue;
 FLOAT alpha;
}

template ColorRGB {
 <d3e16e81-7835-11cf-8f52-0040333594a3>
 FLOAT red;
 FLOAT green;
 FLOAT blue;
}

template Material {
 <3d82ab4d-62da-11cf-ab39-0020af71e433>
 ColorRGBA faceColor;
 FLOAT power;
 ColorRGB specularColor;
 ColorRGB emissiveColor;
 [...]
}

template TextureFilename {
 <a42790e1-7810-11cf-8f52-0040333594a3>
 STRING filename;
}

template Frame {
 <3d82ab46-62da-11cf-ab39-0020af71e433>
 [...]
}

template Matrix4x4 {
 <f6f23f45-7686-11cf-8f52-0040333594a3>
 array FLOAT matrix[16];
}

template FrameTransformMatrix {
 <f6f23f41-7686-11cf-8f52-0040333594a3>
 Matrix4x4 frameMatrix;
}

template Vector {
 <3d82ab5e-62da-11cf-ab39-0020af71e433>
 FLOAT x;
 FLOAT y;
 FLOAT z;
}

template MeshFace {
 <3d82ab5f-62da-11cf-ab39-0020af71e433>
 DWORD nFaceVertexIndices;
 array DWORD faceVertexIndices[nFaceVertexIndices];
}

template Mesh {
 <3d82ab44-62da-11cf-ab39-0020af71e433>
 DWORD nVertices;
 array Vector vertices[nVertices];
 DWORD nFaces;
 array MeshFace faces[nFaces];
 [...]
}

template MeshNormals {
 <f6f23f43-7686-11cf-8f52-0040333594a3>
 DWORD nNormals;
 array Vector normals[nNormals];
 DWORD nFaceNormals;
 array MeshFace faceNormals[nFaceNormals];
}

template MeshMaterialList {
 <f6f23f42-7686-11cf-8f52-0040333594a3>
 DWORD nMaterials;
 DWORD nFaceIndexes;
 array DWORD faceIndexes[nFaceIndexes];
 [Material <3d82ab4d-62da-11cf-ab39-0020af71e433>]
}

template Coords2d {
 <f6f23f44-7686-11cf-8f52-0040333594a3>
 FLOAT u;
 FLOAT v;
}

template MeshTextureCoords {
 <f6f23f40-7686-11cf-8f52-0040333594a3>
 DWORD nTextureCoords;
 array Coords2d textureCoords[nTextureCoords];
}

template XSkinMeshHeader {
 <3cf169ce-ff7c-44ab-93c0-f78f62d172e2>
 WORD nMaxSkinWeightsPerVertex;
 WORD nMaxSkinWeightsPerFace;
 WORD nBones;
}

template SkinWeights {
 <6f0d123b-bad2-4167-a0d0-80224f25fabb>
 STRING transformNodeName;
 DWORD nWeights;
 array DWORD vertexIndices[nWeights];
 array FLOAT weights[nWeights];
 Matrix4x4 matrixOffset;
}

template AnimTicksPerSecond {
 <9e415a43-7ba6-4a73-8743-b73d47e88476>
 DWORD AnimTicksPerSecond;
}

template Animation {
 <3d82ab4f-62da-11cf-ab39-0020af71e433>
 [...]
}

template AnimationSet {
 <3d82ab50-62da-11cf-ab39-0020af71e433>
 [Animation <3d82ab4f-62da-11cf-ab39-0020af71e433>]
}

template FloatKeys {
 <10dd46a9-775b-11cf-8f52-0040333594a3>
 DWORD nValues;
 array FLOAT values[nValues];
}

template TimedFloatKeys {
 <f406b180-7b3b-11cf-8f52-0040333594a3>
 DWORD time;
 FloatKeys tfkeys;
}

template AnimationKey {
 <10dd46a8-775b-11cf-8f52-0040333594a3>
 DWORD keyType;
 DWORD nKeys;
 array TimedFloatKeys keys[nKeys];
}


Material Material__395 {
 1.000000;1.000000;1.000000;1.000000;;
 100.000000;
 0.200000;0.200000;0.200000;;
 0.000000;0.000000;0.000000;;

 TextureFilename {
  "Necklace_MammalTeeth.png";
 }
}

Frame Dummy01 {
 

 FrameTransformMatrix {
  1.000000,0.000000,0.000000,0.000000,0.000000,-0.000000,-1.000000,0.000000,0.000000,1.000000,-0.000000,0.000000,0.000000,0.000000,0.000000,1.000000;;
 }

 Frame Bip01 {
  

  FrameTransformMatrix {
   -0.087155,0.982405,-0.165183,0.000000,-0.000001,0.165814,0.986157,0.000000,0.996195,0.085949,-0.014450,0.000000,-0.010000,-0.012284,0.490453,1.000000;;
  }

  Frame Bip01_Pelvis {
   

   FrameTransformMatrix {
    0.000000,1.000000,-0.000001,0.000000,-0.000001,0.000001,1.000000,0.000000,1.000000,0.000000,0.000001,0.000000,0.000000,0.000000,0.000000,1.000000;;
   }

   Frame Bip01_Spine {
    

    FrameTransformMatrix {
     0.984686,0.000002,-0.174337,0.000000,-0.000001,1.000000,0.000004,0.000000,0.174337,-0.000004,0.984686,0.000000,0.051619,0.000000,-0.000083,1.000000;;
    }

    Frame Bip01_Spine1 {
     

     FrameTransformMatrix {
      0.997819,0.052687,0.039774,0.000000,-0.044862,0.983198,-0.176942,0.000000,-0.048428,0.174771,0.983417,0.000000,0.106484,-0.000015,-0.000083,1.000000;;
     }

     Frame Bip01_Neck {
      

      FrameTransformMatrix {
       0.966067,-0.020835,0.257451,0.000000,0.025191,0.999590,-0.013632,0.000000,-0.257061,0.019655,0.966195,0.000000,0.130511,-0.000001,0.004626,1.000000;;
      }

      Frame Bip01_Head {
       

       FrameTransformMatrix {
        0.989321,-0.051753,-0.136255,0.000000,0.064251,0.993958,0.088989,0.000000,0.130826,-0.096793,0.986669,0.000000,0.033674,-0.000000,0.000000,1.000000;;
       }
      }

      Frame Bip01_L_Clavicle {
       

       FrameTransformMatrix {
        -0.205975,0.976135,0.068811,0.000000,0.943873,0.216738,-0.249254,0.000000,-0.258220,0.013609,-0.965990,0.000000,-0.024734,0.015166,0.002017,1.000000;;
       }

       Frame Bip01_L_UpperArm {
        

        FrameTransformMatrix {
         0.385871,-0.777669,0.496320,0.000000,0.922466,0.332598,-0.196046,0.000000,-0.012616,0.533487,0.845714,0.000000,0.073469,0.000000,-0.000000,1.000000;;
        }

        Frame Bip01_L_Forearm {
         

         FrameTransformMatrix {
          0.943939,0.000000,-0.330119,0.000000,0.000000,1.000000,-0.000000,0.000000,0.330119,-0.000000,0.943939,0.000000,0.148340,0.000000,-0.000000,1.000000;;
         }

         Frame Bip01_L_Hand {
          

          FrameTransformMatrix {
           1.000000,0.000000,0.000000,0.000000,0.000000,0.000796,1.000000,0.000000,0.000000,-1.000000,0.000796,0.000000,0.131860,-0.000000,0.000000,1.000000;;
          }

          Frame Bip01_L_Finger0 {
           

           FrameTransformMatrix {
            0.690342,-0.181727,0.700288,0.000000,0.558537,0.749101,-0.356210,0.000000,-0.459853,0.637043,0.618637,0.000000,0.057681,-0.023605,-0.000272,1.000000;;
           }
          }

          Frame Bip01_L_Finger1 {
           

           FrameTransformMatrix {
            0.728079,-0.000546,0.685493,0.000000,0.000000,1.000000,0.000796,0.000000,-0.685493,-0.000580,0.728079,0.000000,0.084102,0.000000,0.000000,1.000000;;
           }
          }
         }
        }
       }
      }

      Frame Bip01_R_Clavicle {
       

       FrameTransformMatrix {
        -0.028509,-0.999573,-0.006461,0.000000,-0.965665,0.025871,0.258498,0.000000,-0.258220,0.013609,-0.965990,0.000000,-0.024080,-0.016250,0.001399,1.000000;;
       }

       Frame Bip01_R_UpperArm {
        

        FrameTransformMatrix {
         0.221390,0.975047,0.016433,0.000000,-0.974986,0.221654,-0.016512,0.000000,-0.019742,-0.012366,0.999728,0.000000,0.073469,0.000000,-0.000000,1.000000;;
        }

        Frame Bip01_R_Forearm {
         

         FrameTransformMatrix {
          0.915660,0.000000,-0.401954,0.000000,-0.000000,1.000000,-0.000000,0.000000,0.401954,-0.000000,0.915660,0.000000,0.148340,0.000000,-0.000000,1.000000;;
         }

         Frame Bip01_R_Hand {
          

          FrameTransformMatrix {
           0.975195,-0.000000,-0.221346,0.000000,-0.221346,0.000796,-0.975195,0.000000,0.000176,1.000000,0.000777,0.000000,0.131860,0.000000,0.000000,1.000000;;
          }

          Frame Bip01_R_Finger0 {
           

           FrameTransformMatrix {
            0.417774,-0.116941,0.900994,0.000000,-0.558537,0.749101,0.356210,0.000000,-0.716591,-0.652054,0.247639,0.000000,0.057681,0.023605,-0.000272,1.000000;;
           }
          }

          Frame Bip01_R_Finger1 {
           

           FrameTransformMatrix {
            0.352436,0.000745,0.935835,0.000000,0.000000,1.000000,-0.000796,0.000000,-0.935836,0.000281,0.352436,0.000000,0.084102,0.000000,0.000000,1.000000;;
           }
          }
         }
        }
       }
      }
     }

     Frame Bip01_BackPack {
      

      FrameTransformMatrix {
       0.180560,0.080500,-0.980264,0.000000,0.047560,0.994764,0.090451,0.000000,0.982413,-0.062954,0.175786,0.000000,0.063697,0.000003,-0.088856,1.000000;;
      }
     }
    }

    Frame Bip01_L_Thigh {
     

     FrameTransformMatrix {
      -0.888504,0.030427,0.457858,0.000000,-0.032107,-0.999476,0.004114,0.000000,0.457744,-0.011045,0.889016,0.000000,-0.050843,0.055225,-0.008917,1.000000;;
     }

     Frame Bip01_L_Calf {
      

      FrameTransformMatrix {
       0.942235,-0.000000,-0.334952,0.000000,-0.000000,1.000000,-0.000000,0.000000,0.334952,0.000000,0.942235,0.000000,0.237500,0.000000,-0.000000,1.000000;;
      }

      Frame Bip01_L_Foot {
       

       FrameTransformMatrix {
        0.924325,-0.026487,0.380687,0.000000,-0.068962,0.969570,0.234901,0.000000,-0.375325,-0.243378,0.894371,0.000000,0.206841,0.000000,0.000000,1.000000;;
       }

       Frame Bip01_L_Toe0 {
        

        FrameTransformMatrix {
         0.000000,0.000000,1.000000,0.000000,0.000000,1.000000,-0.000000,0.000000,-1.000000,0.000000,0.000000,0.000000,0.065373,0.000000,0.066450,1.000000;;
        }
       }
      }
     }
    }

    Frame Bip01_R_Thigh {
     

     FrameTransformMatrix {
      -0.996965,0.030321,-0.071704,0.000000,-0.029454,-0.999480,-0.013113,0.000000,-0.072065,-0.010961,0.997340,0.000000,-0.050843,-0.055225,-0.008917,1.000000;;
     }

     Frame Bip01_R_Calf {
      

      FrameTransformMatrix {
       0.730239,0.000000,-0.683192,0.000000,0.000000,1.000000,0.000000,0.000000,0.683192,-0.000000,0.730239,0.000000,0.237500,0.000000,0.000000,1.000000;;
      }

      Frame Bip01_R_Foot {
       

       FrameTransformMatrix {
        0.991957,0.087165,-0.091782,0.000000,-0.093276,0.993546,-0.064539,0.000000,0.085565,0.072581,0.993685,0.000000,0.206841,0.000000,0.000000,1.000000;;
       }

       Frame Bip01_R_Toe0 {
        

        FrameTransformMatrix {
         0.000000,0.000000,1.000000,0.000000,0.000000,1.000000,-0.000000,0.000000,-1.000000,0.000000,0.000000,0.000000,0.065373,0.000000,0.066450,1.000000;;
        }
       }
      }
     }
    }
   }

   Frame Bip01_DressFront {
    

    FrameTransformMatrix {
     -0.880185,-0.088339,0.466338,0.000000,0.121847,0.907542,0.401896,0.000000,-0.458725,0.410564,-0.788041,0.000000,-0.043935,0.001339,0.061057,1.000000;;
    }

    Frame Bip01_DressFront02 {
     

     FrameTransformMatrix {
      0.912593,0.000001,0.408870,0.000000,-0.000001,1.000000,-0.000000,0.000000,-0.408870,-0.000000,0.912593,0.000000,0.183378,-0.000000,-0.000120,1.000000;;
     }
    }
   }

   Frame Bip01_DressBack {
    

    FrameTransformMatrix {
     -0.886023,0.038028,0.462080,0.000000,0.191625,0.937561,0.290274,0.000000,-0.422190,0.345735,-0.837988,0.000000,-0.047673,-0.000048,-0.078302,1.000000;;
    }

    Frame Bip01_DressBack02 {
     

     FrameTransformMatrix {
      0.936852,0.174932,-0.302833,0.000000,-0.166408,0.984581,0.053939,0.000000,0.307599,-0.000139,0.951516,0.000000,0.176125,0.000000,-0.000103,1.000000;;
     }
    }
   }
  }

  Frame Bip01_Prop1 {
   

   FrameTransformMatrix {
    -0.233929,-0.108090,0.966227,0.000000,0.687222,0.684611,0.242967,0.000000,-0.687752,0.720850,-0.085868,0.000000,0.104667,-0.055270,-0.126340,1.000000;;
   }
  }

  Frame Bip01_Prop2 {
   

   FrameTransformMatrix {
    -0.163643,-0.967062,0.194966,0.000000,0.985576,-0.168906,-0.010564,0.000000,0.043147,0.190425,0.980753,0.000000,-0.140709,-0.103585,0.102365,1.000000;;
   }
  }
 }
}

Frame Translation_Data {
 

 FrameTransformMatrix {
  1.000000,0.000000,0.000000,0.000000,0.000000,-0.000000,-1.000000,0.000000,0.000000,1.000000,-0.000000,0.000000,0.000000,0.000000,0.000000,1.000000;;
 }
}

Frame F_NecklaceLong_Teeth {
 

 FrameTransformMatrix {
  1.000000,0.000000,0.000000,0.000000,0.000000,1.000000,0.000000,0.000000,0.000000,0.000000,1.000000,0.000000,0.000000,0.000000,0.000000,1.000000;;
 }

 Mesh F_NecklaceLong_Teeth {
  764;
  0.023835;0.804485;0.059110;,
  0.025263;0.803855;0.061169;,
  0.026193;0.804013;0.058575;,
  0.023399;0.803816;0.062330;,
  0.029931;0.803518;0.053293;,
  0.028129;0.803845;0.053053;,
  0.029664;0.803778;0.050051;,
  0.031505;0.803344;0.050521;,
  0.032282;0.803303;0.048151;,
  0.030309;0.803756;0.047919;,
  0.030203;0.803070;0.045281;,
  0.032294;0.802710;0.045242;,
  -0.000193;0.805769;0.063558;,
  -0.000220;0.804929;0.065810;,
  0.003112;0.804810;0.065239;,
  0.014025;0.804281;0.063495;,
  0.012468;0.805064;0.062321;,
  -0.023903;0.804485;0.058975;,
  -0.026317;0.803680;0.060840;,
  -0.023353;0.803670;0.062220;,
  -0.027241;0.803784;0.058093;,
  -0.030829;0.803339;0.048488;,
  -0.030867;0.803384;0.053070;,
  -0.028428;0.803909;0.053053;,
  -0.032602;0.803336;0.050487;,
  -0.033446;0.803328;0.048156;,
  -0.033448;0.802806;0.045146;,
  -0.003100;0.804695;0.065321;,
  -0.014560;0.804158;0.063590;,
  -0.012855;0.805065;0.062321;,
  -0.032848;0.800849;0.037452;,
  -0.030722;0.801013;0.037347;,
  -0.029846;0.796402;0.029266;,
  -0.031810;0.796513;0.029620;,
  -0.031208;0.792199;0.024649;,
  -0.029227;0.792410;0.024810;,
  -0.028160;0.788926;0.019872;,
  -0.030096;0.787820;0.018830;,
  -0.028413;0.781788;0.012874;,
  -0.026823;0.784148;0.014935;,
  -0.024943;0.776902;0.008252;,
  -0.026225;0.773811;0.005736;,
  -0.023772;0.763914;-0.003000;,
  -0.022418;0.766456;-0.001547;,
  -0.019072;0.755024;-0.009702;,
  -0.020734;0.753831;-0.010067;,
  -0.018086;0.745924;-0.015309;,
  -0.016026;0.746072;-0.015723;,
  -0.012100;0.737799;-0.020963;,
  -0.014181;0.737590;-0.020522;,
  -0.007805;0.725707;-0.026116;,
  -0.006552;0.727917;-0.025849;,
  -0.000115;0.722609;-0.028182;,
  0.000011;0.718916;-0.028967;,
  0.008237;0.725982;-0.025838;,
  0.006479;0.728023;-0.025742;,
  0.012180;0.737935;-0.020795;,
  0.015094;0.737903;-0.020071;,
  0.018806;0.745959;-0.015069;,
  0.015938;0.746152;-0.015651;,
  0.018721;0.754948;-0.009783;,
  0.020978;0.753437;-0.010197;,
  0.023220;0.763129;-0.003412;,
  0.021496;0.766116;-0.001752;,
  0.024022;0.776424;0.007946;,
  0.025461;0.772962;0.005155;,
  0.027633;0.781345;0.012599;,
  0.026059;0.783814;0.014720;,
  0.027546;0.788755;0.019885;,
  0.029388;0.787771;0.018982;,
  0.030377;0.791979;0.025062;,
  0.028425;0.792113;0.025146;,
  0.028959;0.795978;0.029801;,
  0.030953;0.796070;0.030095;,
  0.031921;0.800483;0.037747;,
  0.029869;0.800646;0.037683;,
  0.010828;0.716903;-0.026032;,
  0.015034;0.719222;-0.024163;,
  0.007155;0.727327;-0.023928;,
  0.015162;0.723227;-0.024273;,
  0.006609;0.731021;-0.022469;,
  0.015034;0.719222;-0.024163;,
  0.009908;0.716647;-0.027857;,
  0.016608;0.720341;-0.024880;,
  0.004010;0.728573;-0.024432;,
  0.007978;0.719266;-0.027465;,
  0.016608;0.720341;-0.024880;,
  0.011482;0.717765;-0.028573;,
  0.009908;0.716647;-0.027857;,
  0.009752;0.720536;-0.028325;,
  0.007633;0.727957;-0.025785;,
  0.014149;0.722960;-0.026371;,
  0.010828;0.716903;-0.026032;,
  0.015688;0.720084;-0.026705;,
  0.007087;0.731651;-0.024326;,
  0.015688;0.720084;-0.026705;,
  0.004488;0.729202;-0.026289;,
  0.011482;0.717765;-0.028573;,
  0.007633;0.727957;-0.025785;,
  0.007155;0.727327;-0.023928;,
  0.017859;0.726273;-0.021661;,
  0.021110;0.729731;-0.019655;,
  0.011686;0.735403;-0.020438;,
  0.020167;0.733610;-0.020018;,
  0.010286;0.738074;-0.019049;,
  0.021110;0.729731;-0.019655;,
  0.017203;0.725695;-0.023526;,
  0.022382;0.731204;-0.020330;,
  0.008713;0.736258;-0.021206;,
  0.014614;0.727702;-0.023445;,
  0.022382;0.731204;-0.020330;,
  0.018474;0.727168;-0.024201;,
  0.017203;0.725695;-0.023526;,
  0.016049;0.729369;-0.024258;,
  0.012135;0.736057;-0.022294;,
  0.019448;0.732985;-0.022161;,
  0.017859;0.726273;-0.021661;,
  0.021725;0.730626;-0.022195;,
  0.010735;0.738728;-0.020905;,
  0.021725;0.730626;-0.022195;,
  0.009162;0.736912;-0.023062;,
  0.018474;0.727168;-0.024201;,
  0.012135;0.736057;-0.022294;,
  0.011686;0.735403;-0.020438;,
  0.022884;0.735572;-0.017419;,
  0.025293;0.739217;-0.014687;,
  0.015456;0.742214;-0.015850;,
  0.023759;0.742919;-0.014751;,
  0.013593;0.745037;-0.014517;,
  0.025293;0.739217;-0.014687;,
  0.022524;0.735133;-0.019399;,
  0.026363;0.740939;-0.015046;,
  0.012187;0.742755;-0.017196;,
  0.019643;0.736693;-0.019418;,
  0.026363;0.740939;-0.015046;,
  0.023594;0.736856;-0.019758;,
  0.022524;0.735133;-0.019399;,
  0.020855;0.738648;-0.019874;,
  0.016197;0.743537;-0.017614;,
  0.023374;0.742459;-0.017018;,
  0.022884;0.735572;-0.017419;,
  0.026004;0.740501;-0.017026;,
  0.014112;0.745975;-0.016227;,
  0.026004;0.740501;-0.017026;,
  0.012706;0.743693;-0.018905;,
  0.023594;0.736856;-0.019758;,
  0.016197;0.743537;-0.017614;,
  0.015456;0.742214;-0.015850;,
  0.027567;0.744510;-0.011964;,
  0.029974;0.748238;-0.009344;,
  0.019650;0.751647;-0.010268;,
  0.028324;0.751891;-0.009354;,
  0.017227;0.754280;-0.008720;,
  0.029974;0.748238;-0.009344;,
  0.027140;0.744052;-0.013926;,
  0.030974;0.749991;-0.009752;,
  0.015816;0.751394;-0.011391;,
  0.024213;0.745522;-0.013829;,
  0.030974;0.749991;-0.009752;,
  0.028140;0.745806;-0.014334;,
  0.027140;0.744052;-0.013926;,
  0.025344;0.747512;-0.014341;,
  0.020049;0.752373;-0.011948;,
  0.027860;0.751410;-0.011602;,
  0.027567;0.744510;-0.011964;,
  0.030547;0.749534;-0.011715;,
  0.017645;0.755227;-0.010453;,
  0.030547;0.749534;-0.011715;,
  0.016235;0.752341;-0.013123;,
  0.028140;0.745806;-0.014334;,
  0.020049;0.752373;-0.011948;,
  0.019650;0.751647;-0.010268;,
  0.029363;0.753304;-0.005655;,
  0.031444;0.756855;-0.003476;,
  0.022500;0.759853;-0.004801;,
  0.031444;0.756855;-0.003476;,
  0.029932;0.760134;-0.003769;,
  0.019712;0.761878;-0.003526;,
  0.031444;0.756855;-0.003476;,
  0.029033;0.752759;-0.007404;,
  0.032348;0.758416;-0.003932;,
  0.018574;0.760224;-0.005158;,
  0.026377;0.754068;-0.007492;,
  0.029363;0.753304;-0.005655;,
  0.032348;0.758416;-0.003932;,
  0.029937;0.754321;-0.007861;,
  0.029033;0.752759;-0.007404;,
  0.027401;0.755837;-0.008054;,
  0.022838;0.760129;-0.006228;,
  0.029576;0.759549;-0.005775;,
  0.029363;0.753304;-0.005655;,
  0.032018;0.757872;-0.005682;,
  0.020131;0.762621;-0.005138;,
  0.032018;0.757872;-0.005682;,
  0.018993;0.760967;-0.006770;,
  0.029937;0.754321;-0.007861;,
  0.022838;0.760129;-0.006228;,
  0.022500;0.759853;-0.004801;,
  0.022500;0.759853;-0.004801;,
  0.031570;0.761934;0.000005;,
  0.032861;0.764975;0.002949;,
  0.024374;0.767350;0.000889;,
  0.032861;0.764975;0.002949;,
  0.031155;0.767963;0.003021;,
  0.021893;0.769416;0.002398;,
  0.032861;0.764975;0.002949;,
  0.031554;0.761733;-0.001752;,
  0.033610;0.766577;0.002938;,
  0.021138;0.766474;-0.000183;,
  0.028950;0.762769;-0.002010;,
  0.031570;0.761934;0.000005;,
  0.033610;0.766577;0.002938;,
  0.032303;0.763336;-0.001763;,
  0.031554;0.761733;-0.001752;,
  0.029804;0.764592;-0.002063;,
  0.024855;0.768022;-0.000267;,
  0.031153;0.767771;0.001016;,
  0.031570;0.761934;0.000005;,
  0.033593;0.766376;0.001181;,
  0.022428;0.770440;0.001106;,
  0.033593;0.766376;0.001181;,
  0.021673;0.767498;-0.001475;,
  0.032303;0.763336;-0.001763;,
  0.024855;0.768022;-0.000267;,
  0.024374;0.767350;0.000889;,
  0.024374;0.767350;0.000889;,
  0.034249;0.785764;0.037189;,
  0.034664;0.786664;0.041024;,
  0.026656;0.786844;0.039802;,
  0.032339;0.788200;0.042398;,
  0.024604;0.787220;0.041257;,
  0.034664;0.786664;0.041024;,
  0.034172;0.786581;0.036371;,
  0.034809;0.788034;0.041900;,
  0.024340;0.786663;0.038814;,
  0.031629;0.786663;0.035846;,
  0.034809;0.788034;0.041900;,
  0.034291;0.787971;0.036666;,
  0.034172;0.786581;0.036371;,
  0.031792;0.788246;0.036813;,
  0.026687;0.788457;0.039420;,
  0.032226;0.789187;0.040823;,
  0.034249;0.785764;0.037189;,
  0.034707;0.788871;0.040501;,
  0.024635;0.788832;0.040869;,
  0.034707;0.788871;0.040501;,
  0.024371;0.788274;0.038426;,
  0.034291;0.787971;0.036666;,
  0.026687;0.788457;0.039420;,
  0.026656;0.786844;0.039802;,
  0.032870;0.768370;0.006084;,
  0.033949;0.771463;0.009225;,
  0.025051;0.773230;0.007261;,
  0.031944;0.774361;0.009436;,
  0.023102;0.775282;0.008320;,
  0.033949;0.771463;0.009225;,
  0.032855;0.768238;0.004275;,
  0.034574;0.773165;0.009279;,
  0.022269;0.772905;0.006096;,
  0.030101;0.769078;0.004070;,
  0.034574;0.773165;0.009279;,
  0.033480;0.769941;0.004329;,
  0.032855;0.768238;0.004275;,
  0.030814;0.771016;0.004089;,
  0.025496;0.774377;0.005979;,
  0.031941;0.774250;0.007374;,
  0.032870;0.768370;0.006084;,
  0.034558;0.773033;0.007470;,
  0.023559;0.776463;0.007081;,
  0.034558;0.773033;0.007470;,
  0.022726;0.774086;0.004857;,
  0.033480;0.769941;0.004329;,
  0.025496;0.774377;0.005979;,
  0.025051;0.773230;0.007261;,
  0.033742;0.775474;0.010702;,
  0.035095;0.778167;0.013485;,
  0.026849;0.779646;0.013037;,
  0.033290;0.780731;0.014071;,
  0.025225;0.781416;0.014337;,
  0.035095;0.778167;0.013485;,
  0.033479;0.775425;0.009085;,
  0.035634;0.779714;0.013518;,
  0.024209;0.779339;0.012368;,
  0.030979;0.776132;0.009317;,
  0.035634;0.779714;0.013518;,
  0.034018;0.776973;0.009117;,
  0.033479;0.775425;0.009085;,
  0.031588;0.777896;0.009317;,
  0.027051;0.780741;0.011879;,
  0.033002;0.780711;0.012227;,
  0.033742;0.775474;0.010702;,
  0.035371;0.779665;0.011900;,
  0.025443;0.782540;0.013218;,
  0.035371;0.779665;0.011900;,
  0.024426;0.780462;0.011249;,
  0.034018;0.776973;0.009117;,
  0.027051;0.780741;0.011879;,
  0.026849;0.779646;0.013037;,
  0.034936;0.781944;0.016953;,
  0.036317;0.784492;0.019653;,
  0.028445;0.786315;0.019051;,
  0.034698;0.787103;0.020124;,
  0.026948;0.788109;0.020331;,
  0.036317;0.784492;0.019653;,
  0.034722;0.781950;0.015334;,
  0.036922;0.786009;0.019636;,
  0.025895;0.786149;0.018321;,
  0.032339;0.782750;0.015511;,
  0.036922;0.786009;0.019636;,
  0.035326;0.783467;0.015317;,
  0.034722;0.781950;0.015334;,
  0.033024;0.784480;0.015453;,
  0.028730;0.787428;0.017856;,
  0.034468;0.787144;0.018277;,
  0.034936;0.781944;0.016953;,
  0.036707;0.786015;0.018017;,
  0.027240;0.789234;0.019150;,
  0.036707;0.786015;0.018017;,
  0.026186;0.787274;0.017140;,
  0.035326;0.783467;0.015317;,
  0.028730;0.787428;0.017856;,
  0.028445;0.786315;0.019051;,
  0.035750;0.787689;0.022841;,
  0.037166;0.790098;0.025384;,
  0.029544;0.791361;0.025623;,
  0.035524;0.792462;0.026094;,
  0.028143;0.792925;0.027053;,
  0.037166;0.790098;0.025384;,
  0.035392;0.787742;0.021325;,
  0.037648;0.791579;0.025378;,
  0.027069;0.791070;0.025160;,
  0.033105;0.788347;0.021749;,
  0.037648;0.791579;0.025378;,
  0.035873;0.789224;0.021319;,
  0.035392;0.787742;0.021325;,
  0.033646;0.790038;0.021706;,
  0.029635;0.792481;0.024511;,
  0.035127;0.792556;0.024366;,
  0.035750;0.787689;0.022841;,
  0.037290;0.791632;0.023863;,
  0.028241;0.794058;0.025955;,
  0.037290;0.791632;0.023863;,
  0.027166;0.792202;0.024062;,
  0.035873;0.789224;0.021319;,
  0.029635;0.792481;0.024511;,
  0.029544;0.791361;0.025623;,
  0.036563;0.792957;0.029886;,
  0.037648;0.795092;0.032580;,
  0.030402;0.796356;0.032084;,
  0.036026;0.797318;0.033217;,
  0.028929;0.797778;0.033381;,
  0.037648;0.795092;0.032580;,
  0.036383;0.793097;0.028418;,
  0.038111;0.796498;0.032710;,
  0.028102;0.796130;0.031370;,
  0.034172;0.793671;0.028615;,
  0.038111;0.796498;0.032710;,
  0.036845;0.794503;0.028548;,
  0.036383;0.793097;0.028418;,
  0.034696;0.795278;0.028729;,
  0.030608;0.797485;0.031105;,
  0.035830;0.797510;0.031545;,
  0.036563;0.792957;0.029886;,
  0.037930;0.796638;0.031241;,
  0.029141;0.798918;0.032418;,
  0.037930;0.796638;0.031241;,
  0.028314;0.797270;0.030406;,
  0.036845;0.794503;0.028548;,
  0.030608;0.797485;0.031105;,
  0.030402;0.796356;0.032084;,
  0.037647;0.798368;0.037427;,
  0.038987;0.799529;0.040490;,
  0.031884;0.800799;0.041070;,
  0.037501;0.801391;0.041916;,
  0.030586;0.801707;0.042846;,
  0.038987;0.799529;0.040490;,
  0.037344;0.798954;0.036125;,
  0.039479;0.800802;0.041005;,
  0.029568;0.800790;0.040544;,
  0.035212;0.799408;0.036683;,
  0.039479;0.800802;0.041005;,
  0.037837;0.800227;0.036640;,
  0.037344;0.798954;0.036125;,
  0.035767;0.800874;0.037240;,
  0.032023;0.802156;0.040495;,
  0.037168;0.802087;0.040443;,
  0.037647;0.798368;0.037427;,
  0.039177;0.801387;0.039703;,
  0.030732;0.803070;0.042287;,
  0.039177;0.801387;0.039703;,
  0.029714;0.802153;0.039985;,
  0.037837;0.800227;0.036640;,
  0.032023;0.802156;0.040495;,
  0.031884;0.800799;0.041070;,
  0.003216;0.714600;-0.027001;,
  -0.000423;0.718429;-0.026223;,
  -0.004015;0.714421;-0.028110;,
  -0.003949;0.710661;-0.029297;,
  -0.006118;0.712139;-0.030666;,
  -0.003418;0.707419;-0.031583;,
  0.003050;0.726028;-0.026415;,
  0.002397;0.725274;-0.027871;,
  0.002297;0.724898;-0.025689;,
  -0.000386;0.712676;-0.028215;,
  -0.003949;0.710661;-0.029297;,
  -0.002373;0.725372;-0.025289;,
  0.003357;0.715129;-0.030063;,
  -0.000261;0.719038;-0.029752;,
  0.003320;0.725284;-0.027652;,
  -0.006118;0.712139;-0.030666;,
  -0.003203;0.725712;-0.027535;,
  -0.003875;0.714949;-0.031171;,
  -0.003837;0.725522;-0.026612;,
  0.005475;0.712428;-0.028889;,
  0.003315;0.711316;-0.030977;,
  -0.002273;0.725748;-0.027471;,
  -0.000259;0.713155;-0.030989;,
  0.002917;0.707499;-0.030634;,
  -0.000259;0.713155;-0.030989;,
  0.003315;0.711316;-0.030977;,
  -0.000314;0.708978;-0.030408;,
  -0.003822;0.711139;-0.032070;,
  -0.002679;0.726772;-0.026221;,
  0.003862;0.725123;-0.026548;,
  0.003188;0.710838;-0.028203;,
  -0.000386;0.712676;-0.028215;,
  0.002917;0.707499;-0.030634;,
  0.003188;0.710838;-0.028203;,
  -0.000314;0.708978;-0.030408;,
  -0.003822;0.711139;-0.032070;,
  -0.003418;0.707419;-0.031583;,
  -0.006118;0.712139;-0.030666;,
  0.005475;0.712428;-0.028889;,
  0.005475;0.712428;-0.028889;,
  -0.010911;0.716903;-0.026032;,
  -0.007237;0.727327;-0.023928;,
  -0.015116;0.719222;-0.024163;,
  -0.006692;0.731021;-0.022469;,
  -0.015244;0.723227;-0.024273;,
  -0.015116;0.719222;-0.024163;,
  -0.016690;0.720341;-0.024880;,
  -0.009991;0.716647;-0.027857;,
  -0.004092;0.728573;-0.024432;,
  -0.008060;0.719266;-0.027465;,
  -0.016690;0.720341;-0.024880;,
  -0.011565;0.717765;-0.028573;,
  -0.009835;0.720536;-0.028325;,
  -0.009991;0.716647;-0.027857;,
  -0.014231;0.722960;-0.026371;,
  -0.007715;0.727957;-0.025785;,
  -0.010911;0.716903;-0.026032;,
  -0.015770;0.720084;-0.026705;,
  -0.007170;0.731651;-0.024326;,
  -0.015770;0.720084;-0.026705;,
  -0.004570;0.729202;-0.026289;,
  -0.011565;0.717765;-0.028573;,
  -0.007715;0.727957;-0.025785;,
  -0.007237;0.727327;-0.023928;,
  -0.017942;0.726273;-0.021661;,
  -0.011768;0.735403;-0.020438;,
  -0.021193;0.729731;-0.019655;,
  -0.010368;0.738074;-0.019049;,
  -0.020250;0.733610;-0.020018;,
  -0.021193;0.729731;-0.019655;,
  -0.022464;0.731204;-0.020330;,
  -0.017285;0.725695;-0.023526;,
  -0.008796;0.736258;-0.021206;,
  -0.014696;0.727702;-0.023445;,
  -0.022464;0.731204;-0.020330;,
  -0.018556;0.727168;-0.024201;,
  -0.016131;0.729369;-0.024258;,
  -0.017285;0.725695;-0.023526;,
  -0.019530;0.732985;-0.022161;,
  -0.012217;0.736057;-0.022294;,
  -0.017942;0.726273;-0.021661;,
  -0.021807;0.730626;-0.022195;,
  -0.010817;0.738728;-0.020905;,
  -0.021807;0.730626;-0.022195;,
  -0.009245;0.736912;-0.023062;,
  -0.018556;0.727168;-0.024201;,
  -0.012217;0.736057;-0.022294;,
  -0.011768;0.735403;-0.020438;,
  -0.022966;0.735572;-0.017419;,
  -0.015538;0.742214;-0.015850;,
  -0.025376;0.739217;-0.014687;,
  -0.013675;0.745037;-0.014517;,
  -0.023842;0.742919;-0.014751;,
  -0.025376;0.739217;-0.014687;,
  -0.026446;0.740939;-0.015046;,
  -0.022607;0.735133;-0.019399;,
  -0.012269;0.742755;-0.017196;,
  -0.019725;0.736693;-0.019418;,
  -0.026446;0.740939;-0.015046;,
  -0.023677;0.736856;-0.019758;,
  -0.020937;0.738648;-0.019874;,
  -0.022607;0.735133;-0.019399;,
  -0.023457;0.742459;-0.017018;,
  -0.016280;0.743537;-0.017614;,
  -0.022966;0.735572;-0.017419;,
  -0.026087;0.740501;-0.017026;,
  -0.014195;0.745975;-0.016227;,
  -0.026087;0.740501;-0.017026;,
  -0.012788;0.743693;-0.018905;,
  -0.023677;0.736856;-0.019758;,
  -0.016280;0.743537;-0.017614;,
  -0.015538;0.742214;-0.015850;,
  -0.027650;0.744510;-0.011964;,
  -0.019732;0.751647;-0.010268;,
  -0.030056;0.748238;-0.009344;,
  -0.017309;0.754280;-0.008720;,
  -0.028406;0.751891;-0.009354;,
  -0.030056;0.748238;-0.009344;,
  -0.031056;0.749991;-0.009752;,
  -0.027222;0.744052;-0.013926;,
  -0.015899;0.751394;-0.011391;,
  -0.024295;0.745522;-0.013829;,
  -0.031056;0.749991;-0.009752;,
  -0.028222;0.745806;-0.014334;,
  -0.025426;0.747512;-0.014341;,
  -0.027222;0.744052;-0.013926;,
  -0.027942;0.751410;-0.011602;,
  -0.020131;0.752373;-0.011948;,
  -0.027650;0.744510;-0.011964;,
  -0.030629;0.749534;-0.011715;,
  -0.017728;0.755227;-0.010453;,
  -0.030629;0.749534;-0.011715;,
  -0.016317;0.752341;-0.013123;,
  -0.028222;0.745806;-0.014334;,
  -0.020131;0.752373;-0.011948;,
  -0.019732;0.751647;-0.010268;,
  -0.030270;0.753304;-0.005655;,
  -0.023407;0.759853;-0.004801;,
  -0.032351;0.756855;-0.003476;,
  -0.032351;0.756855;-0.003476;,
  -0.020619;0.761878;-0.003526;,
  -0.030839;0.760134;-0.003769;,
  -0.032351;0.756855;-0.003476;,
  -0.033255;0.758416;-0.003932;,
  -0.029940;0.752759;-0.007404;,
  -0.019481;0.760224;-0.005158;,
  -0.030270;0.753304;-0.005655;,
  -0.027284;0.754068;-0.007492;,
  -0.033255;0.758416;-0.003932;,
  -0.030844;0.754321;-0.007861;,
  -0.028308;0.755837;-0.008054;,
  -0.029940;0.752759;-0.007404;,
  -0.030484;0.759549;-0.005775;,
  -0.023746;0.760129;-0.006228;,
  -0.030270;0.753304;-0.005655;,
  -0.032925;0.757872;-0.005682;,
  -0.021038;0.762621;-0.005138;,
  -0.032925;0.757872;-0.005682;,
  -0.019900;0.760967;-0.006770;,
  -0.030844;0.754321;-0.007861;,
  -0.023746;0.760129;-0.006228;,
  -0.023407;0.759853;-0.004801;,
  -0.023407;0.759853;-0.004801;,
  -0.032454;0.761934;0.000005;,
  -0.025258;0.767350;0.000889;,
  -0.033745;0.764975;0.002949;,
  -0.033745;0.764975;0.002949;,
  -0.022777;0.769416;0.002398;,
  -0.032039;0.767963;0.003021;,
  -0.033745;0.764975;0.002949;,
  -0.034494;0.766577;0.002938;,
  -0.032438;0.761733;-0.001752;,
  -0.022022;0.766474;-0.000183;,
  -0.032454;0.761934;0.000005;,
  -0.029834;0.762769;-0.002010;,
  -0.034494;0.766577;0.002938;,
  -0.033187;0.763336;-0.001763;,
  -0.030688;0.764592;-0.002063;,
  -0.032438;0.761733;-0.001752;,
  -0.032037;0.767771;0.001016;,
  -0.025739;0.768022;-0.000267;,
  -0.032454;0.761934;0.000005;,
  -0.034477;0.766376;0.001181;,
  -0.023312;0.770440;0.001106;,
  -0.034477;0.766376;0.001181;,
  -0.022557;0.767498;-0.001475;,
  -0.033187;0.763336;-0.001763;,
  -0.025739;0.768022;-0.000267;,
  -0.025258;0.767350;0.000889;,
  -0.025258;0.767350;0.000889;,
  -0.034331;0.785764;0.037189;,
  -0.026739;0.786844;0.039802;,
  -0.034747;0.786664;0.041024;,
  -0.024687;0.787220;0.041257;,
  -0.032422;0.788200;0.042398;,
  -0.034747;0.786664;0.041024;,
  -0.034891;0.788034;0.041900;,
  -0.034254;0.786581;0.036371;,
  -0.024422;0.786663;0.038814;,
  -0.031711;0.786663;0.035846;,
  -0.034891;0.788034;0.041900;,
  -0.034374;0.787971;0.036666;,
  -0.031874;0.788246;0.036813;,
  -0.034254;0.786581;0.036371;,
  -0.032309;0.789187;0.040823;,
  -0.026770;0.788457;0.039420;,
  -0.034331;0.785764;0.037189;,
  -0.034790;0.788871;0.040501;,
  -0.024717;0.788832;0.040869;,
  -0.034790;0.788871;0.040501;,
  -0.024453;0.788274;0.038426;,
  -0.034374;0.787971;0.036666;,
  -0.026770;0.788457;0.039420;,
  -0.026739;0.786844;0.039802;,
  -0.033841;0.768370;0.006084;,
  -0.026021;0.773230;0.007261;,
  -0.034920;0.771463;0.009225;,
  -0.024073;0.775282;0.008320;,
  -0.032915;0.774361;0.009436;,
  -0.034920;0.771463;0.009225;,
  -0.035544;0.773165;0.009279;,
  -0.033826;0.768238;0.004275;,
  -0.023240;0.772905;0.006096;,
  -0.031072;0.769078;0.004070;,
  -0.035544;0.773165;0.009279;,
  -0.034450;0.769941;0.004329;,
  -0.031784;0.771016;0.004089;,
  -0.033826;0.768238;0.004275;,
  -0.032912;0.774250;0.007374;,
  -0.026467;0.774377;0.005979;,
  -0.033841;0.768370;0.006084;,
  -0.035529;0.773033;0.007470;,
  -0.024529;0.776463;0.007081;,
  -0.035529;0.773033;0.007470;,
  -0.023697;0.774086;0.004857;,
  -0.034450;0.769941;0.004329;,
  -0.026467;0.774377;0.005979;,
  -0.026021;0.773230;0.007261;,
  -0.035194;0.775474;0.010702;,
  -0.028301;0.779646;0.013037;,
  -0.036547;0.778167;0.013485;,
  -0.026677;0.781416;0.014337;,
  -0.034742;0.780731;0.014071;,
  -0.036547;0.778167;0.013485;,
  -0.037086;0.779714;0.013518;,
  -0.034931;0.775425;0.009085;,
  -0.025660;0.779339;0.012368;,
  -0.032430;0.776132;0.009317;,
  -0.037086;0.779714;0.013518;,
  -0.035470;0.776973;0.009117;,
  -0.033039;0.777896;0.009317;,
  -0.034931;0.775425;0.009085;,
  -0.034454;0.780711;0.012227;,
  -0.028503;0.780741;0.011879;,
  -0.035194;0.775474;0.010702;,
  -0.036823;0.779665;0.011900;,
  -0.026894;0.782540;0.013218;,
  -0.036823;0.779665;0.011900;,
  -0.025878;0.780462;0.011249;,
  -0.035470;0.776973;0.009117;,
  -0.028503;0.780741;0.011879;,
  -0.028301;0.779646;0.013037;,
  -0.036335;0.781876;0.016689;,
  -0.029844;0.786247;0.018788;,
  -0.037716;0.784424;0.019390;,
  -0.028347;0.788041;0.020067;,
  -0.036097;0.787034;0.019860;,
  -0.037716;0.784424;0.019390;,
  -0.038321;0.785941;0.019372;,
  -0.036121;0.781882;0.015070;,
  -0.027294;0.786080;0.018057;,
  -0.033738;0.782681;0.015247;,
  -0.038321;0.785941;0.019372;,
  -0.036725;0.783399;0.015053;,
  -0.034423;0.784412;0.015190;,
  -0.036121;0.781882;0.015070;,
  -0.035867;0.787076;0.018013;,
  -0.030129;0.787359;0.017592;,
  -0.036335;0.781876;0.016689;,
  -0.038106;0.785947;0.017754;,
  -0.028639;0.789166;0.018886;,
  -0.038106;0.785947;0.017754;,
  -0.027585;0.787205;0.016876;,
  -0.036725;0.783399;0.015053;,
  -0.030129;0.787359;0.017592;,
  -0.029844;0.786247;0.018788;,
  -0.037096;0.787974;0.022666;,
  -0.030891;0.791645;0.025448;,
  -0.038512;0.790383;0.025209;,
  -0.029489;0.793210;0.026879;,
  -0.036870;0.792746;0.025919;,
  -0.038512;0.790383;0.025209;,
  -0.038994;0.791864;0.025203;,
  -0.036738;0.788027;0.021151;,
  -0.028415;0.791355;0.024985;,
  -0.034451;0.788631;0.021574;,
  -0.038994;0.791864;0.025203;,
  -0.037220;0.789509;0.021144;,
  -0.034992;0.790323;0.021531;,
  -0.036738;0.788027;0.021151;,
  -0.036473;0.792841;0.024191;,
  -0.030981;0.792766;0.024336;,
  -0.037096;0.787974;0.022666;,
  -0.038636;0.791917;0.023688;,
  -0.029587;0.794343;0.025780;,
  -0.038636;0.791917;0.023688;,
  -0.028512;0.792487;0.023887;,
  -0.037220;0.789509;0.021144;,
  -0.030981;0.792766;0.024336;,
  -0.030891;0.791645;0.025448;,
  -0.037949;0.793501;0.029885;,
  -0.031788;0.796900;0.032082;,
  -0.039034;0.795635;0.032579;,
  -0.030315;0.798322;0.033380;,
  -0.037412;0.797862;0.033215;,
  -0.039034;0.795635;0.032579;,
  -0.039497;0.797041;0.032708;,
  -0.037769;0.793641;0.028417;,
  -0.029488;0.796674;0.031369;,
  -0.035558;0.794215;0.028613;,
  -0.039497;0.797041;0.032708;,
  -0.038232;0.795047;0.028546;,
  -0.036082;0.795822;0.028727;,
  -0.037769;0.793641;0.028417;,
  -0.037217;0.798054;0.031544;,
  -0.031994;0.798029;0.031104;,
  -0.037949;0.793501;0.029885;,
  -0.039316;0.797181;0.031240;,
  -0.030527;0.799462;0.032416;,
  -0.039316;0.797181;0.031240;,
  -0.029700;0.797814;0.030405;,
  -0.038232;0.795047;0.028546;,
  -0.031994;0.798029;0.031104;,
  -0.031788;0.796900;0.032082;,
  -0.037729;0.798368;0.037427;,
  -0.031966;0.800799;0.041070;,
  -0.039069;0.799529;0.040490;,
  -0.030669;0.801707;0.042846;,
  -0.037584;0.801391;0.041916;,
  -0.039069;0.799529;0.040490;,
  -0.039561;0.800802;0.041005;,
  -0.037427;0.798954;0.036125;,
  -0.029650;0.800790;0.040544;,
  -0.035294;0.799408;0.036683;,
  -0.039561;0.800802;0.041005;,
  -0.037919;0.800227;0.036640;,
  -0.035849;0.800874;0.037240;,
  -0.037427;0.798954;0.036125;,
  -0.037250;0.802087;0.040443;,
  -0.032105;0.802156;0.040495;,
  -0.037729;0.798368;0.037427;,
  -0.039259;0.801387;0.039703;,
  -0.030814;0.803070;0.042287;,
  -0.039259;0.801387;0.039703;,
  -0.029796;0.802153;0.039985;,
  -0.037919;0.800227;0.036640;,
  -0.032105;0.802156;0.040495;,
  -0.031966;0.800799;0.041070;,
  0.003112;0.804810;0.065239;,
  0.003362;0.790135;0.074432;,
  0.006321;0.790016;0.073861;,
  0.003362;0.790135;0.074432;,
  0.003112;0.804810;0.065239;,
  -0.000220;0.804929;0.065810;,
  -0.000220;0.804929;0.065810;,
  -0.005168;0.791353;0.071529;,
  -0.002660;0.791586;0.072018;,
  -0.005168;0.791353;0.071529;,
  -0.000220;0.804929;0.065810;,
  -0.003100;0.804695;0.065321;;
  858;
  3;0,1,2;,
  3;1,0,3;,
  3;0,4,5;,
  3;4,0,2;,
  3;6,4,7;,
  3;4,6,5;,
  3;6,8,9;,
  3;8,6,7;,
  3;10,8,11;,
  3;8,10,9;,
  3;12,13,14;,
  3;12,15,16;,
  3;15,12,14;,
  3;0,15,3;,
  3;15,0,16;,
  3;17,18,19;,
  3;18,17,20;,
  3;21,22,23;,
  3;22,21,24;,
  3;17,22,20;,
  3;22,17,23;,
  3;21,25,24;,
  3;25,21,26;,
  3;12,27,13;,
  3;12,28,27;,
  3;28,12,29;,
  3;17,28,29;,
  3;28,17,19;,
  3;21,30,26;,
  3;30,21,31;,
  3;32,30,31;,
  3;30,32,33;,
  3;32,34,33;,
  3;34,32,35;,
  3;36,34,35;,
  3;34,36,37;,
  3;36,38,37;,
  3;38,36,39;,
  3;40,38,39;,
  3;38,40,41;,
  3;40,42,41;,
  3;42,40,43;,
  3;44,42,43;,
  3;42,44,45;,
  3;44,46,45;,
  3;46,44,47;,
  3;48,46,47;,
  3;46,48,49;,
  3;48,50,49;,
  3;50,48,51;,
  3;52,50,51;,
  3;50,52,53;,
  3;52,54,53;,
  3;54,52,55;,
  3;56,54,55;,
  3;54,56,57;,
  3;56,58,57;,
  3;58,56,59;,
  3;60,58,59;,
  3;58,60,61;,
  3;60,62,61;,
  3;62,60,63;,
  3;64,62,63;,
  3;62,64,65;,
  3;64,66,65;,
  3;66,64,67;,
  3;68,66,67;,
  3;66,68,69;,
  3;68,70,69;,
  3;70,68,71;,
  3;72,70,71;,
  3;70,72,73;,
  3;72,74,73;,
  3;74,72,75;,
  3;10,74,75;,
  3;74,10,11;,
  3;76,77,78;,
  3;77,79,80;,
  3;81,82,83;,
  3;84,85,76;,
  3;77,86,79;,
  3;85,87,88;,
  3;87,85,89;,
  3;89,90,91;,
  3;81,92,82;,
  3;91,87,89;,
  3;87,91,93;,
  3;94,79,91;,
  3;79,94,80;,
  3;82,95,83;,
  3;85,96,89;,
  3;96,85,84;,
  3;79,93,91;,
  3;93,79,86;,
  3;76,85,88;,
  3;82,97,95;,
  3;84,98,96;,
  3;98,84,99;,
  3;80,98,99;,
  3;98,80,94;,
  3;89,96,90;,
  3;90,94,91;,
  3;77,80,78;,
  3;78,84,76;,
  3;100,101,102;,
  3;101,103,104;,
  3;105,106,107;,
  3;108,109,100;,
  3;101,110,103;,
  3;109,111,112;,
  3;111,109,113;,
  3;113,114,115;,
  3;105,116,106;,
  3;115,111,113;,
  3;111,115,117;,
  3;118,103,115;,
  3;103,118,104;,
  3;106,119,107;,
  3;109,120,113;,
  3;120,109,108;,
  3;103,117,115;,
  3;117,103,110;,
  3;100,109,112;,
  3;106,121,119;,
  3;108,122,120;,
  3;122,108,123;,
  3;104,122,123;,
  3;122,104,118;,
  3;113,120,114;,
  3;114,118,115;,
  3;101,104,102;,
  3;102,108,100;,
  3;124,125,126;,
  3;125,127,128;,
  3;129,130,131;,
  3;132,133,124;,
  3;125,134,127;,
  3;133,135,136;,
  3;135,133,137;,
  3;137,138,139;,
  3;129,140,130;,
  3;139,135,137;,
  3;135,139,141;,
  3;142,127,139;,
  3;127,142,128;,
  3;130,143,131;,
  3;133,144,137;,
  3;144,133,132;,
  3;127,141,139;,
  3;141,127,134;,
  3;124,133,136;,
  3;130,145,143;,
  3;132,146,144;,
  3;146,132,147;,
  3;128,146,147;,
  3;146,128,142;,
  3;137,144,138;,
  3;138,142,139;,
  3;125,128,126;,
  3;126,132,124;,
  3;148,149,150;,
  3;149,151,152;,
  3;153,154,155;,
  3;156,157,148;,
  3;149,158,151;,
  3;157,159,160;,
  3;159,157,161;,
  3;161,162,163;,
  3;153,164,154;,
  3;163,159,161;,
  3;159,163,165;,
  3;166,151,163;,
  3;151,166,152;,
  3;154,167,155;,
  3;157,168,161;,
  3;168,157,156;,
  3;151,165,163;,
  3;165,151,158;,
  3;148,157,160;,
  3;154,169,167;,
  3;156,170,168;,
  3;170,156,171;,
  3;152,170,171;,
  3;170,152,166;,
  3;161,168,162;,
  3;162,166,163;,
  3;149,152,150;,
  3;150,156,148;,
  3;172,173,174;,
  3;175,176,177;,
  3;178,179,180;,
  3;181,182,183;,
  3;175,184,176;,
  3;182,185,186;,
  3;185,182,187;,
  3;187,188,189;,
  3;178,190,179;,
  3;189,185,187;,
  3;185,189,191;,
  3;192,176,189;,
  3;176,192,177;,
  3;179,193,180;,
  3;182,194,187;,
  3;194,182,181;,
  3;176,191,189;,
  3;191,176,184;,
  3;183,182,186;,
  3;179,195,193;,
  3;181,196,194;,
  3;196,181,197;,
  3;177,196,197;,
  3;196,177,192;,
  3;187,194,188;,
  3;188,192,189;,
  3;175,177,198;,
  3;198,181,183;,
  3;199,200,201;,
  3;202,203,204;,
  3;205,206,207;,
  3;208,209,210;,
  3;202,211,203;,
  3;209,212,213;,
  3;212,209,214;,
  3;214,215,216;,
  3;205,217,206;,
  3;216,212,214;,
  3;212,216,218;,
  3;219,203,216;,
  3;203,219,204;,
  3;206,220,207;,
  3;209,221,214;,
  3;221,209,208;,
  3;203,218,216;,
  3;218,203,211;,
  3;210,209,213;,
  3;206,222,220;,
  3;208,223,221;,
  3;223,208,224;,
  3;204,223,224;,
  3;223,204,219;,
  3;214,221,215;,
  3;215,219,216;,
  3;202,204,225;,
