xof 0303txt 0032
template ColorRGBA {
 <35ff44e0-6c7c-11cf-8f52-0040333594a3>
 FLOAT red;
 FLOAT green;
 FLOAT blue;
 FLOAT alpha;
}

template ColorRGB {
 <d3e16e81-7835-11cf-8f52-0040333594a3>
 FLOAT red;
 FLOAT green;
 FLOAT blue;
}

template Material {
 <3d82ab4d-62da-11cf-ab39-0020af71e433>
 ColorRGBA faceColor;
 FLOAT power;
 ColorRGB specularColor;
 ColorRGB emissiveColor;
 [...]
}

template TextureFilename {
 <a42790e1-7810-11cf-8f52-0040333594a3>
 STRING filename;
}

template Frame {
 <3d82ab46-62da-11cf-ab39-0020af71e433>
 [...]
}

template Matrix4x4 {
 <f6f23f45-7686-11cf-8f52-0040333594a3>
 array FLOAT matrix[16];
}

template FrameTransformMatrix {
 <f6f23f41-7686-11cf-8f52-0040333594a3>
 Matrix4x4 frameMatrix;
}

template Vector {
 <3d82ab5e-62da-11cf-ab39-0020af71e433>
 FLOAT x;
 FLOAT y;
 FLOAT z;
}

template MeshFace {
 <3d82ab5f-62da-11cf-ab39-0020af71e433>
 DWORD nFaceVertexIndices;
 array DWORD faceVertexIndices[nFaceVertexIndices];
}

template Mesh {
 <3d82ab44-62da-11cf-ab39-0020af71e433>
 DWORD nVertices;
 array Vector vertices[nVertices];
 DWORD nFaces;
 array MeshFace faces[nFaces];
 [...]
}

template MeshNormals {
 <f6f23f43-7686-11cf-8f52-0040333594a3>
 DWORD nNormals;
 array Vector normals[nNormals];
 DWORD nFaceNormals;
 array MeshFace faceNormals[nFaceNormals];
}

template MeshMaterialList {
 <f6f23f42-7686-11cf-8f52-0040333594a3>
 DWORD nMaterials;
 DWORD nFaceIndexes;
 array DWORD faceIndexes[nFaceIndexes];
 [Material <3d82ab4d-62da-11cf-ab39-0020af71e433>]
}

template Coords2d {
 <f6f23f44-7686-11cf-8f52-0040333594a3>
 FLOAT u;
 FLOAT v;
}

template MeshTextureCoords {
 <f6f23f40-7686-11cf-8f52-0040333594a3>
 DWORD nTextureCoords;
 array Coords2d textureCoords[nTextureCoords];
}

template XSkinMeshHeader {
 <3cf169ce-ff7c-44ab-93c0-f78f62d172e2>
 WORD nMaxSkinWeightsPerVertex;
 WORD nMaxSkinWeightsPerFace;
 WORD nBones;
}

template SkinWeights {
 <6f0d123b-bad2-4167-a0d0-80224f25fabb>
 STRING transformNodeName;
 DWORD nWeights;
 array DWORD vertexIndices[nWeights];
 array FLOAT weights[nWeights];
 Matrix4x4 matrixOffset;
}

template AnimTicksPerSecond {
 <9e415a43-7ba6-4a73-8743-b73d47e88476>
 DWORD AnimTicksPerSecond;
}

template Animation {
 <3d82ab4f-62da-11cf-ab39-0020af71e433>
 [...]
}

template AnimationSet {
 <3d82ab50-62da-11cf-ab39-0020af71e433>
 [Animation <3d82ab4f-62da-11cf-ab39-0020af71e433>]
}

template FloatKeys {
 <10dd46a9-775b-11cf-8f52-0040333594a3>
 DWORD nValues;
 array FLOAT values[nValues];
}

template TimedFloatKeys {
 <f406b180-7b3b-11cf-8f52-0040333594a3>
 DWORD time;
 FloatKeys tfkeys;
}

template AnimationKey {
 <10dd46a8-775b-11cf-8f52-0040333594a3>
 DWORD keyType;
 DWORD nKeys;
 array TimedFloatKeys keys[nKeys];
}


Material _05_-_Default {
 1.000000;1.000000;1.000000;1.000000;;
 9.999999;
 0.000000;0.000000;0.000000;;
 0.000000;0.000000;0.000000;;

 TextureFilename {
  "JacketLong_Khaki.png";
 }
}

Frame Dummy01 {
 

 FrameTransformMatrix {
  1.000000,0.000000,0.000000,0.000000,0.000000,-0.000000,-1.000000,0.000000,0.000000,1.000000,-0.000000,0.000000,0.000000,0.000000,0.000000,1.000000;;
 }

 Frame Bip01 {
  

  FrameTransformMatrix {
   -0.087155,0.982405,-0.165183,0.000000,-0.000001,0.165814,0.986157,0.000000,0.996195,0.085949,-0.014450,0.000000,-0.010000,-0.012284,0.490453,1.000000;;
  }

  Frame Bip01_Pelvis {
   

   FrameTransformMatrix {
    0.000000,1.000000,-0.000001,0.000000,-0.000001,0.000001,1.000000,0.000000,1.000000,0.000000,0.000001,0.000000,0.000000,0.000000,0.000000,1.000000;;
   }

   Frame Bip01_Spine {
    

    FrameTransformMatrix {
     0.984686,0.000002,-0.174337,0.000000,-0.000001,1.000000,0.000004,0.000000,0.174337,-0.000004,0.984686,0.000000,0.051619,0.000000,-0.000083,1.000000;;
    }

    Frame Bip01_Spine1 {
     

     FrameTransformMatrix {
      0.997819,0.052687,0.039774,0.000000,-0.044862,0.983198,-0.176942,0.000000,-0.048428,0.174771,0.983417,0.000000,0.106484,-0.000015,-0.000083,1.000000;;
     }

     Frame Bip01_Neck {
      

      FrameTransformMatrix {
       0.966067,-0.020835,0.257451,0.000000,0.025191,0.999590,-0.013632,0.000000,-0.257061,0.019655,0.966195,0.000000,0.130511,-0.000001,0.004626,1.000000;;
      }

      Frame Bip01_Head {
       

       FrameTransformMatrix {
        0.989321,-0.051753,-0.136255,0.000000,0.064251,0.993958,0.088989,0.000000,0.130826,-0.096793,0.986669,0.000000,0.033674,-0.000000,0.000000,1.000000;;
       }
      }

      Frame Bip01_L_Clavicle {
       

       FrameTransformMatrix {
        -0.205975,0.976135,0.068811,0.000000,0.943873,0.216738,-0.249254,0.000000,-0.258220,0.013609,-0.965990,0.000000,-0.024734,0.015166,0.002017,1.000000;;
       }

       Frame Bip01_L_UpperArm {
        

        FrameTransformMatrix {
         0.385871,-0.777669,0.496320,0.000000,0.922466,0.332598,-0.196046,0.000000,-0.012616,0.533487,0.845714,0.000000,0.073469,0.000000,-0.000000,1.000000;;
        }

        Frame Bip01_L_Forearm {
         

         FrameTransformMatrix {
          0.943939,0.000000,-0.330119,0.000000,0.000000,1.000000,-0.000000,0.000000,0.330119,-0.000000,0.943939,0.000000,0.148340,0.000000,-0.000000,1.000000;;
         }

         Frame Bip01_L_Hand {
          

          FrameTransformMatrix {
           1.000000,0.000000,0.000000,0.000000,0.000000,0.000796,1.000000,0.000000,0.000000,-1.000000,0.000796,0.000000,0.131860,-0.000000,0.000000,1.000000;;
          }

          Frame Bip01_L_Finger0 {
           

           FrameTransformMatrix {
            0.690342,-0.181727,0.700288,0.000000,0.558537,0.749101,-0.356210,0.000000,-0.459853,0.637043,0.618637,0.000000,0.057681,-0.023605,-0.000272,1.000000;;
           }
          }

          Frame Bip01_L_Finger1 {
           

           FrameTransformMatrix {
            0.728079,-0.000546,0.685493,0.000000,0.000000,1.000000,0.000796,0.000000,-0.685493,-0.000580,0.728079,0.000000,0.084102,0.000000,0.000000,1.000000;;
           }
          }
         }
        }
       }
      }

      Frame Bip01_R_Clavicle {
       

       FrameTransformMatrix {
        -0.028509,-0.999573,-0.006461,0.000000,-0.965665,0.025871,0.258498,0.000000,-0.258220,0.013609,-0.965990,0.000000,-0.024080,-0.016250,0.001399,1.000000;;
       }

       Frame Bip01_R_UpperArm {
        

        FrameTransformMatrix {
         0.221390,0.975047,0.016433,0.000000,-0.974986,0.221654,-0.016512,0.000000,-0.019742,-0.012366,0.999728,0.000000,0.073469,0.000000,-0.000000,1.000000;;
        }

        Frame Bip01_R_Forearm {
         

         FrameTransformMatrix {
          0.915660,0.000000,-0.401954,0.000000,-0.000000,1.000000,-0.000000,0.000000,0.401954,-0.000000,0.915660,0.000000,0.148340,0.000000,-0.000000,1.000000;;
         }

         Frame Bip01_R_Hand {
          

          FrameTransformMatrix {
           0.975195,-0.000000,-0.221346,0.000000,-0.221346,0.000796,-0.975195,0.000000,0.000176,1.000000,0.000777,0.000000,0.131860,0.000000,0.000000,1.000000;;
          }

          Frame Bip01_R_Finger0 {
           

           FrameTransformMatrix {
            0.417774,-0.116941,0.900994,0.000000,-0.558537,0.749101,0.356210,0.000000,-0.716591,-0.652054,0.247639,0.000000,0.057681,0.023605,-0.000272,1.000000;;
           }
          }

          Frame Bip01_R_Finger1 {
           

           FrameTransformMatrix {
            0.352436,0.000745,0.935835,0.000000,0.000000,1.000000,-0.000796,0.000000,-0.935836,0.000281,0.352436,0.000000,0.084102,0.000000,0.000000,1.000000;;
           }
          }
         }
        }
       }
      }
     }

     Frame Bip01_BackPack {
      

      FrameTransformMatrix {
       0.180560,0.080500,-0.980264,0.000000,0.047560,0.994764,0.090451,0.000000,0.982413,-0.062954,0.175786,0.000000,0.063697,0.000003,-0.088856,1.000000;;
      }
     }
    }

    Frame Bip01_L_Thigh {
     

     FrameTransformMatrix {
      -0.888504,0.030427,0.457858,0.000000,-0.032107,-0.999476,0.004114,0.000000,0.457744,-0.011045,0.889016,0.000000,-0.050843,0.055225,-0.008917,1.000000;;
     }

     Frame Bip01_L_Calf {
      

      FrameTransformMatrix {
       0.942235,-0.000000,-0.334952,0.000000,-0.000000,1.000000,-0.000000,0.000000,0.334952,0.000000,0.942235,0.000000,0.237500,0.000000,-0.000000,1.000000;;
      }

      Frame Bip01_L_Foot {
       

       FrameTransformMatrix {
        0.924325,-0.026487,0.380687,0.000000,-0.068962,0.969570,0.234901,0.000000,-0.375325,-0.243378,0.894371,0.000000,0.206841,0.000000,0.000000,1.000000;;
       }

       Frame Bip01_L_Toe0 {
        

        FrameTransformMatrix {
         0.000000,0.000000,1.000000,0.000000,0.000000,1.000000,-0.000000,0.000000,-1.000000,0.000000,0.000000,0.000000,0.065373,0.000000,0.066450,1.000000;;
        }
       }
      }
     }
    }

    Frame Bip01_R_Thigh {
     

     FrameTransformMatrix {
      -0.996965,0.030321,-0.071704,0.000000,-0.029454,-0.999480,-0.013113,0.000000,-0.072065,-0.010961,0.997340,0.000000,-0.050843,-0.055225,-0.008917,1.000000;;
     }

     Frame Bip01_R_Calf {
      

      FrameTransformMatrix {
       0.730239,0.000000,-0.683192,0.000000,0.000000,1.000000,0.000000,0.000000,0.683192,-0.000000,0.730239,0.000000,0.237500,0.000000,0.000000,1.000000;;
      }

      Frame Bip01_R_Foot {
       

       FrameTransformMatrix {
        0.991957,0.087165,-0.091782,0.000000,-0.093276,0.993546,-0.064539,0.000000,0.085565,0.072581,0.993685,0.000000,0.206841,0.000000,0.000000,1.000000;;
       }

       Frame Bip01_R_Toe0 {
        

        FrameTransformMatrix {
         0.000000,0.000000,1.000000,0.000000,0.000000,1.000000,-0.000000,0.000000,-1.000000,0.000000,0.000000,0.000000,0.065373,0.000000,0.066450,1.000000;;
        }
       }
      }
     }
    }
   }

   Frame Bip01_DressFront {
    

    FrameTransformMatrix {
     -0.880185,-0.088339,0.466338,0.000000,0.121847,0.907542,0.401896,0.000000,-0.458725,0.410564,-0.788041,0.000000,-0.043935,0.001339,0.061057,1.000000;;
    }

    Frame Bip01_DressFront02 {
     

     FrameTransformMatrix {
      0.912593,0.000001,0.408870,0.000000,-0.000001,1.000000,-0.000000,0.000000,-0.408870,-0.000000,0.912593,0.000000,0.183378,-0.000000,-0.000120,1.000000;;
     }
    }
   }

   Frame Bip01_DressBack {
    

    FrameTransformMatrix {
     -0.886023,0.038029,0.462080,0.000000,0.191625,0.937561,0.290274,0.000000,-0.422190,0.345735,-0.837988,0.000000,-0.047673,-0.000048,-0.078302,1.000000;;
    }

    Frame Bip01_DressBack02 {
     

     FrameTransformMatrix {
      0.936852,0.174932,-0.302833,0.000000,-0.166408,0.984581,0.053939,0.000000,0.307600,-0.000139,0.951516,0.000000,0.176125,0.000000,-0.000103,1.000000;;
     }
    }
   }
  }

  Frame Bip01_Prop1 {
   

   FrameTransformMatrix {
    -0.233929,-0.108090,0.966227,0.000000,0.687222,0.684611,0.242967,0.000000,-0.687752,0.720850,-0.085868,0.000000,0.104667,-0.055270,-0.126340,1.000000;;
   }
  }

  Frame Bip01_Prop2 {
   

   FrameTransformMatrix {
    -0.163643,-0.967062,0.194966,0.000000,0.985576,-0.168906,-0.010564,0.000000,0.043147,0.190425,0.980753,0.000000,-0.140709,-0.103585,0.102365,1.000000;;
   }
  }
 }
}

Frame Kate_JacketLong {
 

 FrameTransformMatrix {
  1.000000,0.000000,0.000000,0.000000,0.000000,1.000000,0.000000,0.000000,0.000000,0.000000,1.000000,0.000000,0.000000,0.000000,0.000000,1.000000;;
 }

 Mesh Kate_JacketLong {
  341;
  0.063882;0.771226;0.000389;,
  0.033910;0.773508;0.002585;,
  0.066206;0.791280;0.014469;,
  0.065923;0.728494;-0.016272;,
  0.048636;0.703332;-0.047300;,
  0.043331;0.733382;-0.028166;,
  0.070970;0.698010;-0.030351;,
  0.027040;0.810980;0.062492;,
  0.073583;0.786565;0.082048;,
  0.061734;0.803379;0.056762;,
  0.045279;0.780208;0.087466;,
  0.080719;0.564903;0.056089;,
  0.039013;0.595383;0.072907;,
  0.044087;0.573775;0.087161;,
  0.072561;0.592281;0.045654;,
  0.081296;0.579367;0.002599;,
  0.090336;0.549093;0.008481;,
  0.056046;0.562048;-0.026344;,
  0.077094;0.516267;-0.013503;,
  0.042295;0.507340;-0.024179;,
  0.020007;0.702270;-0.046803;,
  0.017026;0.724067;-0.031039;,
  -0.000000;0.587534;0.077243;,
  0.000000;0.563822;0.089714;,
  0.042620;0.647963;0.066682;,
  0.000000;0.673194;0.071750;,
  0.000000;0.648949;0.070999;,
  0.046413;0.683676;0.073643;,
  0.062583;0.462849;-0.023884;,
  0.123381;0.368085;0.015903;,
  0.076262;0.364145;-0.023272;,
  0.108399;0.466723;0.018795;,
  0.101174;0.438727;0.083286;,
  0.113320;0.371906;0.081905;,
  0.100739;0.512181;0.019614;,
  0.084985;0.525555;0.075822;,
  0.045337;0.530963;0.104395;,
  0.092553;0.469787;0.075677;,
  0.045496;0.476348;0.103903;,
  0.037277;0.608097;0.067657;,
  0.064451;0.648617;0.056078;,
  0.071900;0.656667;0.036039;,
  0.068250;0.655560;-0.003893;,
  0.078742;0.687872;0.037903;,
  0.069103;0.665495;-0.004095;,
  0.043467;0.656475;-0.034330;,
  0.044698;0.658456;-0.033419;,
  0.019267;0.662878;-0.035262;,
  0.015834;0.661966;-0.034615;,
  0.134933;0.787971;0.011035;,
  0.177473;0.738255;0.019513;,
  0.133891;0.744104;0.017051;,
  0.185445;0.792316;0.019215;,
  0.232897;0.735339;0.026229;,
  0.239066;0.784001;0.033209;,
  0.124324;0.746075;0.071283;,
  0.177473;0.738255;0.019513;,
  0.172312;0.744777;0.081108;,
  0.133891;0.744104;0.017051;,
  0.224007;0.743556;0.083219;,
  0.232897;0.735339;0.026229;,
  0.101179;0.758733;0.073908;,
  0.127009;0.770420;0.074293;,
  0.101584;0.741485;0.062290;,
  0.229920;0.784124;0.072647;,
  0.179360;0.793487;0.070934;,
  0.133203;0.799893;0.047046;,
  0.264331;0.784884;0.027513;,
  0.322857;0.728605;0.023196;,
  0.261457;0.725806;0.022721;,
  0.322399;0.770013;0.021596;,
  0.363304;0.728410;0.019924;,
  0.371351;0.759556;0.019417;,
  0.261457;0.725806;0.022721;,
  0.321006;0.737380;0.074163;,
  0.257827;0.736254;0.087090;,
  0.322857;0.728605;0.023196;,
  0.368843;0.740758;0.065177;,
  0.363304;0.728410;0.019924;,
  0.320122;0.770380;0.072593;,
  0.260421;0.785297;0.075749;,
  0.371825;0.761277;0.061916;,
  0.094632;0.807917;0.062068;,
  0.097882;0.810101;0.037360;,
  0.061734;0.803379;0.056762;,
  0.064109;0.804986;0.037491;,
  0.071076;0.691250;0.072190;,
  0.031745;0.811376;0.040097;,
  0.095051;0.796615;0.008409;,
  0.063882;0.771226;0.000389;,
  0.066206;0.791280;0.014469;,
  0.095702;0.769240;0.001487;,
  0.049923;0.733538;0.089843;,
  0.000000;0.776417;0.087837;,
  0.000000;0.718586;0.086027;,
  0.073583;0.786565;0.082048;,
  0.086861;0.746329;0.080821;,
  0.083528;0.726631;0.025265;,
  0.094188;0.744908;0.009965;,
  0.089523;0.734054;0.068404;,
  0.070202;0.746423;-0.004191;,
  0.077227;0.685307;-0.001771;,
  0.077825;0.693157;0.015761;,
  0.078435;0.686887;0.056426;,
  0.064109;0.804986;0.037491;,
  -0.000000;0.739314;-0.025051;,
  0.028716;0.799378;0.025226;,
  0.000000;0.559943;-0.033992;,
  -0.000012;0.499851;-0.029292;,
  -0.000000;0.523223;0.104402;,
  -0.000000;0.481713;0.108897;,
  0.034207;0.454178;0.106264;,
  0.000000;0.810374;0.069308;,
  0.000000;0.617884;-0.035529;,
  0.042122;0.618902;-0.029603;,
  0.067656;0.619649;0.002426;,
  0.064935;0.611852;0.040677;,
  0.000000;0.604601;0.069938;,
  0.031745;0.811376;0.040097;,
  0.064109;0.804986;0.037491;,
  0.130003;0.789247;0.064919;,
  0.083887;0.735711;0.082010;,
  0.089523;0.734054;0.068404;,
  0.086861;0.746329;0.080821;,
  0.077130;0.717742;0.038017;,
  0.083528;0.726631;0.025265;,
  0.075528;0.716415;-0.002746;,
  0.070202;0.746423;-0.004191;,
  0.019896;0.672288;-0.044451;,
  0.049434;0.668584;-0.044337;,
  0.068573;0.669909;-0.022845;,
  0.040657;0.746741;-0.020090;,
  0.070202;0.746423;-0.004191;,
  0.094188;0.744908;0.009965;,
  0.000000;0.739314;-0.025051;,
  -0.000000;0.739314;-0.025051;,
  0.008418;0.702697;-0.040763;,
  0.008399;0.673893;-0.038519;,
  0.000000;0.676335;-0.037538;,
  -0.000000;0.703059;-0.039587;,
  0.077130;0.717742;0.038017;,
  -0.063882;0.771226;0.000389;,
  -0.066206;0.791280;0.014469;,
  -0.033910;0.773508;0.002585;,
  -0.065923;0.728494;-0.016272;,
  -0.048636;0.703332;-0.047300;,
  -0.070970;0.698010;-0.030351;,
  -0.043331;0.733382;-0.028166;,
  -0.027040;0.810980;0.062492;,
  -0.073583;0.786565;0.082048;,
  -0.045279;0.780208;0.087466;,
  -0.061734;0.803379;0.056762;,
  -0.080719;0.564903;0.056089;,
  -0.039013;0.595383;0.072907;,
  -0.072561;0.592281;0.045654;,
  -0.044087;0.573775;0.087161;,
  -0.081296;0.579367;0.002599;,
  -0.090336;0.549093;0.008481;,
  -0.056046;0.562048;-0.026344;,
  -0.077094;0.516267;-0.013503;,
  -0.042284;0.507320;-0.024182;,
  -0.020007;0.702270;-0.046803;,
  -0.017026;0.724067;-0.031039;,
  -0.000000;0.587534;0.077243;,
  0.000000;0.563822;0.089714;,
  -0.042620;0.647963;0.066682;,
  0.000000;0.673194;0.071750;,
  -0.046413;0.683676;0.073643;,
  0.000000;0.648949;0.070999;,
  -0.062557;0.462841;-0.023888;,
  -0.123367;0.368085;0.015903;,
  -0.108399;0.466723;0.018795;,
  -0.076268;0.364146;-0.023271;,
  -0.101173;0.438727;0.083286;,
  -0.113744;0.371927;0.081795;,
  -0.100739;0.512181;0.019614;,
  -0.084985;0.525555;0.075822;,
  -0.045337;0.530963;0.104395;,
  -0.092553;0.469787;0.075677;,
  -0.045496;0.476348;0.103903;,
  -0.037277;0.608097;0.067657;,
  -0.064451;0.648617;0.056078;,
  -0.071900;0.656667;0.036039;,
  -0.078742;0.687872;0.037903;,
  -0.068250;0.655560;-0.003893;,
  -0.069103;0.665495;-0.004095;,
  -0.043467;0.656475;-0.034330;,
  -0.044698;0.658456;-0.033419;,
  -0.019267;0.662878;-0.035262;,
  -0.015834;0.661966;-0.034615;,
  -0.134933;0.787971;0.011035;,
  -0.133891;0.744104;0.017051;,
  -0.177473;0.738255;0.019513;,
  -0.185445;0.792316;0.019215;,
  -0.232897;0.735339;0.026229;,
  -0.239066;0.784001;0.033209;,
  -0.124324;0.746075;0.071283;,
  -0.177473;0.738255;0.019513;,
  -0.133891;0.744104;0.017051;,
  -0.172312;0.744777;0.081108;,
  -0.224007;0.743556;0.083219;,
  -0.232897;0.735339;0.026229;,
  -0.101179;0.758733;0.073908;,
  -0.101584;0.741485;0.062290;,
  -0.127009;0.770420;0.074293;,
  -0.229920;0.784124;0.072647;,
  -0.179360;0.793487;0.070934;,
  -0.133203;0.799893;0.047046;,
  -0.264331;0.784884;0.027513;,
  -0.322857;0.728605;0.023196;,
  -0.322399;0.770013;0.021596;,
  -0.261457;0.725806;0.022721;,
  -0.363304;0.728410;0.019924;,
  -0.371351;0.759556;0.019417;,
  -0.261457;0.725806;0.022721;,
  -0.321006;0.737380;0.074163;,
  -0.322857;0.728605;0.023196;,
  -0.257827;0.736254;0.087090;,
  -0.368843;0.740758;0.065177;,
  -0.363304;0.728410;0.019924;,
  -0.320122;0.770380;0.072593;,
  -0.260421;0.785297;0.075749;,
  -0.371825;0.761277;0.061916;,
  -0.094632;0.807917;0.062068;,
  -0.097882;0.810101;0.037360;,
  -0.061734;0.803379;0.056762;,
  -0.064109;0.804986;0.037491;,
  -0.071076;0.691250;0.072190;,
  -0.031745;0.811376;0.040097;,
  -0.095051;0.796615;0.008409;,
  -0.063882;0.771226;0.000389;,
  -0.095702;0.769240;0.001487;,
  -0.066206;0.791280;0.014469;,
  -0.049923;0.733538;0.089843;,
  0.000000;0.776417;0.087837;,
  0.000000;0.718586;0.086027;,
  -0.073583;0.786565;0.082048;,
  -0.086861;0.746314;0.080859;,
  -0.083528;0.726631;0.025265;,
  -0.089523;0.734054;0.068404;,
  -0.094188;0.744908;0.009965;,
  -0.070202;0.746423;-0.004191;,
  -0.077227;0.685307;-0.001771;,
  -0.077825;0.693157;0.015761;,
  -0.078435;0.686887;0.056426;,
  -0.064109;0.804986;0.037491;,
  -0.028716;0.799378;0.025226;,
  -0.000000;0.523223;0.104402;,
  -0.000000;0.481713;0.108897;,
  -0.034201;0.454381;0.106259;,
  0.000000;0.810374;0.069308;,
  -0.042122;0.618902;-0.029603;,
  -0.067656;0.619649;0.002426;,
  -0.064935;0.611852;0.040677;,
  0.000000;0.604601;0.069938;,
  -0.031745;0.811376;0.040097;,
  -0.064109;0.804986;0.037491;,
  -0.130003;0.789247;0.064919;,
  -0.083887;0.735711;0.082010;,
  -0.086861;0.746314;0.080859;,
  -0.089523;0.734054;0.068404;,
  -0.077130;0.717742;0.038017;,
  -0.083528;0.726631;0.025265;,
  -0.075528;0.716415;-0.002746;,
  -0.070202;0.746423;-0.004191;,
  -0.019896;0.672288;-0.044451;,
  -0.049434;0.668584;-0.044337;,
  -0.068573;0.669909;-0.022845;,
  -0.040657;0.746741;-0.020090;,
  -0.070202;0.746423;-0.004191;,
  -0.094188;0.744908;0.009965;,
  -0.008418;0.702697;-0.040763;,
  -0.008399;0.673893;-0.038519;,
  -0.077130;0.717742;0.038017;,
  0.062583;0.462849;-0.023884;,
  0.021224;0.362602;-0.034553;,
  0.012826;0.462234;-0.030764;,
  0.076262;0.364146;-0.023272;,
  0.042295;0.507340;-0.024179;,
  0.044133;0.372940;0.104262;,
  0.000059;0.446475;0.110485;,
  0.000280;0.372888;0.110896;,
  -0.013280;0.462390;-0.030559;,
  -0.000015;0.361969;-0.037436;,
  -0.022939;0.362542;-0.034242;,
  -0.000040;0.460289;-0.033342;,
  -0.000012;0.499851;-0.029292;,
  -0.042284;0.507320;-0.024182;,
  -0.000000;0.481713;0.108897;,
  -0.034201;0.454381;0.106259;,
  -0.043572;0.372473;0.106873;,
  -0.062557;0.462841;-0.023888;,
  -0.076268;0.364146;-0.023271;,
  0.101174;0.438727;0.083286;,
  0.113320;0.371906;0.081905;,
  0.034207;0.454178;0.106264;,
  -0.101173;0.438727;0.083286;,
  -0.113744;0.371927;0.081795;,
  -0.076268;0.364146;-0.023271;,
  -0.113744;0.371927;0.081795;,
  -0.123367;0.368085;0.015903;,
  0.076262;0.364146;-0.023272;,
  0.123381;0.368085;0.015903;,
  0.113320;0.371906;0.081905;,
  -0.076268;0.364146;-0.023271;,
  -0.043572;0.372473;0.106873;,
  -0.113744;0.371927;0.081795;,
  -0.022939;0.362542;-0.034242;,
  0.044133;0.372940;0.104262;,
  0.076262;0.364146;-0.023272;,
  0.113320;0.371906;0.081905;,
  0.021224;0.362602;-0.034553;,
  -0.000015;0.361969;-0.037436;,
  0.000280;0.372888;0.110896;,
  -0.368843;0.740758;0.065177;,
  -0.371351;0.759556;0.019417;,
  -0.363304;0.728410;0.019924;,
  -0.371825;0.761277;0.061916;,
  0.371351;0.759556;0.019417;,
  0.368843;0.740758;0.065177;,
  0.363304;0.728410;0.019924;,
  0.371825;0.761277;0.061916;,
  0.000000;0.810374;0.069308;,
  0.000000;0.762792;0.034999;,
  -0.027040;0.810980;0.062492;,
  0.000000;0.762792;0.034999;,
  -0.031745;0.811376;0.040097;,
  -0.031745;0.811376;0.040097;,
  0.000000;0.762792;0.034999;,
  -0.028716;0.799378;0.025226;,
  0.000000;0.762792;0.034999;,
  -0.000000;0.739314;-0.025051;,
  0.027040;0.810980;0.062492;,
  0.000000;0.762792;0.034999;,
  0.000000;0.810374;0.069308;,
  0.031745;0.811376;0.040097;,
  0.000000;0.762792;0.034999;,
  0.028716;0.799378;0.025226;,
  0.000000;0.762792;0.034999;,
  0.031745;0.811376;0.040097;,
  0.000000;0.762792;0.034999;;
  466;
  3;0,1,2;,
  3;3,4,5;,
  3;4,3,6;,
  3;7,8,9;,
  3;8,7,10;,
  3;11,12,13;,
  3;12,11,14;,
  3;15,11,16;,
  3;11,15,14;,
  3;17,18,19;,
  3;18,17,15;,
  3;5,20,21;,
  3;20,5,4;,
  3;13,22,23;,
  3;22,13,12;,
  3;24,25,26;,
  3;25,24,27;,
  3;28,29,30;,
  3;29,28,31;,
  3;32,29,31;,
  3;29,32,33;,
  3;31,18,34;,
  3;18,31,28;,
  3;13,35,11;,
  3;35,13,36;,
  3;36,37,35;,
  3;37,36,38;,
  3;11,34,16;,
  3;34,11,35;,
  3;35,31,34;,
  3;31,35,37;,
  3;37,32,31;,
  3;39,40,24;,
  3;41,42,43;,
  3;44,45,46;,
  3;45,44,42;,
  3;45,47,46;,
  3;47,45,48;,
  3;49,50,51;,
  3;52,53,50;,
  3;53,52,54;,
  3;55,56,57;,
  3;56,55,58;,
  3;56,59,57;,
  3;59,56,60;,
  3;61,55,62;,
  3;55,61,63;,
  3;57,64,65;,
  3;64,57,59;,
  3;66,65,52;,
  3;65,54,52;,
  3;54,65,64;,
  3;67,68,69;,
  3;68,67,70;,
  3;70,71,68;,
  3;71,70,72;,
  3;73,74,75;,
  3;74,73,76;,
  3;76,77,74;,
  3;77,76,78;,
  3;75,79,80;,
  3;79,75,74;,
  3;74,81,79;,
  3;81,74,77;,
  3;80,70,67;,
  3;70,80,79;,
  3;79,72,70;,
  3;72,79,81;,
  3;64,67,54;,
  3;67,64,80;,
  3;54,69,53;,
  3;69,54,67;,
  3;59,73,75;,
  3;73,59,60;,
  3;75,64,59;,
  3;64,75,80;,
  3;82,66,83;,
  3;83,84,82;,
  3;84,83,85;,
  3;40,27,24;,
  3;27,40,86;,
  3;9,87,7;,
  3;88,89,90;,
  3;89,88,91;,
  3;49,91,88;,
  3;8,10,92;,
  3;92,93,94;,
  3;93,92,10;,
  3;82,84,95;,
  3;61,95,96;,
  3;63,97,98;,
  3;97,63,99;,
  3;100,98,97;,
  3;101,102,44;,
  3;43,103,41;,
  3;18,28,19;,
  3;15,16,18;,
  3;16,34,18;,
  3;87,9,104;,
  3;1,105,106;,
  3;19,107,17;,
  3;107,19,108;,
  3;23,36,13;,
  3;36,23,109;,
  3;36,110,38;,
  3;110,36,109;,
  3;38,110,111;,
  3;112,93,10;,
  3;113,17,107;,
  3;17,113,114;,
  3;114,15,17;,
  3;15,114,115;,
  3;115,14,15;,
  3;14,115,116;,
  3;14,39,12;,
  3;39,14,116;,
  3;12,117,22;,
  3;117,12,39;,
  3;118,119,106;,
  3;106,119,2;,
  3;90,83,88;,
  3;83,90,85;,
  3;83,49,88;,
  3;49,83,66;,
  3;66,52,49;,
  3;65,66,120;,
  3;116,41,40;,
  3;121,122,123;,
  3;103,40,41;,
  3;40,103,86;,
  3;40,39,116;,
  3;112,10,7;,
  3;92,86,121;,
  3;86,92,27;,
  3;86,122,121;,
  3;122,86,103;,
  3;122,43,124;,
  3;43,122,103;,
  3;124,102,125;,
  3;102,124,43;,
  3;126,125,102;,
  3;125,126,127;,
  3;128,4,129;,
  3;4,128,20;,
  3;129,6,130;,
  3;6,129,4;,
  3;131,0,127;,
  3;0,131,1;,
  3;132,91,133;,
  3;91,132,89;,
  3;91,49,133;,
  3;96,63,61;,
  3;63,96,99;,
  3;134,1,131;,
  3;1,134,135;,
  3;46,130,44;,
  3;130,46,129;,
  3;101,6,126;,
  3;126,3,127;,
  3;127,5,131;,
  3;5,127,3;,
  3;131,21,134;,
  3;136,21,20;,
  3;137,20,128;,
  3;20,137,136;,
  3;46,128,129;,
  3;6,101,130;,
  3;102,101,126;,
  3;130,101,44;,
  3;26,39,24;,
  3;39,26,117;,
  3;94,27,92;,
  3;27,94,25;,
  3;95,61,82;,
  3;50,49,52;,
  3;82,61,120;,
  3;66,82,120;,
  3;128,46,47;,
  3;136,138,139;,
  3;138,136,137;,
  3;21,136,139;,
  3;128,47,137;,
  3;21,139,134;,
  3;21,131,5;,
  3;3,126,6;,
  3;97,99,140;,
  3;49,51,133;,
  3;58,63,98;,
  3;63,58,55;,
  3;57,62,55;,
  3;61,62,120;,
  3;62,65,120;,
  3;65,62,57;,
  3;121,8,92;,
  3;8,121,123;,
  3;2,1,106;,
  3;105,1,135;,
  3;48,45,114;,
  3;114,42,115;,
  3;42,114,45;,
  3;41,115,42;,
  3;115,41,116;,
  3;113,48,114;,
  3;48,113,138;,
  3;137,48,138;,
  3;48,137,47;,
  3;102,42,44;,
  3;42,102,43;,
  3;141,142,143;,
  3;144,145,146;,
  3;145,144,147;,
  3;148,149,150;,
  3;149,148,151;,
  3;152,153,154;,
  3;153,152,155;,
  3;156,152,154;,
  3;152,156,157;,
  3;158,159,156;,
  3;159,158,160;,
  3;147,161,145;,
  3;161,147,162;,
  3;155,163,153;,
  3;163,155,164;,
  3;165,166,167;,
  3;166,165,168;,
  3;169,170,171;,
  3;170,169,172;,
  3;173,170,174;,
  3;170,173,171;,
  3;171,159,169;,
  3;159,171,175;,
  3;155,176,177;,
  3;176,155,152;,
  3;177,178,179;,
  3;178,177,176;,
  3;152,175,176;,
  3;175,152,157;,
  3;176,171,178;,
  3;171,176,175;,
  3;178,171,173;,
  3;180,165,181;,
  3;182,183,184;,
  3;185,186,184;,
  3;186,185,187;,
  3;186,188,189;,
  3;188,186,187;,
  3;190,191,192;,
  3;193,194,195;,
  3;194,193,192;,
  3;196,197,198;,
  3;197,196,199;,
  3;197,200,201;,
  3;200,197,199;,
  3;202,196,203;,
  3;196,202,204;,
  3;199,205,200;,
  3;205,199,206;,
  3;207,193,206;,
  3;206,195,205;,
  3;195,206,193;,
  3;208,209,210;,
  3;209,208,211;,
  3;210,212,213;,
  3;212,210,209;,
  3;214,215,216;,
  3;215,214,217;,
  3;216,218,219;,
  3;218,216,215;,
  3;217,220,215;,
  3;220,217,221;,
  3;215,222,218;,
  3;222,215,220;,
  3;221,210,220;,
  3;210,221,208;,
  3;220,213,222;,
  3;213,220,210;,
  3;205,208,221;,
  3;208,205,195;,
  3;195,211,208;,
  3;211,195,194;,
  3;200,214,201;,
  3;214,200,217;,
  3;217,205,221;,
  3;205,217,200;,
  3;223,224,207;,
  3;224,225,226;,
  3;225,224,223;,
  3;181,167,227;,
  3;167,181,165;,
  3;151,148,228;,
  3;229,230,231;,
  3;230,229,232;,
  3;190,229,231;,
  3;149,233,150;,
  3;233,234,150;,
  3;234,233,235;,
  3;223,236,225;,
  3;202,237,236;,
  3;203,238,239;,
  3;238,203,240;,
  3;241,238,240;,
  3;242,185,243;,
  3;183,182,244;,
  3;159,160,169;,
  3;156,159,157;,
  3;157,159,175;,
  3;228,245,151;,
  3;143,246,105;,
  3;160,107,108;,
  3;107,160,158;,
  3;164,177,247;,
  3;177,164,155;,
  3;177,248,247;,
  3;248,177,179;,
  3;248,179,249;,
  3;250,150,234;,
  3;113,158,251;,
  3;158,113,107;,
  3;251,156,252;,
  3;156,251,158;,
  3;252,154,253;,
  3;154,252,156;,
  3;154,180,253;,
  3;180,154,153;,
  3;153,254,180;,
  3;254,153,163;,
  3;255,246,256;,
  3;246,142,256;,
  3;232,224,226;,
  3;224,232,229;,
  3;190,224,229;,
  3;224,190,207;,
  3;207,190,193;,
  3;206,257,207;,
  3;253,181,182;,
  3;258,259,260;,
  3;244,181,227;,
  3;181,244,182;,
  3;181,253,180;,
  3;250,148,150;,
  3;233,227,167;,
  3;227,233,258;,
  3;227,260,244;,
  3;260,227,258;,
  3;260,183,244;,
  3;183,260,261;,
  3;261,243,183;,
  3;243,261,262;,
  3;263,262,264;,
  3;262,263,243;,
  3;265,145,161;,
  3;145,265,266;,
  3;266,146,145;,
  3;146,266,267;,
  3;268,141,143;,
  3;141,268,264;,
  3;269,231,230;,
  3;231,269,270;,
  3;231,270,190;,
  3;202,239,237;,
  3;239,202,203;,
  3;134,143,135;,
  3;143,134,268;,
  3;187,267,266;,
  3;267,187,185;,
  3;242,263,146;,
  3;263,264,144;,
  3;264,147,144;,
  3;147,264,268;,
  3;268,134,162;,
  3;271,161,162;,
  3;272,161,271;,
  3;161,272,265;,
  3;187,266,265;,
  3;146,267,242;,
  3;243,263,242;,
  3;267,185,242;,
  3;168,180,254;,
  3;180,168,165;,
  3;235,167,166;,
  3;167,235,233;,
  3;236,223,202;,
  3;192,193,190;,
  3;223,257,202;,
  3;207,257,223;,
  3;265,188,187;,
  3;271,138,272;,
  3;138,271,139;,
  3;162,139,271;,
  3;265,272,188;,
  3;162,134,139;,
  3;162,147,268;,
  3;144,146,263;,
  3;238,273,239;,
  3;190,270,191;,
  3;198,203,196;,
  3;203,198,240;,
  3;199,196,204;,
  3;202,257,204;,
  3;204,206,199;,
  3;206,204,257;,
  3;259,233,149;,
  3;233,259,258;,
  3;142,246,143;,
  3;105,135,143;,
  3;189,251,186;,
  3;251,184,186;,
  3;184,251,252;,
  3;182,252,253;,
  3;252,182,184;,
  3;113,251,189;,
  3;189,138,113;,
  3;272,189,188;,
  3;189,272,138;,
  3;243,184,183;,
  3;184,243,185;,
  3;274,275,276;,
  3;275,274,277;,
  3;276,278,274;,
  3;279,280,281;,
  3;282,283,284;,
  3;283,282,285;,
  3;286,282,287;,
  3;288,289,280;,
  3;289,290,280;,
  3;287,282,291;,
  3;282,286,285;,
  3;284,291,282;,
  3;291,284,292;,
  3;286,276,285;,
  3;276,286,278;,
  3;283,276,275;,
  3;276,283,285;,
  3;293,279,294;,
  3;279,293,295;,
  3;280,290,281;,
  3;279,295,280;,
  3;295,288,280;,
  3;296,290,289;,
  3;290,296,297;,
  3;32,38,111;,
  3;38,32,37;,
  3;179,173,249;,
  3;173,179,178;,
  3;298,299,300;,
  3;301,302,303;,
  3;304,305,306;,
  3;307,305,304;,
  3;308,309,310;,
  3;308,311,309;,
  3;308,312,311;,
  3;313,312,308;,
  3;305,312,313;,
  3;307,312,305;,
  3;314,315,316;,
  3;315,314,317;,
  3;318,319,320;,
  3;319,318,321;,
  3;322,323,324;,
  3;324,325,326;,
  3;327,328,329;,
  3;329,330,331;,
  3;332,333,334;,
  3;335,336,332;,
  3;337,338,339;,
  3;331,340,337;;

  MeshNormals {
   341;
   0.049066;0.444144;-0.894611;,
   -0.036242;0.641162;-0.766550;,
   -0.131673;0.737449;-0.662443;,
   0.699975;0.349689;-0.622697;,
   0.297419;0.242185;-0.923520;,
   0.200262;0.537048;-0.819436;,
   0.827035;0.086641;-0.555434;,
   0.185203;0.830003;0.526114;,
   0.218483;0.433924;0.874057;,
   0.066698;0.952993;0.295560;,
   0.062022;0.331650;0.941361;,
   0.839976;0.368940;0.397898;,
   0.323948;0.479042;0.815829;,
   0.324195;0.476473;0.817234;,
   0.821964;0.399198;0.406221;,
   0.909465;0.250292;-0.332004;,
   0.934467;0.207476;-0.289354;,
   0.443780;0.028194;-0.895692;,
   0.610142;0.036323;-0.791459;,
   0.203334;0.035450;-0.978468;,
   -0.234340;0.227679;-0.945118;,
   -0.063484;0.465514;-0.882761;,
   0.000000;0.451111;0.892468;,
   0.000000;0.403864;0.914819;,
   0.260940;-0.098605;0.960306;,
   -0.000000;-0.186678;0.982421;,
   -0.000000;-0.018575;0.999827;,
   0.116300;-0.293950;0.948719;,
   0.401015;0.035724;-0.915375;,
   0.922706;0.145744;-0.356891;,
   0.433999;0.018593;-0.900722;,
   0.951202;0.143147;-0.273355;,
   0.746135;0.175052;0.642369;,
   0.792872;0.131820;0.594959;,
   0.970399;0.176616;-0.164721;,
   0.803566;0.209582;0.557097;,
   0.291828;0.209927;0.933149;,
   0.797234;0.230571;0.557902;,
   0.304126;0.017710;0.952467;,
   0.351050;0.171216;0.920570;,
   0.740021;-0.234889;0.630235;,
   0.978067;-0.195744;0.071205;,
   0.908723;-0.104347;-0.404147;,
   0.988701;-0.133353;-0.068461;,
   0.912122;-0.279478;-0.299877;,
   0.383883;0.014675;-0.923265;,
   0.480543;-0.453114;-0.750843;,
   -0.123115;-0.502916;-0.855523;,
   0.026236;-0.188535;-0.981716;,
   0.181140;0.492159;-0.851450;,
   0.029038;-0.756107;-0.653804;,
   0.034915;-0.754964;-0.654836;,
   0.192248;0.688762;-0.699034;,
   -0.112830;-0.695386;-0.709724;,
   0.060027;0.779186;-0.623912;,
   -0.062162;-0.727369;0.683425;,
   0.029038;-0.756107;-0.653804;,
   -0.063055;-0.585604;0.808141;,
   0.034915;-0.754964;-0.654836;,
   -0.138361;-0.524014;0.840396;,
   -0.112830;-0.695386;-0.709724;,
   0.251886;-0.079326;0.964500;,
   -0.138836;0.229964;0.963245;,
   0.383937;-0.849164;0.362647;,
   0.017533;0.769388;0.638541;,
   0.059020;0.774339;0.630012;,
   0.171815;0.980211;0.098313;,
   -0.000039;0.744712;-0.667386;,
   -0.011151;-0.781976;-0.623209;,
   -0.127182;-0.738035;-0.662668;,
   0.094214;0.674646;-0.732104;,
   -0.039715;-0.750808;-0.659325;,
   0.099569;0.689344;-0.717559;,
   -0.127182;-0.738035;-0.662668;,
   0.180325;-0.624406;0.760000;,
   -0.047928;-0.566360;0.822763;,
   -0.011151;-0.781976;-0.623209;,
   0.166064;-0.529480;0.831910;,
   -0.039715;-0.750808;-0.659325;,
   0.267224;0.689213;0.673481;,
   0.061974;0.786927;0.613926;,
   0.238039;0.770097;0.591851;,
   0.105587;0.831796;0.544946;,
   0.061807;0.981842;-0.179347;,
   0.066698;0.952993;0.295560;,
   -0.012372;0.966992;-0.254508;,
   0.528927;-0.349323;0.773440;,
   0.176271;0.947364;-0.267263;,
   -0.003737;0.679135;-0.734004;,
   0.049066;0.444144;-0.894611;,
   -0.131673;0.737449;-0.662443;,
   0.233950;-0.022394;-0.971991;,
   0.103390;-0.123619;0.986929;,
   0.000000;0.238757;0.971079;,
   0.000000;-0.196057;0.980593;,
   0.218483;0.433924;0.874057;,
   0.505254;-0.120986;0.854448;,
   0.886353;-0.438096;-0.149835;,
   0.400242;-0.638654;-0.657212;,
   0.816816;-0.484465;0.313216;,
   0.558439;0.090190;-0.824629;,
   0.979952;-0.190171;-0.059404;,
   0.992658;-0.109788;-0.050760;,
   0.927670;-0.282048;0.244700;,
   -0.012372;0.966992;-0.254508;,
   -0.001822;0.990607;-0.136729;,
   0.008613;0.738318;-0.674398;,
   0.000008;-0.051689;-0.998663;,
   -0.000684;0.001589;-0.999999;,
   0.000000;0.213269;0.976994;,
   -0.000003;0.044344;0.999016;,
   0.200847;0.005851;0.979605;,
   0.000000;0.582774;0.812634;,
   0.000000;-0.027766;-0.999614;,
   0.449428;-0.009698;-0.893264;,
   0.946932;0.092345;-0.307884;,
   0.901329;0.130678;0.412952;,
   0.000000;0.201780;0.979431;,
   0.176271;0.947364;-0.267263;,
   -0.012372;0.966992;-0.254508;,
   -0.001767;0.617230;0.786781;,
   0.597800;-0.191000;0.778559;,
   0.816816;-0.484465;0.313216;,
   0.505254;-0.120986;0.854448;,
   0.969452;-0.233456;-0.075246;,
   0.886353;-0.438096;-0.149835;,
   0.950614;0.106638;-0.291480;,
   0.558439;0.090190;-0.824629;,
   -0.248293;-0.380248;-0.890933;,
   0.332821;-0.453974;-0.826521;,
   0.776195;-0.513688;-0.365577;,
   0.147309;0.546714;-0.824260;,
   0.558439;0.090190;-0.824629;,
   0.400242;-0.638654;-0.657212;,
   0.170489;-0.062738;-0.983360;,
   -0.911736;0.147704;0.383304;,
   -0.279266;0.217166;-0.935334;,
   -0.304966;-0.299887;-0.903916;,
   0.000000;-0.125046;-0.992151;,
   0.000000;0.188277;-0.982116;,
   0.969452;-0.233456;-0.075246;,
   -0.049066;0.444144;-0.894611;,
   0.131673;0.737449;-0.662443;,
   0.036242;0.641162;-0.766550;,
   -0.699975;0.349689;-0.622697;,
   -0.297419;0.242184;-0.923520;,
   -0.827035;0.086641;-0.555434;,
   -0.200262;0.537048;-0.819436;,
   -0.185203;0.830002;0.526114;,
   -0.218436;0.434008;0.874027;,
   -0.062022;0.331650;0.941361;,
   -0.066698;0.952993;0.295560;,
   -0.839976;0.368940;0.397898;,
   -0.323948;0.479042;0.815829;,
   -0.821964;0.399198;0.406221;,
   -0.324195;0.476473;0.817234;,
   -0.909465;0.250292;-0.332004;,
   -0.934467;0.207476;-0.289354;,
   -0.443786;0.028205;-0.895689;,
   -0.610136;0.036254;-0.791466;,
   -0.202698;0.034340;-0.978639;,
   0.234340;0.227679;-0.945118;,
   0.063484;0.465514;-0.882761;,
   0.000000;0.451111;0.892468;,
   0.000000;0.403864;0.914819;,
   -0.260940;-0.098605;0.960306;,
   -0.000000;-0.186678;0.982421;,
   -0.116300;-0.293950;0.948719;,
   -0.000000;-0.018575;0.999827;,
   -0.400103;0.035554;-0.915780;,
   -0.921877;0.147367;-0.358365;,
   -0.951188;0.143056;-0.273453;,
   -0.433342;0.018858;-0.901032;,
   -0.748845;0.181632;0.637370;,
   -0.802084;0.137961;0.581058;,
   -0.970399;0.176616;-0.164721;,
   -0.803566;0.209582;0.557097;,
   -0.291828;0.209927;0.933149;,
   -0.797234;0.230571;0.557902;,
   -0.304163;0.017526;0.952459;,
   -0.351050;0.171216;0.920570;,
   -0.740021;-0.234889;0.630235;,
   -0.978067;-0.195744;0.071205;,
   -0.988701;-0.133353;-0.068461;,
   -0.908723;-0.104347;-0.404147;,
   -0.912122;-0.279478;-0.299877;,
   -0.383883;0.014675;-0.923265;,
   -0.480543;-0.453114;-0.750843;,
   0.123115;-0.502916;-0.855523;,
   -0.026236;-0.188535;-0.981716;,
   -0.181140;0.492159;-0.851450;,
   -0.034915;-0.754964;-0.654836;,
   -0.029038;-0.756107;-0.653804;,
   -0.192248;0.688762;-0.699034;,
   0.112830;-0.695386;-0.709724;,
   -0.060027;0.779186;-0.623912;,
   0.062162;-0.727369;0.683425;,
   -0.029038;-0.756107;-0.653804;,
   -0.034915;-0.754964;-0.654836;,
   0.063055;-0.585604;0.808141;,
   0.138361;-0.524014;0.840396;,
   0.112830;-0.695386;-0.709724;,
   -0.249399;-0.086350;0.964543;,
   -0.375004;-0.847424;0.375826;,
   0.138836;0.229964;0.963245;,
   -0.017533;0.769388;0.638541;,
   -0.059020;0.774339;0.630012;,
   -0.171815;0.980211;0.098313;,
   0.000039;0.744712;-0.667386;,
   0.011151;-0.781976;-0.623209;,
   -0.094214;0.674646;-0.732104;,
   0.127182;-0.738035;-0.662668;,
   0.039715;-0.750808;-0.659325;,
   -0.099569;0.689344;-0.717559;,
   0.127182;-0.738035;-0.662668;,
   -0.180325;-0.624406;0.760000;,
   0.011151;-0.781976;-0.623209;,
   0.047928;-0.566360;0.822763;,
   -0.166064;-0.529480;0.831910;,
   0.039715;-0.750808;-0.659325;,
   -0.267224;0.689213;0.673481;,
   -0.061974;0.786927;0.613926;,
   -0.238039;0.770097;0.591851;,
   -0.105586;0.831796;0.544946;,
   -0.061807;0.981842;-0.179347;,
   -0.066698;0.952993;0.295560;,
   0.012372;0.966992;-0.254508;,
   -0.528927;-0.349323;0.773440;,
   -0.176271;0.947364;-0.267263;,
   0.003737;0.679135;-0.734004;,
   -0.049066;0.444144;-0.894611;,
   -0.233950;-0.022394;-0.971991;,
   0.131673;0.737449;-0.662443;,
   -0.103361;-0.123635;0.986930;,
   0.000000;0.238757;0.971079;,
   0.000000;-0.196057;0.980593;,
   -0.218436;0.434008;0.874027;,
   -0.514789;-0.123522;0.848372;,
   -0.886353;-0.438096;-0.149835;,
   -0.823203;-0.471632;0.316069;,
   -0.400242;-0.638654;-0.657212;,
   -0.558439;0.090190;-0.824629;,
   -0.979952;-0.190171;-0.059404;,
   -0.992658;-0.109788;-0.050760;,
   -0.927670;-0.282048;0.244700;,
   0.012372;0.966992;-0.254508;,
   -0.008613;0.738318;-0.674398;,
   0.000000;0.213269;0.976994;,
   -0.000003;0.044344;0.999016;,
   -0.200619;0.018537;0.979494;,
   0.000000;0.582774;0.812634;,
   -0.449428;-0.009698;-0.893264;,
   -0.946932;0.092345;-0.307884;,
   -0.901329;0.130678;0.412952;,
   0.000000;0.201780;0.979431;,
   -0.176271;0.947364;-0.267263;,
   0.012372;0.966992;-0.254508;,
   0.001767;0.617230;0.786781;,
   -0.597500;-0.191834;0.778584;,
   -0.514789;-0.123522;0.848372;,
   -0.823203;-0.471632;0.316069;,
   -0.969452;-0.233456;-0.075246;,
   -0.886353;-0.438096;-0.149835;,
   -0.950614;0.106638;-0.291480;,
   -0.558439;0.090190;-0.824629;,
   0.248293;-0.380248;-0.890933;,
   -0.332821;-0.453974;-0.826521;,
   -0.776195;-0.513688;-0.365577;,
   -0.147309;0.546714;-0.824260;,
   -0.558439;0.090190;-0.824629;,
   -0.400242;-0.638654;-0.657212;,
   0.279266;0.217166;-0.935334;,
   0.304966;-0.299887;-0.903916;,
   -0.969452;-0.233456;-0.075246;,
   0.401015;0.035724;-0.915375;,
   0.157942;0.039035;-0.986677;,
   0.152935;0.063578;-0.986189;,
   0.433999;0.018593;-0.900722;,
   0.203334;0.035450;-0.978468;,
   0.238447;0.015058;0.971039;,
   0.006488;0.022667;0.999722;,
   0.029099;0.005668;0.999561;,
   -0.155698;0.062978;-0.985795;,
   -0.002355;0.049040;-0.998794;,
   -0.159893;0.039401;-0.986348;,
   -0.004509;0.068616;-0.997633;,
   -0.000684;0.001589;-0.999999;,
   -0.202698;0.034340;-0.978639;,
   -0.000003;0.044344;0.999016;,
   -0.200619;0.018537;0.979494;,
   -0.227557;0.028298;0.973354;,
   -0.400103;0.035554;-0.915780;,
   -0.433342;0.018858;-0.901032;,
   0.746135;0.175052;0.642369;,
   0.792872;0.131820;0.594959;,
   0.200847;0.005851;0.979605;,
   -0.748845;0.181632;0.637370;,
