xof 0303txt 0032
template ColorRGBA {
 <35ff44e0-6c7c-11cf-8f52-0040333594a3>
 FLOAT red;
 FLOAT green;
 FLOAT blue;
 FLOAT alpha;
}

template ColorRGB {
 <d3e16e81-7835-11cf-8f52-0040333594a3>
 FLOAT red;
 FLOAT green;
 FLOAT blue;
}

template Material {
 <3d82ab4d-62da-11cf-ab39-0020af71e433>
 ColorRGBA faceColor;
 FLOAT power;
 ColorRGB specularColor;
 ColorRGB emissiveColor;
 [...]
}

template TextureFilename {
 <a42790e1-7810-11cf-8f52-0040333594a3>
 STRING filename;
}

template Frame {
 <3d82ab46-62da-11cf-ab39-0020af71e433>
 [...]
}

template Matrix4x4 {
 <f6f23f45-7686-11cf-8f52-0040333594a3>
 array FLOAT matrix[16];
}

template FrameTransformMatrix {
 <f6f23f41-7686-11cf-8f52-0040333594a3>
 Matrix4x4 frameMatrix;
}

template Vector {
 <3d82ab5e-62da-11cf-ab39-0020af71e433>
 FLOAT x;
 FLOAT y;
 FLOAT z;
}

template MeshFace {
 <3d82ab5f-62da-11cf-ab39-0020af71e433>
 DWORD nFaceVertexIndices;
 array DWORD faceVertexIndices[nFaceVertexIndices];
}

template Mesh {
 <3d82ab44-62da-11cf-ab39-0020af71e433>
 DWORD nVertices;
 array Vector vertices[nVertices];
 DWORD nFaces;
 array MeshFace faces[nFaces];
 [...]
}

template MeshNormals {
 <f6f23f43-7686-11cf-8f52-0040333594a3>
 DWORD nNormals;
 array Vector normals[nNormals];
 DWORD nFaceNormals;
 array MeshFace faceNormals[nFaceNormals];
}

template MeshMaterialList {
 <f6f23f42-7686-11cf-8f52-0040333594a3>
 DWORD nMaterials;
 DWORD nFaceIndexes;
 array DWORD faceIndexes[nFaceIndexes];
 [Material <3d82ab4d-62da-11cf-ab39-0020af71e433>]
}

template Coords2d {
 <f6f23f44-7686-11cf-8f52-0040333594a3>
 FLOAT u;
 FLOAT v;
}

template MeshTextureCoords {
 <f6f23f40-7686-11cf-8f52-0040333594a3>
 DWORD nTextureCoords;
 array Coords2d textureCoords[nTextureCoords];
}

template XSkinMeshHeader {
 <3cf169ce-ff7c-44ab-93c0-f78f62d172e2>
 WORD nMaxSkinWeightsPerVertex;
 WORD nMaxSkinWeightsPerFace;
 WORD nBones;
}

template SkinWeights {
 <6f0d123b-bad2-4167-a0d0-80224f25fabb>
 STRING transformNodeName;
 DWORD nWeights;
 array DWORD vertexIndices[nWeights];
 array FLOAT weights[nWeights];
 Matrix4x4 matrixOffset;
}

template AnimTicksPerSecond {
 <9e415a43-7ba6-4a73-8743-b73d47e88476>
 DWORD AnimTicksPerSecond;
}

template Animation {
 <3d82ab4f-62da-11cf-ab39-0020af71e433>
 [...]
}

template AnimationSet {
 <3d82ab50-62da-11cf-ab39-0020af71e433>
 [Animation <3d82ab4f-62da-11cf-ab39-0020af71e433>]
}

template FloatKeys {
 <10dd46a9-775b-11cf-8f52-0040333594a3>
 DWORD nValues;
 array FLOAT values[nValues];
}

template TimedFloatKeys {
 <f406b180-7b3b-11cf-8f52-0040333594a3>
 DWORD time;
 FloatKeys tfkeys;
}

template AnimationKey {
 <10dd46a8-775b-11cf-8f52-0040333594a3>
 DWORD keyType;
 DWORD nKeys;
 array TimedFloatKeys keys[nKeys];
}


Material _10_-_Defaultaaa {
 1.000000;1.000000;1.000000;1.000000;;
 100.000000;
 0.200000;0.200000;0.200000;;
 0.000000;0.000000;0.000000;;

 TextureFilename {
  "TireShoulderpad.png";
 }
}

Frame Dummy01 {
 

 FrameTransformMatrix {
  1.000000,0.000000,0.000000,0.000000,0.000000,-0.000000,-1.000000,0.000000,0.000000,1.000000,-0.000000,0.000000,0.000000,0.000000,0.000000,1.000000;;
 }

 Frame Bip01 {
  

  FrameTransformMatrix {
   -0.087155,0.982405,-0.165183,0.000000,-0.000001,0.165814,0.986157,0.000000,0.996195,0.085949,-0.014450,0.000000,-0.010000,-0.012284,0.490453,1.000000;;
  }

  Frame Bip01_Pelvis {
   

   FrameTransformMatrix {
    0.000000,1.000000,-0.000001,0.000000,-0.000001,0.000001,1.000000,0.000000,1.000000,0.000000,0.000001,0.000000,0.000000,0.000000,0.000000,1.000000;;
   }

   Frame Bip01_Spine {
    

    FrameTransformMatrix {
     0.984686,0.000002,-0.174337,0.000000,-0.000001,1.000000,0.000004,0.000000,0.174337,-0.000004,0.984686,0.000000,0.051619,0.000000,-0.000083,1.000000;;
    }

    Frame Bip01_Spine1 {
     

     FrameTransformMatrix {
      0.997819,0.052687,0.039774,0.000000,-0.044862,0.983198,-0.176942,0.000000,-0.048428,0.174771,0.983417,0.000000,0.106484,-0.000015,-0.000083,1.000000;;
     }

     Frame Bip01_Neck {
      

      FrameTransformMatrix {
       0.966067,-0.020835,0.257451,0.000000,0.025191,0.999590,-0.013632,0.000000,-0.257061,0.019655,0.966195,0.000000,0.130511,-0.000001,0.004626,1.000000;;
      }

      Frame Bip01_Head {
       

       FrameTransformMatrix {
        0.989321,-0.051753,-0.136255,0.000000,0.064251,0.993958,0.088989,0.000000,0.130826,-0.096793,0.986669,0.000000,0.033674,-0.000000,0.000000,1.000000;;
       }
      }

      Frame Bip01_L_Clavicle {
       

       FrameTransformMatrix {
        -0.205975,0.976135,0.068811,0.000000,0.943873,0.216738,-0.249254,0.000000,-0.258220,0.013609,-0.965990,0.000000,-0.024734,0.015166,0.002017,1.000000;;
       }

       Frame Bip01_L_UpperArm {
        

        FrameTransformMatrix {
         0.385871,-0.777669,0.496320,0.000000,0.922466,0.332598,-0.196046,0.000000,-0.012616,0.533487,0.845714,0.000000,0.073469,0.000000,-0.000000,1.000000;;
        }

        Frame Bip01_L_Forearm {
         

         FrameTransformMatrix {
          0.943939,0.000000,-0.330119,0.000000,0.000000,1.000000,-0.000000,0.000000,0.330119,-0.000000,0.943939,0.000000,0.148340,0.000000,-0.000000,1.000000;;
         }

         Frame Bip01_L_Hand {
          

          FrameTransformMatrix {
           1.000000,0.000000,0.000000,0.000000,0.000000,0.000796,1.000000,0.000000,0.000000,-1.000000,0.000796,0.000000,0.131860,-0.000000,0.000000,1.000000;;
          }

          Frame Bip01_L_Finger0 {
           

           FrameTransformMatrix {
            0.690342,-0.181727,0.700288,0.000000,0.558537,0.749101,-0.356210,0.000000,-0.459853,0.637043,0.618637,0.000000,0.057681,-0.023605,-0.000272,1.000000;;
           }
          }

          Frame Bip01_L_Finger1 {
           

           FrameTransformMatrix {
            0.728079,-0.000546,0.685493,0.000000,0.000000,1.000000,0.000796,0.000000,-0.685493,-0.000580,0.728079,0.000000,0.084102,0.000000,0.000000,1.000000;;
           }
          }
         }
        }
       }
      }

      Frame Bip01_R_Clavicle {
       

       FrameTransformMatrix {
        -0.028509,-0.999573,-0.006461,0.000000,-0.965665,0.025871,0.258498,0.000000,-0.258220,0.013609,-0.965990,0.000000,-0.024080,-0.016250,0.001399,1.000000;;
       }

       Frame Bip01_R_UpperArm {
        

        FrameTransformMatrix {
         0.221390,0.975047,0.016433,0.000000,-0.974986,0.221654,-0.016512,0.000000,-0.019742,-0.012366,0.999728,0.000000,0.073469,0.000000,-0.000000,1.000000;;
        }

        Frame Bip01_R_Forearm {
         

         FrameTransformMatrix {
          0.915660,0.000000,-0.401954,0.000000,-0.000000,1.000000,-0.000000,0.000000,0.401954,-0.000000,0.915660,0.000000,0.148340,0.000000,-0.000000,1.000000;;
         }

         Frame Bip01_R_Hand {
          

          FrameTransformMatrix {
           0.975195,-0.000000,-0.221346,0.000000,-0.221346,0.000796,-0.975195,0.000000,0.000176,1.000000,0.000777,0.000000,0.131860,0.000000,0.000000,1.000000;;
          }

          Frame Bip01_R_Finger0 {
           

           FrameTransformMatrix {
            0.417774,-0.116941,0.900994,0.000000,-0.558537,0.749101,0.356210,0.000000,-0.716591,-0.652054,0.247639,0.000000,0.057681,0.023605,-0.000272,1.000000;;
           }
          }

          Frame Bip01_R_Finger1 {
           

           FrameTransformMatrix {
            0.352436,0.000745,0.935835,0.000000,0.000000,1.000000,-0.000796,0.000000,-0.935836,0.000281,0.352436,0.000000,0.084102,0.000000,0.000000,1.000000;;
           }
          }
         }
        }
       }
      }
     }

     Frame Bip01_BackPack {
      

      FrameTransformMatrix {
       0.180560,0.080500,-0.980264,0.000000,0.047560,0.994764,0.090451,0.000000,0.982413,-0.062954,0.175786,0.000000,0.063697,0.000003,-0.088856,1.000000;;
      }
     }
    }

    Frame Bip01_L_Thigh {
     

     FrameTransformMatrix {
      -0.888504,0.030427,0.457858,0.000000,-0.032107,-0.999476,0.004114,0.000000,0.457744,-0.011045,0.889016,0.000000,-0.050843,0.055225,-0.008917,1.000000;;
     }

     Frame Bip01_L_Calf {
      

      FrameTransformMatrix {
       0.942235,-0.000000,-0.334952,0.000000,-0.000000,1.000000,-0.000000,0.000000,0.334952,0.000000,0.942235,0.000000,0.237500,0.000000,-0.000000,1.000000;;
      }

      Frame Bip01_L_Foot {
       

       FrameTransformMatrix {
        0.924325,-0.026487,0.380687,0.000000,-0.068962,0.969570,0.234901,0.000000,-0.375325,-0.243378,0.894371,0.000000,0.206841,0.000000,0.000000,1.000000;;
       }

       Frame Bip01_L_Toe0 {
        

        FrameTransformMatrix {
         0.000000,0.000000,1.000000,0.000000,0.000000,1.000000,-0.000000,0.000000,-1.000000,0.000000,0.000000,0.000000,0.065373,0.000000,0.066450,1.000000;;
        }
       }
      }
     }
    }

    Frame Bip01_R_Thigh {
     

     FrameTransformMatrix {
      -0.996965,0.030321,-0.071704,0.000000,-0.029454,-0.999480,-0.013113,0.000000,-0.072065,-0.010961,0.997340,0.000000,-0.050843,-0.055225,-0.008917,1.000000;;
     }

     Frame Bip01_R_Calf {
      

      FrameTransformMatrix {
       0.730239,0.000000,-0.683192,0.000000,0.000000,1.000000,0.000000,0.000000,0.683192,-0.000000,0.730239,0.000000,0.237500,0.000000,0.000000,1.000000;;
      }

      Frame Bip01_R_Foot {
       

       FrameTransformMatrix {
        0.991957,0.087165,-0.091782,0.000000,-0.093276,0.993546,-0.064539,0.000000,0.085565,0.072581,0.993685,0.000000,0.206841,0.000000,0.000000,1.000000;;
       }

       Frame Bip01_R_Toe0 {
        

        FrameTransformMatrix {
         0.000000,0.000000,1.000000,0.000000,0.000000,1.000000,-0.000000,0.000000,-1.000000,0.000000,0.000000,0.000000,0.065373,0.000000,0.066450,1.000000;;
        }
       }
      }
     }
    }
   }

   Frame Bip01_DressFront {
    

    FrameTransformMatrix {
     -0.880185,-0.088339,0.466338,0.000000,0.121847,0.907542,0.401896,0.000000,-0.458725,0.410564,-0.788041,0.000000,-0.043935,0.001339,0.061057,1.000000;;
    }

    Frame Bip01_DressFront02 {
     

     FrameTransformMatrix {
      0.912593,0.000001,0.408870,0.000000,-0.000001,1.000000,-0.000000,0.000000,-0.408870,-0.000000,0.912593,0.000000,0.183378,-0.000000,-0.000120,1.000000;;
     }
    }
   }

   Frame Bip01_DressBack {
    

    FrameTransformMatrix {
     -0.886023,0.038029,0.462080,0.000000,0.191625,0.937561,0.290274,0.000000,-0.422190,0.345735,-0.837988,0.000000,-0.047673,-0.000048,-0.078302,1.000000;;
    }

    Frame Bip01_DressBack02 {
     

     FrameTransformMatrix {
      0.936852,0.174932,-0.302833,0.000000,-0.166408,0.984581,0.053939,0.000000,0.307600,-0.000139,0.951516,0.000000,0.176125,0.000000,-0.000103,1.000000;;
     }
    }
   }
  }

  Frame Bip01_Prop1 {
   

   FrameTransformMatrix {
    -0.233929,-0.108090,0.966227,0.000000,0.687222,0.684611,0.242967,0.000000,-0.687752,0.720850,-0.085868,0.000000,0.104667,-0.055270,-0.126340,1.000000;;
   }
  }

  Frame Bip01_Prop2 {
   

   FrameTransformMatrix {
    -0.163643,-0.967062,0.194966,0.000000,0.985576,-0.168906,-0.010564,0.000000,0.043147,0.190425,0.980753,0.000000,-0.140709,-0.103585,0.102365,1.000000;;
   }
  }
 }
}

Frame Translation_Data {
 

 FrameTransformMatrix {
  1.000000,0.000000,0.000000,0.000000,0.000000,-0.000000,-1.000000,0.000000,0.000000,1.000000,-0.000000,0.000000,0.000000,0.000000,0.000000,1.000000;;
 }
}

Frame Kate_Tire_Shoulderpad_L {
 

 FrameTransformMatrix {
  1.000000,0.000000,0.000000,0.000000,0.000000,-1.000000,0.000000,0.000000,0.000000,0.000000,-1.000000,0.000000,0.000000,0.000000,0.000000,1.000000;;
 }

 Mesh Kate_Tire_Shoulderpad_L {
  478;
  0.046738;-0.808383;-0.043627;,
  0.046257;-0.800194;-0.061413;,
  0.048347;-0.817633;-0.070939;,
  0.050834;-0.828633;-0.047521;,
  0.042167;-0.786165;-0.073063;,
  0.042564;-0.795857;-0.089622;,
  0.030449;-0.768028;-0.083549;,
  0.033870;-0.767611;-0.101317;,
  0.006792;-0.740187;-0.086324;,
  0.023657;-0.733250;-0.104611;,
  0.004567;-0.737565;0.030448;,
  0.020836;-0.760059;0.020664;,
  0.027829;-0.761704;0.035754;,
  0.017228;-0.726964;0.041256;,
  0.036075;-0.780234;0.009057;,
  0.037674;-0.790991;0.022118;,
  0.044527;-0.797762;-0.006023;,
  0.045155;-0.814457;0.001994;,
  0.046916;-0.807538;-0.024391;,
  0.049725;-0.827529;-0.022191;,
  0.050834;-0.828633;-0.047521;,
  0.048347;-0.817633;-0.070939;,
  0.055745;-0.817992;-0.072083;,
  0.058318;-0.829372;-0.047855;,
  0.042564;-0.795857;-0.089622;,
  0.049762;-0.795464;-0.091412;,
  0.033870;-0.767611;-0.101317;,
  0.040769;-0.766113;-0.103510;,
  0.023657;-0.733250;-0.104611;,
  0.030202;-0.730565;-0.106919;,
  0.017228;-0.726964;0.041256;,
  0.027829;-0.761704;0.035754;,
  0.034519;-0.760002;0.038296;,
  0.023551;-0.724062;0.043988;,
  0.037674;-0.790991;0.022118;,
  0.044703;-0.790430;0.024189;,
  0.045155;-0.814457;0.001994;,
  0.052443;-0.814707;0.003370;,
  0.049725;-0.827529;-0.022191;,
  0.057171;-0.828231;-0.021651;,
  0.079869;-0.811209;-0.072165;,
  0.082579;-0.822801;-0.047426;,
  0.073596;-0.788269;-0.091902;,
  0.064518;-0.756749;-0.104256;,
  0.053728;-0.720450;-0.107736;,
  0.058136;-0.750509;0.040543;,
  0.046937;-0.713810;0.046356;,
  0.068394;-0.783182;0.026139;,
  0.076473;-0.807888;0.004881;,
  0.081400;-0.821648;-0.020668;,
  0.102714;-0.799080;-0.070533;,
  0.105368;-0.810433;-0.046305;,
  0.096571;-0.776615;-0.089862;,
  0.088085;-0.744315;-0.099262;,
  0.077715;-0.708473;-0.098500;,
  0.083663;-0.739770;0.033619;,
  0.071809;-0.704704;0.041136;,
  0.092796;-0.771203;0.019499;,
  0.099388;-0.795829;0.004920;,
  0.104213;-0.809304;-0.020101;,
  0.108183;-0.793210;-0.068964;,
  0.110748;-0.804184;-0.045545;,
  0.102245;-0.771495;-0.087647;,
  0.093876;-0.740823;-0.095738;,
  0.083852;-0.706178;-0.095001;,
  0.089075;-0.735429;0.030276;,
  0.077617;-0.701534;0.037543;,
  0.097903;-0.765813;0.016678;,
  0.104968;-0.790067;0.003970;,
  0.109632;-0.803092;-0.020216;,
  0.110748;-0.804184;-0.045545;,
  0.108183;-0.793210;-0.068964;,
  0.107401;-0.774504;-0.058914;,
  0.109608;-0.782601;-0.041251;,
  0.102245;-0.771495;-0.087647;,
  0.102383;-0.758455;-0.073006;,
  0.093876;-0.740823;-0.095738;,
  0.094835;-0.737060;-0.078131;,
  0.083852;-0.706178;-0.095001;,
  0.086145;-0.712071;-0.073417;,
  0.077617;-0.701534;0.037543;,
  0.089075;-0.735429;0.030276;,
  0.090312;-0.731769;0.013991;,
  0.079655;-0.706327;0.015327;,
  0.097903;-0.765813;0.016678;,
  0.097885;-0.754135;0.004854;,
  0.104968;-0.790067;0.003970;,
  0.104894;-0.772115;-0.003904;,
  0.109632;-0.803092;-0.020216;,
  0.108737;-0.781772;-0.022146;,
  0.052272;-0.805803;-0.043549;,
  0.060126;-0.826866;-0.032022;,
  0.050415;-0.804843;-0.079689;,
  0.051740;-0.797713;-0.061146;,
  0.047639;-0.783851;-0.072645;,
  0.035684;-0.766424;-0.097067;,
  0.034217;-0.766141;-0.082366;,
  0.027867;-0.731366;-0.100160;,
  0.009864;-0.738852;-0.082683;,
  0.027064;-0.758965;0.019547;,
  0.008736;-0.736044;0.026984;,
  0.022002;-0.724915;0.036805;,
  0.029861;-0.760499;0.034989;,
  0.041953;-0.780319;0.008157;,
  0.047006;-0.795868;0.008399;,
  0.050258;-0.795231;-0.006343;,
  0.052536;-0.804942;-0.024516;,
  0.035684;-0.766424;-0.097067;,
  0.054042;-0.720268;-0.103095;,
  0.027867;-0.731366;-0.100160;,
  0.022002;-0.724915;0.036805;,
  0.047497;-0.713607;0.041593;,
  0.029861;-0.760499;0.034989;,
  0.060126;-0.826866;-0.032022;,
  0.107433;-0.803779;-0.032064;,
  0.100841;-0.776731;-0.075475;,
  0.050415;-0.804843;-0.079689;,
  0.092279;-0.741760;-0.091783;,
  0.079692;-0.708577;-0.091214;,
  0.087190;-0.735810;0.026347;,
  0.073586;-0.703432;0.033738;,
  0.099572;-0.779367;0.008934;,
  0.047006;-0.795868;0.008399;,
  0.107433;-0.803779;-0.032064;,
  0.105281;-0.783533;-0.041197;,
  0.103032;-0.775533;-0.058673;,
  0.100841;-0.776731;-0.075475;,
  0.098006;-0.759651;-0.072615;,
  0.090479;-0.738530;-0.078331;,
  0.092279;-0.741760;-0.091783;,
  0.081853;-0.713775;-0.073658;,
  0.079692;-0.708577;-0.091214;,
  0.073586;-0.703432;0.033738;,
  0.075911;-0.708238;0.015599;,
  0.086466;-0.733451;0.014283;,
  0.087190;-0.735810;0.026347;,
  0.093892;-0.755534;0.005055;,
  0.099572;-0.779367;0.008934;,
  0.100735;-0.773093;-0.004246;,
  0.104484;-0.782685;-0.022294;,
  0.071809;-0.704704;0.041136;,
  0.077617;-0.701534;0.037543;,
  0.073586;-0.703432;0.033738;,
  0.071809;-0.704704;0.041136;,
  0.073586;-0.703432;0.033738;,
  0.047497;-0.713607;0.041593;,
  0.047497;-0.713607;0.041593;,
  0.046937;-0.713810;0.046356;,
  0.071809;-0.704704;0.041136;,
  0.046937;-0.713810;0.046356;,
  0.047497;-0.713607;0.041593;,
  0.022002;-0.724915;0.036805;,
  0.022002;-0.724915;0.036805;,
  0.023551;-0.724062;0.043988;,
  0.046937;-0.713810;0.046356;,
  0.022002;-0.724915;0.036805;,
  0.017228;-0.726964;0.041256;,
  0.023551;-0.724062;0.043988;,
  0.022002;-0.724915;0.036805;,
  0.008736;-0.736044;0.026984;,
  0.004567;-0.737565;0.030448;,
  0.004567;-0.737565;0.030448;,
  0.017228;-0.726964;0.041256;,
  0.022002;-0.724915;0.036805;,
  0.086466;-0.733451;0.014283;,
  0.075911;-0.708238;0.015599;,
  0.079655;-0.706327;0.015327;,
  0.079655;-0.706327;0.015327;,
  0.090312;-0.731769;0.013991;,
  0.086466;-0.733451;0.014283;,
  0.086466;-0.733451;0.014283;,
  0.090312;-0.731769;0.013991;,
  0.097885;-0.754135;0.004854;,
  0.097885;-0.754135;0.004854;,
  0.093892;-0.755534;0.005055;,
  0.086466;-0.733451;0.014283;,
  0.093892;-0.755534;0.005055;,
  0.097885;-0.754135;0.004854;,
  0.104894;-0.772115;-0.003904;,
  0.104894;-0.772115;-0.003904;,
  0.100735;-0.773093;-0.004246;,
  0.093892;-0.755534;0.005055;,
  0.100735;-0.773093;-0.004246;,
  0.104894;-0.772115;-0.003904;,
  0.108737;-0.781772;-0.022146;,
  0.108737;-0.781772;-0.022146;,
  0.104484;-0.782685;-0.022294;,
  0.100735;-0.773093;-0.004246;,
  0.109608;-0.782601;-0.041251;,
  0.105281;-0.783533;-0.041197;,
  0.104484;-0.782685;-0.022294;,
  0.104484;-0.782685;-0.022294;,
  0.108737;-0.781772;-0.022146;,
  0.109608;-0.782601;-0.041251;,
  0.107401;-0.774504;-0.058914;,
  0.103032;-0.775533;-0.058673;,
  0.105281;-0.783533;-0.041197;,
  0.105281;-0.783533;-0.041197;,
  0.109608;-0.782601;-0.041251;,
  0.107401;-0.774504;-0.058914;,
  0.102383;-0.758455;-0.073006;,
  0.098006;-0.759651;-0.072615;,
  0.103032;-0.775533;-0.058673;,
  0.103032;-0.775533;-0.058673;,
  0.107401;-0.774504;-0.058914;,
  0.102383;-0.758455;-0.073006;,
  0.094835;-0.737060;-0.078131;,
  0.090479;-0.738530;-0.078331;,
  0.098006;-0.759651;-0.072615;,
  0.098006;-0.759651;-0.072615;,
  0.102383;-0.758455;-0.073006;,
  0.094835;-0.737060;-0.078131;,
  0.086145;-0.712071;-0.073417;,
  0.081853;-0.713775;-0.073658;,
  0.090479;-0.738530;-0.078331;,
  0.090479;-0.738530;-0.078331;,
  0.094835;-0.737060;-0.078131;,
  0.086145;-0.712071;-0.073417;,
  0.009864;-0.738852;-0.082683;,
  0.006792;-0.740187;-0.086324;,
  0.030449;-0.768028;-0.083549;,
  0.030449;-0.768028;-0.083549;,
  0.034217;-0.766141;-0.082366;,
  0.009864;-0.738852;-0.082683;,
  0.034217;-0.766141;-0.082366;,
  0.030449;-0.768028;-0.083549;,
  0.042167;-0.786165;-0.073063;,
  0.042167;-0.786165;-0.073063;,
  0.047639;-0.783851;-0.072645;,
  0.034217;-0.766141;-0.082366;,
  0.051740;-0.797713;-0.061146;,
  0.047639;-0.783851;-0.072645;,
  0.042167;-0.786165;-0.073063;,
  0.042167;-0.786165;-0.073063;,
  0.046257;-0.800194;-0.061413;,
  0.051740;-0.797713;-0.061146;,
  0.052272;-0.805803;-0.043549;,
  0.051740;-0.797713;-0.061146;,
  0.046257;-0.800194;-0.061413;,
  0.046257;-0.800194;-0.061413;,
  0.046738;-0.808383;-0.043627;,
  0.052272;-0.805803;-0.043549;,
  0.052536;-0.804942;-0.024516;,
  0.052272;-0.805803;-0.043549;,
  0.046738;-0.808383;-0.043627;,
  0.046738;-0.808383;-0.043627;,
  0.046916;-0.807538;-0.024391;,
  0.052536;-0.804942;-0.024516;,
  0.046916;-0.807538;-0.024391;,
  0.044527;-0.797762;-0.006023;,
  0.050258;-0.795231;-0.006343;,
  0.050258;-0.795231;-0.006343;,
  0.052536;-0.804942;-0.024516;,
  0.046916;-0.807538;-0.024391;,
  0.044527;-0.797762;-0.006023;,
  0.036075;-0.780234;0.009057;,
  0.041953;-0.780319;0.008157;,
  0.041953;-0.780319;0.008157;,
  0.050258;-0.795231;-0.006343;,
  0.044527;-0.797762;-0.006023;,
  0.036075;-0.780234;0.009057;,
  0.020836;-0.760059;0.020664;,
  0.027064;-0.758965;0.019547;,
  0.027064;-0.758965;0.019547;,
  0.041953;-0.780319;0.008157;,
  0.036075;-0.780234;0.009057;,
  0.020836;-0.760059;0.020664;,
  0.004567;-0.737565;0.030448;,
  0.008736;-0.736044;0.026984;,
  0.008736;-0.736044;0.026984;,
  0.027064;-0.758965;0.019547;,
  0.020836;-0.760059;0.020664;,
  0.073586;-0.703432;0.033738;,
  0.077617;-0.701534;0.037543;,
  0.079655;-0.706327;0.015327;,
  0.079655;-0.706327;0.015327;,
  0.075911;-0.708238;0.015599;,
  0.073586;-0.703432;0.033738;,
  0.006792;-0.740187;-0.086324;,
  0.009864;-0.738852;-0.082683;,
  0.027867;-0.731366;-0.100160;,
  0.027867;-0.731366;-0.100160;,
  0.023657;-0.733250;-0.104611;,
  0.006792;-0.740187;-0.086324;,
  0.027867;-0.731366;-0.100160;,
  0.030202;-0.730565;-0.106919;,
  0.023657;-0.733250;-0.104611;,
  0.027867;-0.731366;-0.100160;,
  0.054042;-0.720268;-0.103095;,
  0.053728;-0.720450;-0.107736;,
  0.053728;-0.720450;-0.107736;,
  0.030202;-0.730565;-0.106919;,
  0.027867;-0.731366;-0.100160;,
  0.054042;-0.720268;-0.103095;,
  0.079692;-0.708577;-0.091214;,
  0.077715;-0.708473;-0.098500;,
  0.077715;-0.708473;-0.098500;,
  0.053728;-0.720450;-0.107736;,
  0.054042;-0.720268;-0.103095;,
  0.079692;-0.708577;-0.091214;,
  0.083852;-0.706178;-0.095001;,
  0.077715;-0.708473;-0.098500;,
  0.079692;-0.708577;-0.091214;,
  0.081853;-0.713775;-0.073658;,
  0.086145;-0.712071;-0.073417;,
  0.086145;-0.712071;-0.073417;,
  0.083852;-0.706178;-0.095001;,
  0.079692;-0.708577;-0.091214;,
  -0.066249;-0.700887;0.016921;,
  -0.072291;-0.693027;-0.018614;,
  -0.077351;-0.693027;-0.018614;,
  -0.070476;-0.702818;0.018546;,
  -0.035646;-0.708435;0.035146;,
  -0.036554;-0.710120;0.039247;,
  0.003974;-0.717077;0.032679;,
  0.003646;-0.718283;0.036879;,
  -0.061305;-0.715764;0.012102;,
  -0.065532;-0.717695;0.013727;,
  -0.077351;-0.709428;-0.018614;,
  -0.072291;-0.709428;-0.018614;,
  -0.035243;-0.723816;0.029603;,
  -0.036151;-0.725500;0.033703;,
  0.000198;-0.730934;0.025650;,
  -0.000131;-0.732140;0.029851;,
  -0.065532;-0.717695;0.013727;,
  -0.070476;-0.702818;0.018546;,
  -0.077351;-0.693027;-0.018614;,
  -0.077351;-0.709428;-0.018614;,
  -0.036151;-0.725500;0.033703;,
  -0.036554;-0.710120;0.039247;,
  -0.000131;-0.732140;0.029851;,
  0.003646;-0.718283;0.036879;,
  -0.035243;-0.723816;0.029603;,
  -0.035646;-0.708435;0.035146;,
  0.003974;-0.717077;0.032679;,
  0.000198;-0.730934;0.025650;,
  -0.061305;-0.715764;0.012102;,
  -0.066249;-0.700887;0.016921;,
  -0.072291;-0.709428;-0.018614;,
  -0.072291;-0.693027;-0.018614;,
  -0.071441;-0.694243;-0.072441;,
  -0.074489;-0.694242;-0.076171;,
  -0.080610;-0.690532;-0.050252;,
  -0.075551;-0.690532;-0.050252;,
  -0.032209;-0.704626;-0.082126;,
  -0.033504;-0.704317;-0.086308;,
  0.010621;-0.717296;-0.087034;,
  0.010623;-0.717291;-0.091368;,
  -0.071586;-0.709693;-0.072008;,
  -0.075551;-0.706933;-0.050252;,
  -0.080610;-0.706933;-0.050252;,
  -0.074642;-0.710105;-0.075715;,
  -0.035475;-0.720483;-0.082254;,
  -0.036769;-0.720174;-0.086436;,
  0.005325;-0.732818;-0.087049;,
  0.005327;-0.732813;-0.091383;,
  -0.074642;-0.710105;-0.075715;,
  -0.080610;-0.706933;-0.050252;,
  -0.080610;-0.690532;-0.050252;,
  -0.074489;-0.694242;-0.076171;,
  -0.036769;-0.720174;-0.086436;,
  -0.033504;-0.704317;-0.086308;,
  0.005327;-0.732813;-0.091383;,
  0.010623;-0.717291;-0.091368;,
  -0.035475;-0.720483;-0.082254;,
  0.005325;-0.732818;-0.087049;,
  0.010621;-0.717296;-0.087034;,
  -0.032209;-0.704626;-0.082126;,
  -0.071586;-0.709693;-0.072008;,
  -0.071441;-0.694243;-0.072441;,
  -0.075551;-0.706933;-0.050252;,
  -0.075551;-0.690532;-0.050252;,
  -0.077351;-0.709428;-0.018614;,
  -0.080610;-0.706933;-0.050252;,
  -0.075551;-0.706933;-0.050252;,
  -0.075551;-0.706933;-0.050252;,
  -0.072291;-0.709428;-0.018614;,
  -0.077351;-0.709428;-0.018614;,
  -0.077351;-0.693027;-0.018614;,
  -0.072291;-0.693027;-0.018614;,
  -0.075551;-0.690532;-0.050252;,
  -0.080610;-0.690532;-0.050252;,
  0.029459;-0.730953;0.027745;,
  0.026070;-0.730857;0.024527;,
  0.029059;-0.746682;0.021869;,
  0.032448;-0.746778;0.025087;,
  0.032448;-0.746778;0.025087;,
  0.029459;-0.730953;0.027745;,
  0.026070;-0.730857;0.024527;,
  0.029059;-0.746682;0.021869;,
  0.035405;-0.735589;-0.095162;,
  0.034644;-0.738997;-0.097801;,
  0.036065;-0.749792;-0.085617;,
  0.036826;-0.746385;-0.082978;,
  0.034644;-0.738997;-0.097801;,
  0.036065;-0.749792;-0.085617;,
  0.036826;-0.746385;-0.082978;,
  0.035405;-0.735589;-0.095162;,
  0.063015;-0.702968;0.033296;,
  0.066964;-0.701152;0.023773;,
  0.070314;-0.714571;0.023473;,
  0.068633;-0.715610;0.033452;,
  0.072569;-0.698680;0.001197;,
  0.076247;-0.709946;0.001197;,
  0.075785;-0.696040;-0.030424;,
  0.076450;-0.709859;-0.030424;,
  0.077454;-0.702741;-0.059350;,
  0.079556;-0.716398;-0.058762;,
  0.076246;-0.707225;-0.074654;,
  0.080840;-0.720266;-0.074225;,
  0.067712;-0.700882;0.033211;,
  0.073331;-0.713523;0.033367;,
  0.075202;-0.713325;0.022623;,
  0.071852;-0.699906;0.022924;,
  0.081245;-0.710619;0.001197;,
  0.077520;-0.697295;0.001197;,
  0.081585;-0.709612;-0.030424;,
  0.080920;-0.695792;-0.030424;,
  0.084614;-0.715646;-0.059221;,
  0.082511;-0.701989;-0.059808;,
  0.085678;-0.718551;-0.073985;,
  0.081084;-0.705510;-0.074415;,
  0.063015;-0.702968;0.033296;,
  0.068633;-0.715610;0.033452;,
  0.073331;-0.713523;0.033367;,
  0.067712;-0.700882;0.033211;,
  0.068633;-0.715610;0.033452;,
  0.070314;-0.714571;0.023473;,
  0.075202;-0.713325;0.022623;,
  0.073331;-0.713523;0.033367;,
  0.076247;-0.709946;0.001197;,
  0.081245;-0.710619;0.001197;,
  0.076450;-0.709859;-0.030424;,
  0.081585;-0.709612;-0.030424;,
  0.079556;-0.716398;-0.058762;,
  0.084614;-0.715646;-0.059221;,
  0.080840;-0.720266;-0.074225;,
  0.085678;-0.718551;-0.073985;,
  0.078960;-0.718823;-0.095436;,
  0.074221;-0.705944;-0.093934;,
  0.079040;-0.704251;-0.093433;,
  0.083778;-0.717130;-0.094936;,
  0.076246;-0.707225;-0.074654;,
  0.077454;-0.702741;-0.059350;,
  0.082511;-0.701989;-0.059808;,
  0.081084;-0.705510;-0.074415;,
  0.075785;-0.696040;-0.030424;,
  0.080920;-0.695792;-0.030424;,
  0.072569;-0.698680;0.001197;,
  0.077520;-0.697295;0.001197;,
  0.066964;-0.701152;0.023773;,
  0.071852;-0.699906;0.022924;,
  0.063015;-0.702968;0.033296;,
  0.067712;-0.700882;0.033211;,
  0.080840;-0.720266;-0.074225;,
  0.076246;-0.707225;-0.074654;,
  0.074221;-0.705944;-0.093934;,
  0.074221;-0.705944;-0.093934;,
  0.078960;-0.718823;-0.095436;,
  0.080840;-0.720266;-0.074225;,
  0.076246;-0.707225;-0.074654;,
  0.081084;-0.705510;-0.074415;,
  0.079040;-0.704251;-0.093433;,
  0.079040;-0.704251;-0.093433;,
  0.074221;-0.705944;-0.093934;,
  0.076246;-0.707225;-0.074654;,
  0.081084;-0.705510;-0.074415;,
  0.085678;-0.718551;-0.073985;,
  0.083778;-0.717130;-0.094936;,
  0.083778;-0.717130;-0.094936;,
  0.079040;-0.704251;-0.093433;,
  0.081084;-0.705510;-0.074415;,
  0.085678;-0.718551;-0.073985;,
  0.080840;-0.720266;-0.074225;,
  0.078960;-0.718823;-0.095436;,
  0.078960;-0.718823;-0.095436;,
  0.083778;-0.717130;-0.094936;,
  0.085678;-0.718551;-0.073985;;
  332;
  3;0,1,2;,
  3;2,3,0;,
  3;1,4,5;,
  3;5,2,1;,
  3;4,6,7;,
  3;7,5,4;,
  3;6,8,9;,
  3;9,7,6;,
  3;10,11,12;,
  3;12,13,10;,
  3;14,15,12;,
  3;12,11,14;,
  3;14,16,17;,
  3;17,15,14;,
  3;16,18,19;,
  3;19,17,16;,
  3;18,0,3;,
  3;3,19,18;,
  3;20,21,22;,
  3;22,23,20;,
  3;21,24,25;,
  3;25,22,21;,
  3;24,26,27;,
  3;27,25,24;,
  3;26,28,29;,
  3;29,27,26;,
  3;30,31,32;,
  3;32,33,30;,
  3;31,34,35;,
  3;35,32,31;,
  3;34,36,37;,
  3;37,35,34;,
  3;36,38,39;,
  3;39,37,36;,
  3;38,20,23;,
  3;23,39,38;,
  3;23,22,40;,
  3;40,41,23;,
  3;22,25,42;,
  3;42,40,22;,
  3;25,27,43;,
  3;43,42,25;,
  3;27,29,44;,
  3;44,43,27;,
  3;33,32,45;,
  3;45,46,33;,
  3;32,35,47;,
  3;47,45,32;,
  3;35,37,48;,
  3;48,47,35;,
  3;37,39,49;,
  3;49,48,37;,
  3;39,23,41;,
  3;41,49,39;,
  3;41,40,50;,
  3;50,51,41;,
  3;40,42,52;,
  3;52,50,40;,
  3;42,43,53;,
  3;53,52,42;,
  3;43,44,54;,
  3;54,53,43;,
  3;46,45,55;,
  3;55,56,46;,
  3;45,47,57;,
  3;57,55,45;,
  3;47,48,58;,
  3;58,57,47;,
  3;48,49,59;,
  3;59,58,48;,
  3;49,41,51;,
  3;51,59,49;,
  3;51,50,60;,
  3;60,61,51;,
  3;50,52,62;,
  3;62,60,50;,
  3;52,53,63;,
  3;63,62,52;,
  3;53,54,64;,
  3;64,63,53;,
  3;56,55,65;,
  3;65,66,56;,
  3;55,57,67;,
  3;67,65,55;,
  3;57,58,68;,
  3;68,67,57;,
  3;58,59,69;,
  3;69,68,58;,
  3;59,51,61;,
  3;61,69,59;,
  3;70,71,72;,
  3;72,73,70;,
  3;71,74,75;,
  3;75,72,71;,
  3;74,76,77;,
  3;77,75,74;,
  3;76,78,79;,
  3;79,77,76;,
  3;80,81,82;,
  3;82,83,80;,
  3;81,84,85;,
  3;85,82,81;,
  3;84,86,87;,
  3;87,85,84;,
  3;86,88,89;,
  3;89,87,86;,
  3;88,70,73;,
  3;73,89,88;,
  3;90,91,92;,
  3;92,93,90;,
  3;93,92,94;,
  3;95,96,94;,
  3;94,92,95;,
  3;96,95,97;,
  3;97,98,96;,
  3;99,100,101;,
  3;101,102,99;,
  3;103,99,102;,
  3;102,104,103;,
  3;103,104,105;,
  3;105,104,91;,
  3;91,106,105;,
  3;106,91,90;,
  3;107,108,109;,
  3;110,111,112;,
  3;113,114,115;,
  3;115,116,113;,
  3;116,115,117;,
  3;117,107,116;,
  3;107,117,118;,
  3;118,108,107;,
  3;119,112,111;,
  3;111,120,119;,
  3;112,119,121;,
  3;121,122,112;,
  3;122,121,114;,
  3;114,113,122;,
  3;123,124,125;,
  3;125,126,123;,
  3;126,125,127;,
  3;126,127,128;,
  3;128,129,126;,
  3;129,128,130;,
  3;130,131,129;,
  3;132,133,134;,
  3;134,135,132;,
  3;135,134,136;,
  3;136,137,135;,
  3;137,136,138;,
  3;137,138,139;,
  3;139,123,137;,
  3;123,139,124;,
  3;140,141,142;,
  3;143,144,145;,
  3;146,147,148;,
  3;149,150,151;,
  3;152,153,154;,
  3;155,156,157;,
  3;158,159,160;,
  3;161,162,163;,
  3;164,165,166;,
  3;167,168,169;,
  3;170,171,172;,
  3;173,174,175;,
  3;176,177,178;,
  3;179,180,181;,
  3;182,183,184;,
  3;185,186,187;,
  3;188,189,190;,
  3;191,192,193;,
  3;194,195,196;,
  3;197,198,199;,
  3;200,201,202;,
  3;203,204,205;,
  3;206,207,208;,
  3;209,210,211;,
  3;212,213,214;,
  3;215,216,217;,
  3;218,219,220;,
  3;221,222,223;,
  3;224,225,226;,
  3;227,228,229;,
  3;230,231,232;,
  3;233,234,235;,
  3;236,237,238;,
  3;239,240,241;,
  3;242,243,244;,
  3;245,246,247;,
  3;248,249,250;,
  3;251,252,253;,
  3;254,255,256;,
  3;257,258,259;,
  3;260,261,262;,
  3;263,264,265;,
  3;266,267,268;,
  3;269,270,271;,
  3;272,273,274;,
  3;275,276,277;,
  3;278,279,280;,
  3;281,282,283;,
  3;284,285,286;,
  3;287,288,289;,
  3;290,291,292;,
  3;293,294,295;,
  3;296,297,298;,
  3;299,300,301;,
  3;302,303,304;,
  3;305,306,307;,
  3;308,309,310;,
  3;310,311,308;,
  3;312,308,311;,
  3;311,313,312;,
  3;314,312,313;,
  3;313,315,314;,
  3;316,317,318;,
  3;318,319,316;,
  3;320,321,317;,
  3;317,316,320;,
  3;322,323,321;,
  3;321,320,322;,
  3;324,325,326;,
  3;326,327,324;,
  3;328,329,325;,
  3;325,324,328;,
  3;330,331,329;,
  3;329,328,330;,
  3;332,333,334;,
  3;334,335,332;,
  3;336,337,333;,
  3;333,332,336;,
  3;338,339,337;,
  3;337,336,338;,
  3;340,341,342;,
  3;342,343,340;,
  3;344,345,341;,
  3;341,340,344;,
  3;346,347,345;,
  3;345,344,346;,
  3;348,349,350;,
  3;350,351,348;,
  3;352,348,351;,
  3;351,353,352;,
  3;354,352,353;,
  3;353,355,354;,
  3;356,357,358;,
  3;358,359,356;,
  3;360,356,359;,
  3;359,361,360;,
  3;362,360,361;,
  3;361,363,362;,
  3;364,365,366;,
  3;366,367,364;,
  3;368,364,367;,
  3;367,369,368;,
  3;370,368,369;,
  3;369,371,370;,
  3;339,338,370;,
  3;370,371,339;,
  3;372,373,374;,
  3;375,376,377;,
  3;326,358,357;,
  3;357,327,326;,
  3;378,379,380;,
  3;380,381,378;,
  3;314,315,382;,
  3;382,383,314;,
  3;323,322,384;,
  3;384,385,323;,
  3;331,330,386;,
  3;386,387,331;,
  3;335,334,388;,
  3;388,389,335;,
  3;347,346,390;,
  3;390,391,347;,
  3;354,355,392;,
  3;392,393,354;,
  3;394,395,362;,
  3;362,363,394;,
  3;366,365,396;,
  3;396,397,366;,
  3;398,399,400;,
  3;400,401,398;,
  3;399,402,403;,
  3;403,400,399;,
  3;402,404,405;,
  3;405,403,402;,
  3;404,406,407;,
  3;407,405,404;,
  3;406,408,409;,
  3;409,407,406;,
  3;410,411,412;,
  3;412,413,410;,
  3;413,412,414;,
  3;414,415,413;,
  3;415,414,416;,
  3;416,417,415;,
  3;417,416,418;,
  3;418,419,417;,
  3;419,418,420;,
  3;420,421,419;,
  3;422,423,424;,
  3;424,425,422;,
  3;426,427,428;,
  3;428,429,426;,
  3;427,430,431;,
  3;431,428,427;,
  3;430,432,433;,
  3;433,431,430;,
  3;432,434,435;,
  3;435,433,432;,
  3;434,436,437;,
  3;437,435,434;,
  3;438,439,440;,
  3;440,441,438;,
  3;442,443,444;,
  3;444,445,442;,
  3;443,446,447;,
  3;447,444,443;,
  3;446,448,449;,
  3;449,447,446;,
  3;448,450,451;,
  3;451,449,448;,
  3;450,452,453;,
  3;453,451,450;,
  3;454,455,456;,
  3;457,458,459;,
  3;460,461,462;,
  3;463,464,465;,
  3;466,467,468;,
  3;469,470,471;,
  3;472,473,474;,
  3;475,476,477;;

  MeshNormals {
   478;
   -0.983403;-0.181295;0.007147;,
   -0.987764;-0.149534;0.044298;,
   -0.985749;-0.162999;0.041608;,
   -0.982650;-0.185467;-0.000483;,
   -0.956899;-0.282780;0.066180;,
   -0.969787;-0.217688;0.110112;,
   -0.810900;-0.516347;-0.275366;,
   -0.922147;-0.366771;-0.122978;,
   -0.524807;-0.513610;-0.678810;,
   -0.680940;-0.472076;-0.559880;,
   -0.572460;-0.393551;0.719310;,
   -0.710200;-0.655141;0.257694;,
   -0.761416;-0.561342;0.324253;,
   -0.478396;-0.277914;0.833007;,
   -0.944703;-0.319169;-0.075284;,
   -0.962678;-0.254576;-0.091883;,
   -0.962984;-0.155659;-0.220073;,
   -0.975108;-0.146009;-0.166869;,
   -0.987258;-0.155407;-0.034220;,
   -0.989071;-0.134425;-0.060568;,
   -0.105001;-0.975647;-0.192584;,
   -0.129896;-0.797217;-0.589553;,
   0.046709;-0.794588;-0.605350;,
   0.084287;-0.976831;-0.196716;,
   -0.173313;-0.546420;-0.819383;,
   -0.015029;-0.528350;-0.848894;,
   -0.229363;-0.299680;-0.926059;,
   -0.083761;-0.268580;-0.959609;,
   -0.264932;-0.169765;-0.949205;,
   -0.120350;-0.130142;-0.984164;,
   -0.292182;-0.235946;0.926800;,
   -0.251268;-0.357986;0.899283;,
   -0.116834;-0.322732;0.939252;,
   -0.148208;-0.198663;0.968797;,
   -0.189337;-0.572646;0.797639;,
   -0.046216;-0.554658;0.830794;,
   -0.141042;-0.783786;0.604803;,
   0.019802;-0.779856;0.625646;,
   -0.109313;-0.959178;0.260823;,
   0.072192;-0.960821;0.267604;,
   0.311802;-0.730638;-0.607411;,
   0.368767;-0.909717;-0.190855;,
   0.220193;-0.453007;-0.863886;,
   0.173959;-0.170832;-0.969822;,
   0.196475;-0.035555;-0.979864;,
   0.174320;-0.226944;0.958180;,
   0.126472;-0.131454;0.983222;,
   0.232471;-0.449022;0.862749;,
   0.265721;-0.718958;0.642256;,
   0.347357;-0.894727;0.280724;,
   0.552527;-0.610622;-0.567322;,
   0.619334;-0.766302;-0.170899;,
   0.421116;-0.342423;-0.839885;,
   0.368999;-0.030198;-0.928939;,
   0.373737;0.097891;-0.922355;,
   0.451582;-0.145327;0.880315;,
   0.394113;-0.063344;0.916876;,
   0.504543;-0.270230;0.820007;,
   0.497453;-0.574823;0.649707;,
   0.593666;-0.757266;0.272231;,
   0.684181;-0.493941;-0.536580;,
   0.757974;-0.633724;-0.154496;,
   0.533415;-0.240323;-0.810996;,
   0.494235;0.039931;-0.868411;,
   0.447420;0.148204;-0.881959;,
   0.567888;-0.076938;0.819502;,
   0.527664;-0.003741;0.849445;,
   0.618545;-0.185911;0.763439;,
   0.599177;-0.446584;0.664492;,
   0.727804;-0.629820;0.271346;,
   0.998005;0.060089;-0.019359;,
   0.987732;0.108338;-0.112469;,
   0.984182;0.111192;-0.137921;,
   0.998018;0.057987;-0.024461;,
   0.968625;0.191967;-0.157841;,
   0.953766;0.215497;-0.209503;,
   0.957153;0.274514;-0.092199;,
   0.943645;0.301813;-0.135807;,
   0.960133;0.278334;-0.025984;,
   0.953056;0.297985;-0.053748;,
   0.934628;0.351776;0.052202;,
   0.952378;0.268195;0.145079;,
   0.948493;0.296085;0.112675;,
   0.922369;0.386307;0.001265;,
   0.952361;0.197362;0.232503;,
   0.952571;0.227694;0.201902;,
   0.974330;0.089042;0.206769;,
   0.964334;0.132920;0.228895;,
   0.994356;0.049799;0.093682;,
   0.992453;0.056064;0.109062;,
   0.955776;0.291654;-0.037820;,
   0.949530;0.313496;-0.010624;,
   0.970514;0.182585;-0.157368;,
   0.996196;0.028850;-0.082230;,
   0.941740;0.267334;-0.204105;,
   0.938980;0.343419;0.019518;,
   0.838026;0.503904;0.209268;,
   0.671829;0.430941;0.602441;,
   0.510242;0.463775;0.724269;,
   0.837989;0.488465;-0.243260;,
   0.238533;0.467007;-0.851473;,
   0.537728;0.443386;-0.717117;,
   0.925630;0.365945;-0.096399;,
   0.923060;0.347659;0.164602;,
   0.940776;0.263349;0.213513;,
   0.962963;0.195134;0.186076;,
   0.937625;0.343318;-0.054712;,
   -0.180333;0.224212;0.957710;,
   -0.376216;0.265557;0.887661;,
   0.067723;0.102662;0.992408;,
   0.148274;0.083038;-0.985454;,
   -0.162840;0.150265;-0.975143;,
   -0.150307;0.306772;-0.939840;,
   -0.460914;0.882996;-0.088748;,
   -0.401460;0.915534;-0.025060;,
   -0.354312;0.565200;0.744991;,
   -0.378205;0.589743;0.713558;,
   -0.162015;0.140922;0.976674;,
   -0.241867;0.086219;0.966471;,
   -0.268796;0.227983;-0.935827;,
   -0.316727;0.082609;-0.944913;,
   -0.246106;0.625638;-0.740276;,
   -0.229106;0.650254;-0.724348;,
   -0.996003;-0.085532;-0.025747;,
   -0.995194;-0.080885;0.055198;,
   -0.988714;-0.073499;0.130547;,
   -0.977181;-0.163254;0.135890;,
   -0.920548;-0.208120;0.330572;,
   -0.954890;-0.295230;-0.031992;,
   -0.953160;-0.298967;-0.045875;,
   -0.937693;-0.347452;-0.002908;,
   -0.934896;-0.354781;0.010017;,
   -0.922833;-0.384817;-0.017168;,
   -0.922609;-0.385400;-0.016121;,
   -0.936503;-0.350462;-0.011749;,
   -0.939403;-0.342016;-0.023406;,
   -0.961974;-0.256324;-0.094368;,
   -0.968683;-0.192926;-0.156308;,
   -0.970090;-0.174563;-0.168682;,
   -0.989403;-0.090518;-0.113531;,
   -0.458284;0.887788;0.042524;,
   -0.458284;0.887788;0.042524;,
   -0.458284;0.887788;0.042524;,
   -0.341487;0.936564;0.078960;,
   -0.341487;0.936564;0.078960;,
   -0.341487;0.936564;0.078960;,
   -0.343878;0.939014;-0.000540;,
   -0.343878;0.939014;-0.000540;,
   -0.343878;0.939014;-0.000540;,
   -0.404083;0.914682;-0.008653;,
   -0.404083;0.914682;-0.008653;,
   -0.404083;0.914682;-0.008653;,
   -0.399454;0.916469;-0.022814;,
   -0.399454;0.916469;-0.022814;,
   -0.399454;0.916469;-0.022814;,
   -0.409874;0.911922;-0.020027;,
   -0.409874;0.911922;-0.020027;,
   -0.409874;0.911922;-0.020027;,
   -0.507663;0.824816;-0.248911;,
   -0.507663;0.824816;-0.248911;,
   -0.507663;0.824816;-0.248911;,
   -0.530602;0.826295;-0.188937;,
   -0.530602;0.826295;-0.188937;,
   -0.530602;0.826295;-0.188937;,
   -0.081427;0.017939;-0.996518;,
   -0.081427;0.017939;-0.996518;,
   -0.081427;0.017939;-0.996518;,
   -0.083087;0.017517;-0.996388;,
   -0.083087;0.017517;-0.996388;,
   -0.083087;0.017517;-0.996388;,
   -0.205681;0.309609;-0.928352;,
   -0.205681;0.309609;-0.928352;,
   -0.205681;0.309609;-0.928352;,
   -0.163478;0.333035;-0.928635;,
   -0.163478;0.333035;-0.928635;,
   -0.163478;0.333035;-0.928635;,
   -0.177041;0.374385;-0.910216;,
   -0.177041;0.374385;-0.910216;,
   -0.177041;0.374385;-0.910216;,
   -0.034477;0.457318;-0.888635;,
   -0.034477;0.457318;-0.888635;,
   -0.034477;0.457318;-0.888635;,
   -0.161567;0.857708;-0.488092;,
   -0.161567;0.857708;-0.488092;,
   -0.161567;0.857708;-0.488092;,
   -0.166814;0.855872;-0.489547;,
   -0.166814;0.855872;-0.489547;,
   -0.166814;0.855872;-0.489547;,
   -0.210931;0.976081;-0.052667;,
   -0.210931;0.976081;-0.052667;,
   -0.210931;0.976081;-0.052667;,
   -0.208068;0.976737;-0.051890;,
   -0.208068;0.976737;-0.051890;,
   -0.208068;0.976737;-0.051890;,
   -0.184714;0.884404;0.428614;,
   -0.184714;0.884404;0.428614;,
   -0.184714;0.884404;0.428614;,
   -0.185145;0.884352;0.428536;,
   -0.185145;0.884352;0.428536;,
   -0.185145;0.884352;0.428536;,
   -0.105750;0.636911;0.763650;,
   -0.105750;0.636911;0.763650;,
   -0.105750;0.636911;0.763650;,
   -0.107813;0.636722;0.763519;,
   -0.107813;0.636722;0.763519;,
   -0.107813;0.636722;0.763519;,
   -0.118672;0.219768;0.968307;,
   -0.118672;0.219768;0.968307;,
   -0.118672;0.219768;0.968307;,
   0.021237;0.239958;0.970551;,
   0.021237;0.239958;0.970551;,
   0.021237;0.239958;0.970551;,
