xof 0303txt 0032
template ColorRGBA {
 <35ff44e0-6c7c-11cf-8f52-0040333594a3>
 FLOAT red;
 FLOAT green;
 FLOAT blue;
 FLOAT alpha;
}

template ColorRGB {
 <d3e16e81-7835-11cf-8f52-0040333594a3>
 FLOAT red;
 FLOAT green;
 FLOAT blue;
}

template Material {
 <3d82ab4d-62da-11cf-ab39-0020af71e433>
 ColorRGBA faceColor;
 FLOAT power;
 ColorRGB specularColor;
 ColorRGB emissiveColor;
 [...]
}

template TextureFilename {
 <a42790e1-7810-11cf-8f52-0040333594a3>
 STRING filename;
}

template Frame {
 <3d82ab46-62da-11cf-ab39-0020af71e433>
 [...]
}

template Matrix4x4 {
 <f6f23f45-7686-11cf-8f52-0040333594a3>
 array FLOAT matrix[16];
}

template FrameTransformMatrix {
 <f6f23f41-7686-11cf-8f52-0040333594a3>
 Matrix4x4 frameMatrix;
}

template Vector {
 <3d82ab5e-62da-11cf-ab39-0020af71e433>
 FLOAT x;
 FLOAT y;
 FLOAT z;
}

template MeshFace {
 <3d82ab5f-62da-11cf-ab39-0020af71e433>
 DWORD nFaceVertexIndices;
 array DWORD faceVertexIndices[nFaceVertexIndices];
}

template Mesh {
 <3d82ab44-62da-11cf-ab39-0020af71e433>
 DWORD nVertices;
 array Vector vertices[nVertices];
 DWORD nFaces;
 array MeshFace faces[nFaces];
 [...]
}

template MeshNormals {
 <f6f23f43-7686-11cf-8f52-0040333594a3>
 DWORD nNormals;
 array Vector normals[nNormals];
 DWORD nFaceNormals;
 array MeshFace faceNormals[nFaceNormals];
}

template MeshMaterialList {
 <f6f23f42-7686-11cf-8f52-0040333594a3>
 DWORD nMaterials;
 DWORD nFaceIndexes;
 array DWORD faceIndexes[nFaceIndexes];
 [Material <3d82ab4d-62da-11cf-ab39-0020af71e433>]
}

template Coords2d {
 <f6f23f44-7686-11cf-8f52-0040333594a3>
 FLOAT u;
 FLOAT v;
}

template MeshTextureCoords {
 <f6f23f40-7686-11cf-8f52-0040333594a3>
 DWORD nTextureCoords;
 array Coords2d textureCoords[nTextureCoords];
}

template XSkinMeshHeader {
 <3cf169ce-ff7c-44ab-93c0-f78f62d172e2>
 WORD nMaxSkinWeightsPerVertex;
 WORD nMaxSkinWeightsPerFace;
 WORD nBones;
}

template SkinWeights {
 <6f0d123b-bad2-4167-a0d0-80224f25fabb>
 STRING transformNodeName;
 DWORD nWeights;
 array DWORD vertexIndices[nWeights];
 array FLOAT weights[nWeights];
 Matrix4x4 matrixOffset;
}

template AnimTicksPerSecond {
 <9e415a43-7ba6-4a73-8743-b73d47e88476>
 DWORD AnimTicksPerSecond;
}

template Animation {
 <3d82ab4f-62da-11cf-ab39-0020af71e433>
 [...]
}

template AnimationSet {
 <3d82ab50-62da-11cf-ab39-0020af71e433>
 [Animation <3d82ab4f-62da-11cf-ab39-0020af71e433>]
}

template FloatKeys {
 <10dd46a9-775b-11cf-8f52-0040333594a3>
 DWORD nValues;
 array FLOAT values[nValues];
}

template TimedFloatKeys {
 <f406b180-7b3b-11cf-8f52-0040333594a3>
 DWORD time;
 FloatKeys tfkeys;
}

template AnimationKey {
 <10dd46a8-775b-11cf-8f52-0040333594a3>
 DWORD keyType;
 DWORD nKeys;
 array TimedFloatKeys keys[nKeys];
}


Material _10_-_Defaultaaa {
 1.000000;1.000000;1.000000;1.000000;;
 100.000000;
 0.200000;0.200000;0.200000;;
 0.000000;0.000000;0.000000;;

 TextureFilename {
  "TireShoulderpad.png";
 }
}

Frame Dummy01 {
 

 FrameTransformMatrix {
  1.000000,0.000000,0.000000,0.000000,0.000000,-0.000000,-1.000000,0.000000,0.000000,1.000000,-0.000000,0.000000,0.000000,0.000000,0.000000,1.000000;;
 }

 Frame Bip01 {
  

  FrameTransformMatrix {
   -0.087155,0.982405,-0.165183,0.000000,-0.000001,0.165814,0.986157,0.000000,0.996195,0.085949,-0.014450,0.000000,-0.010000,-0.012284,0.490453,1.000000;;
  }

  Frame Bip01_Pelvis {
   

   FrameTransformMatrix {
    0.000000,1.000000,-0.000001,0.000000,-0.000001,0.000001,1.000000,0.000000,1.000000,0.000000,0.000001,0.000000,0.000000,0.000000,0.000000,1.000000;;
   }

   Frame Bip01_Spine {
    

    FrameTransformMatrix {
     0.984686,0.000002,-0.174337,0.000000,-0.000001,1.000000,0.000004,0.000000,0.174337,-0.000004,0.984686,0.000000,0.051619,0.000000,-0.000083,1.000000;;
    }

    Frame Bip01_Spine1 {
     

     FrameTransformMatrix {
      0.997819,0.052687,0.039774,0.000000,-0.044862,0.983198,-0.176942,0.000000,-0.048428,0.174771,0.983417,0.000000,0.106484,-0.000015,-0.000083,1.000000;;
     }

     Frame Bip01_Neck {
      

      FrameTransformMatrix {
       0.966067,-0.020835,0.257451,0.000000,0.025191,0.999590,-0.013632,0.000000,-0.257061,0.019655,0.966195,0.000000,0.130511,-0.000001,0.004626,1.000000;;
      }

      Frame Bip01_Head {
       

       FrameTransformMatrix {
        0.989321,-0.051753,-0.136255,0.000000,0.064251,0.993958,0.088989,0.000000,0.130826,-0.096793,0.986669,0.000000,0.033674,-0.000000,0.000000,1.000000;;
       }
      }

      Frame Bip01_L_Clavicle {
       

       FrameTransformMatrix {
        -0.205975,0.976135,0.068811,0.000000,0.943873,0.216738,-0.249254,0.000000,-0.258220,0.013609,-0.965990,0.000000,-0.024734,0.015166,0.002017,1.000000;;
       }

       Frame Bip01_L_UpperArm {
        

        FrameTransformMatrix {
         0.385871,-0.777669,0.496320,0.000000,0.922466,0.332598,-0.196046,0.000000,-0.012616,0.533487,0.845714,0.000000,0.073469,0.000000,-0.000000,1.000000;;
        }

        Frame Bip01_L_Forearm {
         

         FrameTransformMatrix {
          0.943939,0.000000,-0.330119,0.000000,0.000000,1.000000,-0.000000,0.000000,0.330119,-0.000000,0.943939,0.000000,0.148340,0.000000,-0.000000,1.000000;;
         }

         Frame Bip01_L_Hand {
          

          FrameTransformMatrix {
           1.000000,0.000000,0.000000,0.000000,0.000000,0.000796,1.000000,0.000000,0.000000,-1.000000,0.000796,0.000000,0.131860,-0.000000,0.000000,1.000000;;
          }

          Frame Bip01_L_Finger0 {
           

           FrameTransformMatrix {
            0.690342,-0.181727,0.700288,0.000000,0.558537,0.749101,-0.356210,0.000000,-0.459853,0.637043,0.618637,0.000000,0.057681,-0.023605,-0.000272,1.000000;;
           }
          }

          Frame Bip01_L_Finger1 {
           

           FrameTransformMatrix {
            0.728079,-0.000546,0.685493,0.000000,0.000000,1.000000,0.000796,0.000000,-0.685493,-0.000580,0.728079,0.000000,0.084102,0.000000,0.000000,1.000000;;
           }
          }
         }
        }
       }
      }

      Frame Bip01_R_Clavicle {
       

       FrameTransformMatrix {
        -0.028509,-0.999573,-0.006461,0.000000,-0.965665,0.025871,0.258498,0.000000,-0.258220,0.013609,-0.965990,0.000000,-0.024080,-0.016250,0.001399,1.000000;;
       }

       Frame Bip01_R_UpperArm {
        

        FrameTransformMatrix {
         0.221390,0.975047,0.016433,0.000000,-0.974986,0.221654,-0.016512,0.000000,-0.019742,-0.012366,0.999728,0.000000,0.073469,0.000000,-0.000000,1.000000;;
        }

        Frame Bip01_R_Forearm {
         

         FrameTransformMatrix {
          0.915660,0.000000,-0.401954,0.000000,-0.000000,1.000000,-0.000000,0.000000,0.401954,-0.000000,0.915660,0.000000,0.148340,0.000000,-0.000000,1.000000;;
         }

         Frame Bip01_R_Hand {
          

          FrameTransformMatrix {
           0.975195,-0.000000,-0.221346,0.000000,-0.221346,0.000796,-0.975195,0.000000,0.000176,1.000000,0.000777,0.000000,0.131860,0.000000,0.000000,1.000000;;
          }

          Frame Bip01_R_Finger0 {
           

           FrameTransformMatrix {
            0.417774,-0.116941,0.900994,0.000000,-0.558537,0.749101,0.356210,0.000000,-0.716591,-0.652054,0.247639,0.000000,0.057681,0.023605,-0.000272,1.000000;;
           }
          }

          Frame Bip01_R_Finger1 {
           

           FrameTransformMatrix {
            0.352436,0.000745,0.935835,0.000000,0.000000,1.000000,-0.000796,0.000000,-0.935836,0.000281,0.352436,0.000000,0.084102,0.000000,0.000000,1.000000;;
           }
          }
         }
        }
       }
      }
     }

     Frame Bip01_BackPack {
      

      FrameTransformMatrix {
       0.180560,0.080500,-0.980264,0.000000,0.047560,0.994764,0.090451,0.000000,0.982413,-0.062954,0.175786,0.000000,0.063697,0.000003,-0.088856,1.000000;;
      }
     }
    }

    Frame Bip01_L_Thigh {
     

     FrameTransformMatrix {
      -0.888504,0.030427,0.457858,0.000000,-0.032107,-0.999476,0.004114,0.000000,0.457744,-0.011045,0.889016,0.000000,-0.050843,0.055225,-0.008917,1.000000;;
     }

     Frame Bip01_L_Calf {
      

      FrameTransformMatrix {
       0.942235,-0.000000,-0.334952,0.000000,-0.000000,1.000000,-0.000000,0.000000,0.334952,0.000000,0.942235,0.000000,0.237500,0.000000,-0.000000,1.000000;;
      }

      Frame Bip01_L_Foot {
       

       FrameTransformMatrix {
        0.924325,-0.026487,0.380687,0.000000,-0.068962,0.969570,0.234901,0.000000,-0.375325,-0.243378,0.894371,0.000000,0.206841,0.000000,0.000000,1.000000;;
       }

       Frame Bip01_L_Toe0 {
        

        FrameTransformMatrix {
         0.000000,0.000000,1.000000,0.000000,0.000000,1.000000,-0.000000,0.000000,-1.000000,0.000000,0.000000,0.000000,0.065373,0.000000,0.066450,1.000000;;
        }
       }
      }
     }
    }

    Frame Bip01_R_Thigh {
     

     FrameTransformMatrix {
      -0.996965,0.030321,-0.071704,0.000000,-0.029454,-0.999480,-0.013113,0.000000,-0.072065,-0.010961,0.997340,0.000000,-0.050843,-0.055225,-0.008917,1.000000;;
     }

     Frame Bip01_R_Calf {
      

      FrameTransformMatrix {
       0.730239,0.000000,-0.683192,0.000000,0.000000,1.000000,0.000000,0.000000,0.683192,-0.000000,0.730239,0.000000,0.237500,0.000000,0.000000,1.000000;;
      }

      Frame Bip01_R_Foot {
       

       FrameTransformMatrix {
        0.991957,0.087165,-0.091782,0.000000,-0.093276,0.993546,-0.064539,0.000000,0.085565,0.072581,0.993685,0.000000,0.206841,0.000000,0.000000,1.000000;;
       }

       Frame Bip01_R_Toe0 {
        

        FrameTransformMatrix {
         0.000000,0.000000,1.000000,0.000000,0.000000,1.000000,-0.000000,0.000000,-1.000000,0.000000,0.000000,0.000000,0.065373,0.000000,0.066450,1.000000;;
        }
       }
      }
     }
    }
   }

   Frame Bip01_DressFront {
    

    FrameTransformMatrix {
     -0.880185,-0.088339,0.466338,0.000000,0.121847,0.907542,0.401896,0.000000,-0.458725,0.410564,-0.788041,0.000000,-0.043935,0.001339,0.061057,1.000000;;
    }

    Frame Bip01_DressFront02 {
     

     FrameTransformMatrix {
      0.912593,0.000001,0.408870,0.000000,-0.000001,1.000000,-0.000000,0.000000,-0.408870,-0.000000,0.912593,0.000000,0.183378,-0.000000,-0.000120,1.000000;;
     }
    }
   }

   Frame Bip01_DressBack {
    

    FrameTransformMatrix {
     -0.886023,0.038029,0.462080,0.000000,0.191625,0.937561,0.290274,0.000000,-0.422190,0.345735,-0.837988,0.000000,-0.047673,-0.000048,-0.078302,1.000000;;
    }

    Frame Bip01_DressBack02 {
     

     FrameTransformMatrix {
      0.936852,0.174932,-0.302833,0.000000,-0.166408,0.984581,0.053939,0.000000,0.307600,-0.000139,0.951516,0.000000,0.176125,0.000000,-0.000103,1.000000;;
     }
    }
   }
  }

  Frame Bip01_Prop1 {
   

   FrameTransformMatrix {
    -0.233929,-0.108090,0.966227,0.000000,0.687222,0.684611,0.242967,0.000000,-0.687752,0.720850,-0.085868,0.000000,0.104667,-0.055270,-0.126340,1.000000;;
   }
  }

  Frame Bip01_Prop2 {
   

   FrameTransformMatrix {
    -0.163643,-0.967062,0.194966,0.000000,0.985576,-0.168906,-0.010564,0.000000,0.043147,0.190425,0.980753,0.000000,-0.140709,-0.103585,0.102365,1.000000;;
   }
  }
 }
}

Frame Translation_Data {
 

 FrameTransformMatrix {
  1.000000,0.000000,0.000000,0.000000,0.000000,-0.000000,-1.000000,0.000000,0.000000,1.000000,-0.000000,0.000000,0.000000,0.000000,0.000000,1.000000;;
 }
}

Frame Kate_Tire_Shoulderpad_L_ALT {
 

 FrameTransformMatrix {
  1.000000,0.000000,0.000000,0.000000,0.000000,1.000000,0.000000,0.000000,0.000000,0.000000,1.000000,0.000000,0.000000,0.000000,0.000000,1.000000;;
 }

 Mesh Kate_Tire_Shoulderpad_L_ALT {
  480;
  0.045963;0.815907;0.044814;,
  0.047634;0.825515;0.075009;,
  0.050217;0.836940;0.049118;,
  0.045464;0.807400;0.064478;,
  0.041627;0.802896;0.095665;,
  0.041215;0.792829;0.077358;,
  0.032597;0.773557;0.108594;,
  0.029044;0.773990;0.088950;,
  0.021988;0.737866;0.112237;,
  0.004471;0.745072;0.092018;,
  0.002160;0.742348;-0.037082;,
  0.026322;0.767421;-0.042948;,
  0.015310;0.731337;-0.049031;,
  0.019059;0.765713;-0.026265;,
  0.034888;0.786668;-0.013433;,
  0.036548;0.797842;-0.027873;,
  0.044318;0.822216;-0.005624;,
  0.043667;0.804875;0.003239;,
  0.049065;0.835794;0.021114;,
  0.046148;0.815030;0.023546;,
  0.050217;0.836940;0.049118;,
  0.055318;0.825888;0.076274;,
  0.057991;0.837708;0.049488;,
  0.047634;0.825515;0.075009;,
  0.049104;0.802488;0.097643;,
  0.041627;0.802896;0.095665;,
  0.039763;0.772001;0.111019;,
  0.032597;0.773557;0.108594;,
  0.028787;0.735077;0.114788;,
  0.021988;0.737866;0.112237;,
  0.015310;0.731337;-0.049031;,
  0.033271;0.765654;-0.045758;,
  0.021879;0.728322;-0.052051;,
  0.026322;0.767421;-0.042948;,
  0.043849;0.797259;-0.030163;,
  0.036548;0.797842;-0.027873;,
  0.051888;0.822475;-0.007145;,
  0.044318;0.822216;-0.005624;,
  0.056800;0.836523;0.020517;,
  0.049065;0.835794;0.021114;,
  0.080376;0.818842;0.076365;,
  0.083191;0.830883;0.049014;,
  0.073861;0.795014;0.098186;,
  0.064431;0.762274;0.111844;,
  0.053224;0.724571;0.115692;,
  0.057802;0.755793;-0.048243;,
  0.046169;0.717674;-0.054669;,
  0.068457;0.789731;-0.032318;,
  0.076849;0.815393;-0.008815;,
  0.081966;0.829685;0.019431;,
  0.104105;0.806244;0.074560;,
  0.106862;0.818036;0.047775;,
  0.097725;0.782909;0.095930;,
  0.088910;0.749360;0.106323;,
  0.078139;0.712130;0.105480;,
  0.084317;0.744638;-0.040587;,
  0.072005;0.708216;-0.048899;,
  0.093803;0.777288;-0.024977;,
  0.100651;0.802867;-0.008859;,
  0.105662;0.816863;0.018803;,
  0.109785;0.800147;0.072826;,
  0.112450;0.811545;0.046935;,
  0.103618;0.777591;0.093482;,
  0.094925;0.745733;0.102426;,
  0.084513;0.709747;0.101612;,
  0.089938;0.740129;-0.036892;,
  0.078037;0.704923;-0.044926;,
  0.099108;0.771689;-0.021858;,
  0.106446;0.796882;-0.007808;,
  0.111290;0.810411;0.018931;,
  0.112450;0.811545;0.046935;,
  0.108974;0.780716;0.061715;,
  0.111266;0.789127;0.042187;,
  0.109785;0.800147;0.072826;,
  0.103761;0.764047;0.077295;,
  0.103618;0.777591;0.093482;,
  0.095921;0.741823;0.082960;,
  0.094925;0.745733;0.102426;,
  0.086895;0.715868;0.077749;,
  0.084513;0.709747;0.101612;,
  0.078037;0.704923;-0.044926;,
  0.091223;0.736327;-0.018888;,
  0.080154;0.709902;-0.020365;,
  0.089938;0.740129;-0.036892;,
  0.099089;0.759559;-0.008786;,
  0.099108;0.771689;-0.021858;,
  0.106369;0.778235;0.000897;,
  0.106446;0.796882;-0.007808;,
  0.110361;0.788265;0.021065;,
  0.111290;0.810411;0.018931;,
  0.051711;0.813228;0.044728;,
  0.049783;0.812230;0.084683;,
  0.051158;0.804824;0.064182;,
  0.059869;0.835106;0.031984;,
  0.046899;0.790426;0.076896;,
  0.034481;0.772324;0.103896;,
  0.032957;0.772030;0.087643;,
  0.026362;0.735909;0.107316;,
  0.007662;0.743685;0.087994;,
  0.025527;0.764576;-0.025030;,
  0.020270;0.729209;-0.044110;,
  0.028433;0.766170;-0.042102;,
  0.006490;0.740769;-0.033253;,
  0.040993;0.786757;-0.012437;,
  0.046242;0.802908;-0.012705;,
  0.049619;0.802246;0.003594;,
  0.051985;0.812332;0.023685;,
  0.034481;0.772324;0.103896;,
  0.053550;0.724382;0.110560;,
  0.026362;0.735909;0.107316;,
  0.020270;0.729209;-0.044110;,
  0.046751;0.717463;-0.049404;,
  0.028433;0.766170;-0.042102;,
  0.059869;0.835106;0.031984;,
  0.102159;0.783030;0.080024;,
  0.049783;0.812230;0.084683;,
  0.109007;0.811125;0.032030;,
  0.093266;0.746706;0.098054;,
  0.080192;0.712238;0.097425;,
  0.087981;0.740526;-0.032548;,
  0.073850;0.706895;-0.040719;,
  0.100842;0.785768;-0.013297;,
  0.046242;0.802908;-0.012705;,
  0.109007;0.811125;0.032030;,
  0.104435;0.781786;0.061448;,
  0.102159;0.783030;0.080024;,
  0.106772;0.790095;0.042127;,
  0.099215;0.765289;0.076862;,
  0.091397;0.743350;0.083182;,
  0.093266;0.746706;0.098054;,
  0.082437;0.717638;0.078016;,
  0.080192;0.712238;0.097425;,
  0.073850;0.706895;-0.040719;,
  0.087228;0.738075;-0.019210;,
  0.087981;0.740526;-0.032548;,
  0.076265;0.711886;-0.020665;,
  0.094942;0.761013;-0.009009;,
  0.100842;0.785768;-0.013297;,
  0.102050;0.779251;0.001275;,
  0.105943;0.789215;0.021229;,
  0.072005;0.708216;-0.048899;,
  0.078037;0.704923;-0.044926;,
  0.073850;0.706895;-0.040719;,
  0.072005;0.708216;-0.048899;,
  0.046751;0.717463;-0.049404;,
  0.046169;0.717674;-0.054669;,
  0.046751;0.717463;-0.049404;,
  0.072005;0.708216;-0.048899;,
  0.073850;0.706895;-0.040719;,
  0.046169;0.717674;-0.054669;,
  0.020270;0.729209;-0.044110;,
  0.021879;0.728322;-0.052051;,
  0.020270;0.729209;-0.044110;,
  0.046169;0.717674;-0.054669;,
  0.046751;0.717463;-0.049404;,
  0.020270;0.729209;-0.044110;,
  0.015310;0.731337;-0.049031;,
  0.021879;0.728322;-0.052051;,
  0.020270;0.729209;-0.044110;,
  0.002160;0.742348;-0.037082;,
  0.015310;0.731337;-0.049031;,
  0.002160;0.742348;-0.037082;,
  0.020270;0.729209;-0.044110;,
  0.006490;0.740769;-0.033253;,
  0.087228;0.738075;-0.019210;,
  0.080154;0.709902;-0.020365;,
  0.091223;0.736327;-0.018888;,
  0.080154;0.709902;-0.020365;,
  0.087228;0.738075;-0.019210;,
  0.076265;0.711886;-0.020665;,
  0.087228;0.738075;-0.019210;,
  0.099089;0.759559;-0.008786;,
  0.094942;0.761013;-0.009009;,
  0.099089;0.759559;-0.008786;,
  0.087228;0.738075;-0.019210;,
  0.091223;0.736327;-0.018888;,
  0.094942;0.761013;-0.009009;,
  0.106369;0.778235;0.000897;,
  0.102050;0.779251;0.001275;,
  0.106369;0.778235;0.000897;,
  0.094942;0.761013;-0.009009;,
  0.099089;0.759559;-0.008786;,
  0.102050;0.779251;0.001275;,
  0.110361;0.788265;0.021065;,
  0.105943;0.789215;0.021229;,
  0.110361;0.788265;0.021065;,
  0.102050;0.779251;0.001275;,
  0.106369;0.778235;0.000897;,
  0.111266;0.789127;0.042187;,
  0.105943;0.789215;0.021229;,
  0.110361;0.788265;0.021065;,
  0.105943;0.789215;0.021229;,
  0.111266;0.789127;0.042187;,
  0.106772;0.790095;0.042127;,
  0.108974;0.780716;0.061715;,
  0.106772;0.790095;0.042127;,
  0.111266;0.789127;0.042187;,
  0.106772;0.790095;0.042127;,
  0.108974;0.780716;0.061715;,
  0.104435;0.781786;0.061448;,
  0.103761;0.764047;0.077295;,
  0.104435;0.781786;0.061448;,
  0.108974;0.780716;0.061715;,
  0.104435;0.781786;0.061448;,
  0.103761;0.764047;0.077295;,
  0.099215;0.765289;0.076862;,
  0.095921;0.741823;0.082960;,
  0.099215;0.765289;0.076862;,
  0.103761;0.764047;0.077295;,
  0.099215;0.765289;0.076862;,
  0.095921;0.741823;0.082960;,
  0.091397;0.743350;0.083182;,
  0.086895;0.715868;0.077749;,
  0.091397;0.743350;0.083182;,
  0.095921;0.741823;0.082960;,
  0.091397;0.743350;0.083182;,
  0.086895;0.715868;0.077749;,
  0.082437;0.717638;0.078016;,
  0.007662;0.743685;0.087994;,
  0.029044;0.773990;0.088950;,
  0.032957;0.772030;0.087643;,
  0.029044;0.773990;0.088950;,
  0.007662;0.743685;0.087994;,
  0.004471;0.745072;0.092018;,
  0.032957;0.772030;0.087643;,
  0.041215;0.792829;0.077358;,
  0.046899;0.790426;0.076896;,
  0.041215;0.792829;0.077358;,
  0.032957;0.772030;0.087643;,
  0.029044;0.773990;0.088950;,
  0.051158;0.804824;0.064182;,
  0.041215;0.792829;0.077358;,
  0.045464;0.807400;0.064478;,
  0.041215;0.792829;0.077358;,
  0.051158;0.804824;0.064182;,
  0.046899;0.790426;0.076896;,
  0.051711;0.813228;0.044728;,
  0.045464;0.807400;0.064478;,
  0.045963;0.815907;0.044814;,
  0.045464;0.807400;0.064478;,
  0.051711;0.813228;0.044728;,
  0.051158;0.804824;0.064182;,
  0.051985;0.812332;0.023685;,
  0.045963;0.815907;0.044814;,
  0.046148;0.815030;0.023546;,
  0.045963;0.815907;0.044814;,
  0.051985;0.812332;0.023685;,
  0.051711;0.813228;0.044728;,
  0.046148;0.815030;0.023546;,
  0.049619;0.802246;0.003594;,
  0.051985;0.812332;0.023685;,
  0.049619;0.802246;0.003594;,
  0.046148;0.815030;0.023546;,
  0.043667;0.804875;0.003239;,
  0.043667;0.804875;0.003239;,
  0.040993;0.786757;-0.012437;,
  0.049619;0.802246;0.003594;,
  0.040993;0.786757;-0.012437;,
  0.043667;0.804875;0.003239;,
  0.034888;0.786668;-0.013433;,
  0.034888;0.786668;-0.013433;,
  0.025527;0.764576;-0.025030;,
  0.040993;0.786757;-0.012437;,
  0.025527;0.764576;-0.025030;,
  0.034888;0.786668;-0.013433;,
  0.019059;0.765713;-0.026265;,
  0.019059;0.765713;-0.026265;,
  0.006490;0.740769;-0.033253;,
  0.025527;0.764576;-0.025030;,
  0.006490;0.740769;-0.033253;,
  0.019059;0.765713;-0.026265;,
  0.002160;0.742348;-0.037082;,
  0.073850;0.706895;-0.040719;,
  0.080154;0.709902;-0.020365;,
  0.076265;0.711886;-0.020665;,
  0.080154;0.709902;-0.020365;,
  0.073850;0.706895;-0.040719;,
  0.078037;0.704923;-0.044926;,
  0.004471;0.745072;0.092018;,
  0.026362;0.735909;0.107316;,
  0.021988;0.737866;0.112237;,
  0.026362;0.735909;0.107316;,
  0.004471;0.745072;0.092018;,
  0.007662;0.743685;0.087994;,
  0.026362;0.735909;0.107316;,
  0.028787;0.735077;0.114788;,
  0.021988;0.737866;0.112237;,
  0.026362;0.735909;0.107316;,
  0.053224;0.724571;0.115692;,
  0.028787;0.735077;0.114788;,
  0.053224;0.724571;0.115692;,
  0.026362;0.735909;0.107316;,
  0.053550;0.724382;0.110560;,
  0.053550;0.724382;0.110560;,
  0.078139;0.712130;0.105480;,
  0.053224;0.724571;0.115692;,
  0.078139;0.712130;0.105480;,
  0.053550;0.724382;0.110560;,
  0.080192;0.712238;0.097425;,
  0.080192;0.712238;0.097425;,
  0.084513;0.709747;0.101612;,
  0.078139;0.712130;0.105480;,
  0.080192;0.712238;0.097425;,
  0.086895;0.715868;0.077749;,
  0.084513;0.709747;0.101612;,
  0.086895;0.715868;0.077749;,
  0.080192;0.712238;0.097425;,
  0.082437;0.717638;0.078016;,
  -0.073731;0.700887;-0.019796;,
  -0.089481;0.693027;0.016136;,
  -0.081232;0.702818;-0.027639;,
  -0.072291;0.693027;0.016136;,
  -0.048379;0.708435;-0.038664;,
  -0.052561;0.710120;-0.049531;,
  0.003974;0.717077;-0.043395;,
  0.003646;0.718283;-0.052507;,
  -0.074108;0.715764;-0.013910;,
  -0.089481;0.709428;0.016136;,
  -0.072291;0.709428;0.016136;,
  -0.081609;0.717695;-0.021753;,
  -0.047976;0.723816;-0.031893;,
  -0.052159;0.725500;-0.042760;,
  0.000198;0.730934;-0.034809;,
  -0.000131;0.732140;-0.043922;,
  -0.081609;0.717695;-0.021753;,
  -0.089481;0.693027;0.016136;,
  -0.089481;0.709428;0.016136;,
  -0.081232;0.702818;-0.027639;,
  -0.052159;0.725500;-0.042760;,
  -0.052561;0.710120;-0.049531;,
  -0.000131;0.732140;-0.043922;,
  0.003646;0.718283;-0.052507;,
  -0.047976;0.723816;-0.031893;,
  0.003974;0.717077;-0.043395;,
  0.000198;0.730934;-0.034809;,
  -0.048379;0.708435;-0.038664;,
  -0.074108;0.715764;-0.013910;,
  -0.073731;0.700887;-0.019796;,
  -0.072291;0.709428;0.016136;,
  -0.072291;0.693027;0.016136;,
  -0.071441;0.694243;0.081885;,
  -0.092215;0.690532;0.060058;,
  -0.075551;0.690532;0.054782;,
  -0.078927;0.694242;0.089363;,
  -0.032209;0.704626;0.093715;,
  -0.033504;0.704317;0.102466;,
  0.010621;0.717296;0.099711;,
  0.010623;0.717291;0.107203;,
  -0.071586;0.709693;0.081357;,
  -0.092215;0.706933;0.060058;,
  -0.079080;0.710105;0.088806;,
  -0.075551;0.706933;0.054782;,
  -0.035475;0.720483;0.093872;,
  -0.036769;0.720174;0.102622;,
  0.005325;0.732818;0.099729;,
  0.005327;0.732813;0.107222;,
  -0.079080;0.710105;0.088806;,
  -0.092215;0.690532;0.060058;,
  -0.078927;0.694242;0.089363;,
  -0.092215;0.706933;0.060058;,
  -0.036769;0.720174;0.102622;,
  -0.033504;0.704317;0.102466;,
  0.005327;0.732813;0.107222;,
  0.010623;0.717291;0.107203;,
  -0.035475;0.720483;0.093872;,
  0.010621;0.717296;0.099711;,
  -0.032209;0.704626;0.093715;,
  0.005325;0.732818;0.099729;,
  -0.071586;0.709693;0.081357;,
  -0.071441;0.694243;0.081885;,
  -0.075551;0.706933;0.054782;,
  -0.075551;0.690532;0.054782;,
  -0.089481;0.709428;0.016136;,
  -0.075551;0.706933;0.054782;,
  -0.072291;0.709428;0.016136;,
  -0.075551;0.706933;0.054782;,
  -0.089481;0.709428;0.016136;,
  -0.092215;0.706933;0.060058;,
  -0.089481;0.693027;0.016136;,
  -0.075551;0.690532;0.054782;,
  -0.092215;0.690532;0.060058;,
  -0.075551;0.690532;0.054782;,
  -0.089481;0.693027;0.016136;,
  -0.072291;0.693027;0.016136;,
  0.029459;0.730953;-0.035771;,
  0.026070;0.730857;-0.031841;,
  0.029059;0.746682;-0.033314;,
  0.032448;0.746778;-0.032524;,
  0.032448;0.746778;-0.032524;,
  0.029459;0.730953;-0.035771;,
  0.026070;0.730857;-0.031841;,
  0.029059;0.746682;-0.033314;,
  0.035405;0.735589;0.103531;,
  0.034644;0.738997;0.106754;,
  0.036065;0.749792;0.097980;,
  0.036826;0.746385;0.094757;,
  0.034644;0.738997;0.106754;,
  0.036065;0.749792;0.097980;,
  0.036826;0.746385;0.094757;,
  0.035405;0.735589;0.103531;,
  0.063015;0.713320;-0.036791;,
  0.070314;0.724924;-0.026967;,
  0.068633;0.725962;-0.036947;,
  0.066964;0.711504;-0.027268;,
  0.076247;0.716243;-0.000923;,
  0.072569;0.704977;-0.000923;,
  0.076450;0.716940;0.030424;,
  0.075785;0.703121;0.030424;,
  0.079556;0.719930;0.058762;,
  0.077454;0.706273;0.059350;,
  0.080840;0.732127;0.075844;,
  0.076246;0.719086;0.076274;,
  0.067712;0.711234;-0.036705;,
  0.078913;0.723678;-0.024045;,
  0.075563;0.710258;-0.024346;,
  0.073331;0.723876;-0.035393;,
  0.089992;0.716917;-0.000923;,
  0.086266;0.703592;-0.000923;,
  0.096557;0.716693;0.030424;,
  0.095892;0.702873;0.030424;,
  0.099586;0.719178;0.059221;,
  0.097483;0.705521;0.059808;,
  0.085678;0.730412;0.075604;,
  0.081084;0.717371;0.076034;,
  0.063015;0.713320;-0.036791;,
  0.073331;0.723876;-0.035393;,
  0.067712;0.711234;-0.036705;,
  0.068633;0.725962;-0.036947;,
  0.073331;0.723876;-0.035393;,
  0.070314;0.724924;-0.026967;,
  0.078913;0.723678;-0.024045;,
  0.068633;0.725962;-0.036947;,
  0.089992;0.716917;-0.000923;,
  0.076247;0.716243;-0.000923;,
  0.096557;0.716693;0.030424;,
  0.076450;0.716940;0.030424;,
  0.099586;0.719178;0.059221;,
  0.079556;0.719930;0.058762;,
  0.085678;0.730412;0.075604;,
  0.080840;0.732127;0.075844;,
  0.078960;0.718823;0.095436;,
  0.079040;0.716111;0.095052;,
  0.083778;0.728991;0.096555;,
  0.074221;0.717805;0.095553;,
  0.076246;0.719086;0.076274;,
  0.097483;0.705521;0.059808;,
  0.081084;0.717371;0.076034;,
  0.077454;0.706273;0.059350;,
  0.095892;0.702873;0.030424;,
  0.075785;0.703121;0.030424;,
  0.086266;0.703592;-0.000923;,
  0.072569;0.704977;-0.000923;,
  0.075563;0.710258;-0.024346;,
  0.066964;0.711504;-0.027268;,
  0.067712;0.711234;-0.036705;,
  0.063015;0.713320;-0.036791;,
  0.080840;0.732127;0.075844;,
  0.074221;0.717805;0.095553;,
  0.078960;0.718823;0.095436;,
  0.074221;0.717805;0.095553;,
  0.080840;0.732127;0.075844;,
  0.076246;0.719086;0.076274;,
  0.076246;0.719086;0.076274;,
  0.079040;0.716111;0.095052;,
  0.074221;0.717805;0.095553;,
  0.079040;0.716111;0.095052;,
  0.076246;0.719086;0.076274;,
  0.081084;0.717371;0.076034;,
  0.081084;0.717371;0.076034;,
  0.083778;0.728991;0.096555;,
  0.079040;0.716111;0.095052;,
  0.083778;0.728991;0.096555;,
  0.081084;0.717371;0.076034;,
  0.085678;0.730412;0.075604;,
  0.085678;0.730412;0.075604;,
  0.078960;0.718823;0.095436;,
  0.083778;0.728991;0.096555;,
  0.078960;0.718823;0.095436;,
  0.085678;0.730412;0.075604;,
  0.080840;0.732127;0.075844;;
  332;
  3;0,1,2;,
  3;1,0,3;,
  3;3,4,1;,
  3;4,3,5;,
  3;5,6,4;,
  3;6,5,7;,
  3;7,8,6;,
  3;8,7,9;,
  3;10,11,12;,
  3;11,10,13;,
  3;14,11,13;,
  3;11,14,15;,
  3;14,16,15;,
  3;16,14,17;,
  3;17,18,16;,
  3;18,17,19;,
  3;19,2,18;,
  3;2,19,0;,
  3;20,21,22;,
  3;21,20,23;,
  3;23,24,21;,
  3;24,23,25;,
  3;25,26,24;,
  3;26,25,27;,
  3;27,28,26;,
  3;28,27,29;,
  3;30,31,32;,
  3;31,30,33;,
  3;33,34,31;,
  3;34,33,35;,
  3;35,36,34;,
  3;36,35,37;,
  3;37,38,36;,
  3;38,37,39;,
  3;39,22,38;,
  3;22,39,20;,
  3;22,40,41;,
  3;40,22,21;,
  3;21,42,40;,
  3;42,21,24;,
  3;24,43,42;,
  3;43,24,26;,
  3;26,44,43;,
  3;44,26,28;,
  3;32,45,46;,
  3;45,32,31;,
  3;31,47,45;,
  3;47,31,34;,
  3;34,48,47;,
  3;48,34,36;,
  3;36,49,48;,
  3;49,36,38;,
  3;38,41,49;,
  3;41,38,22;,
  3;41,50,51;,
  3;50,41,40;,
  3;40,52,50;,
  3;52,40,42;,
  3;42,53,52;,
  3;53,42,43;,
  3;43,54,53;,
  3;54,43,44;,
  3;46,55,56;,
  3;55,46,45;,
  3;45,57,55;,
  3;57,45,47;,
  3;47,58,57;,
  3;58,47,48;,
  3;48,59,58;,
  3;59,48,49;,
  3;49,51,59;,
  3;51,49,41;,
  3;51,60,61;,
  3;60,51,50;,
  3;50,62,60;,
  3;62,50,52;,
  3;52,63,62;,
  3;63,52,53;,
  3;53,64,63;,
  3;64,53,54;,
  3;56,65,66;,
  3;65,56,55;,
  3;55,67,65;,
  3;67,55,57;,
  3;57,68,67;,
  3;68,57,58;,
  3;58,69,68;,
  3;69,58,59;,
  3;59,61,69;,
  3;61,59,51;,
  3;70,71,72;,
  3;71,70,73;,
  3;73,74,71;,
  3;74,73,75;,
  3;75,76,74;,
  3;76,75,77;,
  3;77,78,76;,
  3;78,77,79;,
  3;80,81,82;,
  3;81,80,83;,
  3;83,84,81;,
  3;84,83,85;,
  3;85,86,84;,
  3;86,85,87;,
  3;87,88,86;,
  3;88,87,89;,
  3;89,72,88;,
  3;72,89,70;,
  3;90,91,92;,
  3;91,90,93;,
  3;92,91,94;,
  3;95,94,91;,
  3;94,95,96;,
  3;96,97,98;,
  3;97,96,95;,
  3;99,100,101;,
  3;100,99,102;,
  3;103,101,104;,
  3;101,103,99;,
  3;103,104,105;,
  3;105,93,106;,
  3;93,105,104;,
  3;106,93,90;,
  3;107,108,109;,
  3;110,111,112;,
  3;113,114,115;,
  3;114,113,116;,
  3;115,117,107;,
  3;117,115,114;,
  3;107,118,108;,
  3;118,107,117;,
  3;119,111,120;,
  3;111,119,112;,
  3;112,121,122;,
  3;121,112,119;,
  3;122,116,113;,
  3;116,122,121;,
  3;123,124,125;,
  3;124,123,126;,
  3;125,124,127;,
  3;125,128,129;,
  3;128,125,127;,
  3;129,130,131;,
  3;130,129,128;,
  3;132,133,134;,
  3;133,132,135;,
  3;134,136,137;,
  3;136,134,133;,
  3;137,136,138;,
  3;137,139,123;,
  3;139,137,138;,
  3;123,139,126;,
  3;140,141,142;,
  3;143,144,145;,
  3;146,147,148;,
  3;149,150,151;,
  3;152,153,154;,
  3;155,156,157;,
  3;158,159,160;,
  3;161,162,163;,
  3;164,165,166;,
  3;167,168,169;,
  3;170,171,172;,
  3;173,174,175;,
  3;176,177,178;,
  3;179,180,181;,
  3;182,183,184;,
  3;185,186,187;,
  3;188,189,190;,
  3;191,192,193;,
  3;194,195,196;,
  3;197,198,199;,
  3;200,201,202;,
  3;203,204,205;,
  3;206,207,208;,
  3;209,210,211;,
  3;212,213,214;,
  3;215,216,217;,
  3;218,219,220;,
  3;221,222,223;,
  3;224,225,226;,
  3;227,228,229;,
  3;230,231,232;,
  3;233,234,235;,
  3;236,237,238;,
  3;239,240,241;,
  3;242,243,244;,
  3;245,246,247;,
  3;248,249,250;,
  3;251,252,253;,
  3;254,255,256;,
  3;257,258,259;,
  3;260,261,262;,
  3;263,264,265;,
  3;266,267,268;,
  3;269,270,271;,
  3;272,273,274;,
  3;275,276,277;,
  3;278,279,280;,
  3;281,282,283;,
  3;284,285,286;,
  3;287,288,289;,
  3;290,291,292;,
  3;293,294,295;,
  3;296,297,298;,
  3;299,300,301;,
  3;302,303,304;,
  3;305,306,307;,
  3;308,309,310;,
  3;309,308,311;,
  3;312,310,313;,
  3;310,312,308;,
  3;314,313,315;,
  3;313,314,312;,
  3;316,317,318;,
  3;317,316,319;,
  3;320,319,316;,
  3;319,320,321;,
  3;322,321,320;,
  3;321,322,323;,
  3;324,325,326;,
  3;325,324,327;,
  3;328,327,324;,
  3;327,328,329;,
  3;330,329,328;,
  3;329,330,331;,
  3;332,333,334;,
  3;333,332,335;,
  3;336,335,332;,
  3;335,336,337;,
  3;338,337,336;,
  3;337,338,339;,
  3;340,341,342;,
  3;341,340,343;,
  3;344,343,340;,
  3;343,344,345;,
  3;346,345,344;,
  3;345,346,347;,
  3;348,349,350;,
  3;349,348,351;,
  3;352,350,353;,
  3;350,352,348;,
  3;354,353,355;,
  3;353,354,352;,
  3;356,357,358;,
  3;357,356,359;,
  3;360,358,361;,
  3;358,360,356;,
  3;362,361,363;,
  3;361,362,360;,
  3;364,365,366;,
  3;365,364,367;,
  3;368,366,369;,
  3;366,368,364;,
  3;370,369,371;,
  3;369,370,368;,
  3;339,370,371;,
  3;370,339,338;,
  3;372,373,374;,
  3;375,376,377;,
  3;325,359,326;,
  3;359,325,357;,
  3;378,379,380;,
  3;381,382,383;,
  3;314,384,385;,
  3;384,314,315;,
  3;323,386,387;,
  3;386,323,322;,
  3;331,388,389;,
  3;388,331,330;,
  3;334,390,391;,
  3;390,334,333;,
  3;347,392,393;,
  3;392,347,346;,
  3;354,394,395;,
  3;394,354,355;,
  3;396,362,363;,
  3;362,396,397;,
  3;365,398,399;,
  3;398,365,367;,
  3;400,401,402;,
  3;401,400,403;,
  3;403,404,401;,
  3;404,403,405;,
  3;405,406,404;,
  3;406,405,407;,
  3;407,408,406;,
  3;408,407,409;,
  3;409,410,408;,
  3;410,409,411;,
  3;412,413,414;,
  3;413,412,415;,
  3;414,416,417;,
  3;416,414,413;,
  3;417,418,419;,
  3;418,417,416;,
  3;419,420,421;,
  3;420,419,418;,
  3;421,422,423;,
  3;422,421,420;,
  3;424,425,426;,
  3;425,424,427;,
  3;428,429,430;,
  3;429,428,431;,
  3;429,432,430;,
  3;432,429,433;,
  3;433,434,432;,
  3;434,433,435;,
  3;435,436,434;,
  3;436,435,437;,
  3;437,438,436;,
  3;438,437,439;,
  3;440,441,442;,
  3;441,440,443;,
  3;444,445,446;,
  3;445,444,447;,
  3;447,448,445;,
  3;448,447,449;,
  3;449,450,448;,
  3;450,449,451;,
  3;451,452,450;,
  3;452,451,453;,
  3;453,454,452;,
  3;454,453,455;,
  3;456,457,458;,
  3;459,460,461;,
  3;462,463,464;,
  3;465,466,467;,
  3;468,469,470;,
  3;471,472,473;,
  3;474,475,476;,
  3;477,478,479;;

  MeshNormals {
   480;
   -0.983228;0.182246;-0.007069;,
   -0.985808;0.162811;-0.040932;,
   -0.982508;0.186220;-0.000164;,
   -0.988117;0.148423;-0.039945;,
   -0.970214;0.218825;-0.103925;,
   -0.957277;0.282540;-0.061574;,
   -0.924427;0.363676;0.114783;,
   -0.811501;0.521663;0.263314;,
   -0.698462;0.479106;0.531609;,
   -0.539595;0.528082;0.655718;,
   -0.592035;0.407910;-0.695057;,
   -0.766169;0.561115;-0.313265;,
   -0.499144;0.289968;-0.816562;,
   -0.712669;0.658113;-0.242878;,
   -0.945060;0.319081;0.071051;,
   -0.962943;0.255331;0.086880;,
   -0.976091;0.148231;0.158976;,
   -0.966386;0.154950;0.205157;,
   -0.989273;0.134547;0.056892;,
   -0.987380;0.155014;0.032423;,
   -0.105242;0.977692;0.181776;,
   0.047481;0.810149;0.584298;,
   0.084136;0.978746;0.187024;,
   -0.132652;0.813839;0.565746;,
   -0.015593;0.550334;0.834799;,
   -0.180506;0.569591;0.801862;,
   -0.088310;0.283310;0.954954;,
   -0.241783;0.316224;0.917357;,
   -0.127244;0.138068;0.982215;,
   -0.280152;0.179518;0.943021;,
   -0.308121;0.248817;-0.918233;,
   -0.122938;0.339790;-0.932432;,
   -0.156250;0.210366;-0.965056;,
   -0.263953;0.376684;-0.887941;,
   -0.048006;0.577226;-0.815172;,
   -0.196653;0.595850;-0.778647;,
   0.020220;0.796762;-0.603955;,
   -0.144107;0.801442;-0.580451;,
   0.072274;0.964410;-0.254340;,
   -0.109738;0.963060;-0.245914;,
   0.318003;0.745242;0.586080;,
   0.369539;0.911369;0.181236;,
   0.229763;0.472452;0.850881;,
   0.183812;0.180370;0.966271;,
   0.207618;0.038048;0.977470;,
   0.183676;0.239495;-0.953365;,
   0.133963;0.139679;-0.981093;,
   0.243294;0.468452;-0.849329;,
   0.271742;0.735618;-0.620502;,
   0.348799;0.898414;-0.266819;,
   0.561893;0.621280;0.546157;,
   0.620667;0.767128;0.162136;,
   0.437167;0.355645;0.826076;,
   0.387385;0.031689;0.921373;,
   0.393367;-0.102948;0.913600;,
   0.472066;0.152268;-0.868313;,
   0.413309;0.067506;-0.908085;,
   0.525037;0.281901;-0.803037;,
   0.508457;0.587941;-0.629124;,
   0.596204;0.760030;-0.258639;,
   0.696292;0.502971;0.512053;,
   0.759074;0.634739;0.144616;,
   0.555486;0.250527;0.792888;,
   0.517840;-0.041331;0.854478;,
   0.469348;-0.155467;0.869219;,
   0.592061;0.080939;-0.801818;,
   0.551525;0.003910;-0.834149;,
   0.641012;0.192896;-0.742896;,
   0.614980;0.458181;-0.641771;,
   0.730905;0.632486;-0.256396;,
   0.997994;-0.060293;0.019312;,
   0.985584;-0.110440;0.128170;,
   0.998080;-0.057815;0.022216;,
   0.988131;-0.109685;0.107549;,
   0.956868;-0.214311;0.196148;,
   0.969617;-0.194201;0.148759;,
   0.944588;-0.301983;0.128688;,
   0.957742;-0.274550;0.085742;,
   0.952781;-0.299169;0.052019;,
   0.960171;-0.278345;0.024414;,
   0.935203;-0.350424;-0.050966;,
   0.949138;-0.296813;-0.105065;,
   0.922370;-0.386307;-0.001189;,
   0.953526;-0.268531;-0.136674;,
   0.954465;-0.229296;-0.190842;,
   0.955749;-0.197292;-0.218218;,
   0.967695;-0.132563;-0.214461;,
   0.976211;-0.090608;-0.196984;,
   0.993221;-0.055840;-0.101948;,
   0.994782;-0.049929;-0.088974;,
   0.955289;-0.293531;0.035521;,
   0.971010;-0.184274;0.152258;,
   0.996753;-0.025927;0.076237;,
   0.949308;-0.314168;0.010635;,
   0.944558;-0.267936;0.189790;,
   0.940634;-0.338992;-0.017115;,
   0.836732;-0.508835;-0.202403;,
   0.691221;-0.438892;-0.574097;,
   0.526707;-0.478740;-0.702416;,
   0.836919;-0.495023;0.233492;,
   0.559602;-0.456374;0.691786;,
   0.927957;-0.361442;0.090864;,
   0.249375;-0.488232;0.836326;,
   0.924377;-0.348711;-0.154684;,
   0.942852;-0.265857;-0.200876;,
   0.965213;-0.193734;-0.175586;,
   0.937775;-0.343405;0.051500;,
   -0.190604;-0.236637;-0.952719;,
   -0.391699;-0.277723;-0.877178;,
   0.072011;-0.109162;-0.991412;,
   0.157519;-0.088216;0.983568;,
   -0.172055;-0.159368;0.972111;,
   -0.158424;-0.321969;0.933401;,
   -0.460228;-0.883609;0.086171;,
   -0.366229;-0.582071;-0.725996;,
   -0.387474;-0.603037;-0.697287;,
   -0.402384;-0.915103;0.025944;,
   -0.171503;-0.148740;-0.973891;,
   -0.255375;-0.090618;-0.962586;,
   -0.283744;-0.240829;0.928165;,
   -0.334744;-0.087308;0.938256;,
   -0.254048;-0.643677;0.721899;,
   -0.235397;-0.671142;0.702963;,
   -0.995966;0.086346;0.024426;,
   -0.989811;0.072143;-0.122755;,
   -0.977769;0.166103;-0.127976;,
   -0.995363;0.080582;-0.052529;,
   -0.927247;0.209225;-0.310544;,
   -0.955095;0.294882;0.028933;,
   -0.953015;0.299954;0.042299;,
   -0.937865;0.346981;0.003507;,
   -0.934901;0.354783;-0.009412;,
   -0.922858;0.384800;0.016170;,
   -0.936681;0.350014;0.010922;,
   -0.939280;0.342420;0.022383;,
   -0.922623;0.385406;0.015146;,
   -0.962270;0.256843;0.089824;,
   -0.969570;0.196049;0.146624;,
   -0.972149;0.173102;0.157996;,
   -0.990140;0.090154;0.107215;,
   -0.458333;-0.887882;-0.039956;,
   -0.458333;-0.887882;-0.039956;,
   -0.458333;-0.887882;-0.039956;,
   -0.343877;-0.939015;0.000502;,
   -0.343877;-0.939015;0.000502;,
   -0.343877;-0.939015;0.000502;,
   -0.341611;-0.936907;-0.074210;,
   -0.341611;-0.936907;-0.074210;,
   -0.341611;-0.936907;-0.074210;,
   -0.399466;-0.916497;0.021433;,
   -0.399466;-0.916497;0.021433;,
   -0.399466;-0.916497;0.021433;,
   -0.404085;-0.914685;0.008125;,
   -0.404085;-0.914685;0.008125;,
   -0.404085;-0.914685;0.008125;,
   -0.409883;-0.911944;0.018815;,
   -0.409883;-0.911944;0.018815;,
   -0.409883;-0.911944;0.018815;,
   -0.531718;-0.828030;0.177882;,
   -0.531718;-0.828030;0.177882;,
   -0.531718;-0.828030;0.177882;,
   -0.509522;-0.827830;0.234703;,
   -0.509522;-0.827830;0.234703;,
   -0.509522;-0.827830;0.234703;,
   -0.088393;-0.018636;0.995911;,
   -0.088393;-0.018636;0.995911;,
   -0.088393;-0.018636;0.995911;,
   -0.086630;-0.019085;0.996058;,
   -0.086630;-0.019085;0.996058;,
   -0.086630;-0.019085;0.996058;,
   -0.172434;-0.351279;0.920255;,
   -0.172434;-0.351279;0.920255;,
   -0.172434;-0.351279;0.920255;,
   -0.216939;-0.326559;0.919944;,
   -0.216939;-0.326559;0.919944;,
   -0.216939;-0.326559;0.919944;,
   -0.036194;-0.480099;0.876468;,
   -0.036194;-0.480099;0.876468;,
   -0.036194;-0.480099;0.876468;,
   -0.186330;-0.394024;0.900015;,
   -0.186330;-0.394024;0.900015;,
   -0.186330;-0.394024;0.900015;,
   -0.169216;-0.868163;0.466540;,
   -0.169216;-0.868163;0.466540;,
   -0.169216;-0.868163;0.466540;,
   -0.163873;-0.869952;0.465111;,
   -0.163873;-0.869952;0.465111;,
   -0.163873;-0.869952;0.465111;,
   -0.208108;-0.976890;0.048760;,
   -0.208108;-0.976890;0.048760;,
   -0.208108;-0.976890;0.048760;,
   -0.210969;-0.976239;0.049489;,
   -0.210969;-0.976239;0.049489;,
   -0.210969;-0.976239;0.049489;,
   -0.187177;-0.894035;-0.407020;,
   -0.187177;-0.894035;-0.407020;,
   -0.187177;-0.894035;-0.407020;,
   -0.186748;-0.894091;-0.407095;,
   -0.186748;-0.894091;-0.407095;,
   -0.186748;-0.894091;-0.407095;,
   -0.111708;-0.659679;-0.743199;,
   -0.111708;-0.659679;-0.743199;,
   -0.111708;-0.659679;-0.743199;,
   -0.109556;-0.659884;-0.743338;,
   -0.109556;-0.659884;-0.743338;,
   -0.109556;-0.659884;-0.743338;,
   0.022521;-0.254429;-0.966829;,
   0.022521;-0.254429;-0.966829;,
   0.022521;-0.254429;-0.966829;,
   -0.125795;-0.232954;-0.964317;,
   -0.125795;-0.232954;-0.964317;,
   -0.125795;-0.232954;-0.964317;,
   0.016585;0.191293;-0.981393;,
   0.016585;0.191293;-0.981393;,
   0.016585;0.191293;-0.981393;,
   0.017135;0.191205;-0.981401;,
   0.017135;0.191205;-0.981401;,
   0.017135;0.191205;-0.981401;,
   -0.224780;0.188773;-0.955949;,
   -0.224780;0.188773;-0.955949;,
   -0.224780;0.188773;-0.955949;,
   -0.615167;0.454377;-0.644291;,
   -0.615167;0.454377;-0.644291;,
   -0.615167;0.454377;-0.644291;,
   -0.225266;-0.358532;-0.905931;,
   -0.225266;-0.358532;-0.905931;,
   -0.225266;-0.358532;-0.905931;,
   -0.421299;-0.262062;-0.868234;,
