xof 0303txt 0032
template ColorRGBA {
 <35ff44e0-6c7c-11cf-8f52-0040333594a3>
 FLOAT red;
 FLOAT green;
 FLOAT blue;
 FLOAT alpha;
}

template ColorRGB {
 <d3e16e81-7835-11cf-8f52-0040333594a3>
 FLOAT red;
 FLOAT green;
 FLOAT blue;
}

template Material {
 <3d82ab4d-62da-11cf-ab39-0020af71e433>
 ColorRGBA faceColor;
 FLOAT power;
 ColorRGB specularColor;
 ColorRGB emissiveColor;
 [...]
}

template TextureFilename {
 <a42790e1-7810-11cf-8f52-0040333594a3>
 STRING filename;
}

template Frame {
 <3d82ab46-62da-11cf-ab39-0020af71e433>
 [...]
}

template Matrix4x4 {
 <f6f23f45-7686-11cf-8f52-0040333594a3>
 array FLOAT matrix[16];
}

template FrameTransformMatrix {
 <f6f23f41-7686-11cf-8f52-0040333594a3>
 Matrix4x4 frameMatrix;
}

template Vector {
 <3d82ab5e-62da-11cf-ab39-0020af71e433>
 FLOAT x;
 FLOAT y;
 FLOAT z;
}

template MeshFace {
 <3d82ab5f-62da-11cf-ab39-0020af71e433>
 DWORD nFaceVertexIndices;
 array DWORD faceVertexIndices[nFaceVertexIndices];
}

template Mesh {
 <3d82ab44-62da-11cf-ab39-0020af71e433>
 DWORD nVertices;
 array Vector vertices[nVertices];
 DWORD nFaces;
 array MeshFace faces[nFaces];
 [...]
}

template MeshNormals {
 <f6f23f43-7686-11cf-8f52-0040333594a3>
 DWORD nNormals;
 array Vector normals[nNormals];
 DWORD nFaceNormals;
 array MeshFace faceNormals[nFaceNormals];
}

template MeshMaterialList {
 <f6f23f42-7686-11cf-8f52-0040333594a3>
 DWORD nMaterials;
 DWORD nFaceIndexes;
 array DWORD faceIndexes[nFaceIndexes];
 [Material <3d82ab4d-62da-11cf-ab39-0020af71e433>]
}

template Coords2d {
 <f6f23f44-7686-11cf-8f52-0040333594a3>
 FLOAT u;
 FLOAT v;
}

template MeshTextureCoords {
 <f6f23f40-7686-11cf-8f52-0040333594a3>
 DWORD nTextureCoords;
 array Coords2d textureCoords[nTextureCoords];
}

template XSkinMeshHeader {
 <3cf169ce-ff7c-44ab-93c0-f78f62d172e2>
 WORD nMaxSkinWeightsPerVertex;
 WORD nMaxSkinWeightsPerFace;
 WORD nBones;
}

template SkinWeights {
 <6f0d123b-bad2-4167-a0d0-80224f25fabb>
 STRING transformNodeName;
 DWORD nWeights;
 array DWORD vertexIndices[nWeights];
 array FLOAT weights[nWeights];
 Matrix4x4 matrixOffset;
}

template AnimTicksPerSecond {
 <9e415a43-7ba6-4a73-8743-b73d47e88476>
 DWORD AnimTicksPerSecond;
}

template Animation {
 <3d82ab4f-62da-11cf-ab39-0020af71e433>
 [...]
}

template AnimationSet {
 <3d82ab50-62da-11cf-ab39-0020af71e433>
 [Animation <3d82ab4f-62da-11cf-ab39-0020af71e433>]
}

template FloatKeys {
 <10dd46a9-775b-11cf-8f52-0040333594a3>
 DWORD nValues;
 array FLOAT values[nValues];
}

template TimedFloatKeys {
 <f406b180-7b3b-11cf-8f52-0040333594a3>
 DWORD time;
 FloatKeys tfkeys;
}

template AnimationKey {
 <10dd46a8-775b-11cf-8f52-0040333594a3>
 DWORD keyType;
 DWORD nKeys;
 array TimedFloatKeys keys[nKeys];
}


Material Material__399 {
 1.000000;1.000000;1.000000;1.000000;;
 100.000000;
 0.200000;0.200000;0.200000;;
 0.000000;0.000000;0.000000;;

 TextureFilename {
  "Torso_Bone.png";
 }
}

Frame Dummy01 {
 

 FrameTransformMatrix {
  1.000000,0.000000,0.000000,0.000000,0.000000,-0.000000,-1.000000,0.000000,0.000000,1.000000,-0.000000,0.000000,0.000000,0.000000,0.000000,1.000000;;
 }

 Frame Bip01 {
  

  FrameTransformMatrix {
   -0.087155,0.982405,-0.165183,0.000000,-0.000001,0.165814,0.986157,0.000000,0.996195,0.085949,-0.014450,0.000000,-0.010000,-0.012284,0.490453,1.000000;;
  }

  Frame Bip01_Pelvis {
   

   FrameTransformMatrix {
    0.000000,1.000000,-0.000001,0.000000,-0.000001,0.000001,1.000000,0.000000,1.000000,0.000000,0.000001,0.000000,0.000000,0.000000,0.000000,1.000000;;
   }

   Frame Bip01_Spine {
    

    FrameTransformMatrix {
     0.984686,0.000002,-0.174337,0.000000,-0.000001,1.000000,0.000004,0.000000,0.174337,-0.000004,0.984686,0.000000,0.051619,0.000000,-0.000083,1.000000;;
    }

    Frame Bip01_Spine1 {
     

     FrameTransformMatrix {
      0.997819,0.052687,0.039774,0.000000,-0.044862,0.983198,-0.176942,0.000000,-0.048428,0.174771,0.983417,0.000000,0.106484,-0.000015,-0.000083,1.000000;;
     }

     Frame Bip01_Neck {
      

      FrameTransformMatrix {
       0.966067,-0.020835,0.257451,0.000000,0.025191,0.999590,-0.013632,0.000000,-0.257061,0.019655,0.966195,0.000000,0.130511,-0.000001,0.004626,1.000000;;
      }

      Frame Bip01_Head {
       

       FrameTransformMatrix {
        0.989321,-0.051753,-0.136255,0.000000,0.064251,0.993958,0.088989,0.000000,0.130826,-0.096793,0.986669,0.000000,0.033674,-0.000000,0.000000,1.000000;;
       }
      }

      Frame Bip01_L_Clavicle {
       

       FrameTransformMatrix {
        -0.205975,0.976135,0.068811,0.000000,0.943873,0.216738,-0.249254,0.000000,-0.258220,0.013609,-0.965990,0.000000,-0.024734,0.015166,0.002017,1.000000;;
       }

       Frame Bip01_L_UpperArm {
        

        FrameTransformMatrix {
         0.385871,-0.777669,0.496320,0.000000,0.922466,0.332598,-0.196046,0.000000,-0.012616,0.533487,0.845714,0.000000,0.073469,0.000000,-0.000000,1.000000;;
        }

        Frame Bip01_L_Forearm {
         

         FrameTransformMatrix {
          0.943939,0.000000,-0.330119,0.000000,0.000000,1.000000,-0.000000,0.000000,0.330119,-0.000000,0.943939,0.000000,0.148340,0.000000,-0.000000,1.000000;;
         }

         Frame Bip01_L_Hand {
          

          FrameTransformMatrix {
           1.000000,0.000000,0.000000,0.000000,0.000000,0.000796,1.000000,0.000000,0.000000,-1.000000,0.000796,0.000000,0.131860,-0.000000,0.000000,1.000000;;
          }

          Frame Bip01_L_Finger0 {
           

           FrameTransformMatrix {
            0.690342,-0.181727,0.700288,0.000000,0.558537,0.749101,-0.356210,0.000000,-0.459853,0.637043,0.618637,0.000000,0.057681,-0.023605,-0.000272,1.000000;;
           }
          }

          Frame Bip01_L_Finger1 {
           

           FrameTransformMatrix {
            0.728079,-0.000546,0.685493,0.000000,0.000000,1.000000,0.000796,0.000000,-0.685493,-0.000580,0.728079,0.000000,0.084102,0.000000,0.000000,1.000000;;
           }
          }
         }
        }
       }
      }

      Frame Bip01_R_Clavicle {
       

       FrameTransformMatrix {
        -0.028509,-0.999573,-0.006461,0.000000,-0.965665,0.025871,0.258498,0.000000,-0.258220,0.013609,-0.965990,0.000000,-0.024080,-0.016250,0.001399,1.000000;;
       }

       Frame Bip01_R_UpperArm {
        

        FrameTransformMatrix {
         0.221390,0.975047,0.016433,0.000000,-0.974986,0.221654,-0.016512,0.000000,-0.019742,-0.012366,0.999728,0.000000,0.073469,0.000000,-0.000000,1.000000;;
        }

        Frame Bip01_R_Forearm {
         

         FrameTransformMatrix {
          0.915660,0.000000,-0.401954,0.000000,-0.000000,1.000000,-0.000000,0.000000,0.401954,-0.000000,0.915660,0.000000,0.148340,0.000000,-0.000000,1.000000;;
         }

         Frame Bip01_R_Hand {
          

          FrameTransformMatrix {
           0.975195,-0.000000,-0.221346,0.000000,-0.221346,0.000796,-0.975195,0.000000,0.000176,1.000000,0.000777,0.000000,0.131860,0.000000,0.000000,1.000000;;
          }

          Frame Bip01_R_Finger0 {
           

           FrameTransformMatrix {
            0.417774,-0.116941,0.900994,0.000000,-0.558537,0.749101,0.356210,0.000000,-0.716591,-0.652054,0.247639,0.000000,0.057681,0.023605,-0.000272,1.000000;;
           }
          }

          Frame Bip01_R_Finger1 {
           

           FrameTransformMatrix {
            0.352436,0.000745,0.935835,0.000000,0.000000,1.000000,-0.000796,0.000000,-0.935836,0.000281,0.352436,0.000000,0.084102,0.000000,0.000000,1.000000;;
           }
          }
         }
        }
       }
      }
     }

     Frame Bip01_BackPack {
      

      FrameTransformMatrix {
       0.180560,0.080500,-0.980264,0.000000,0.047560,0.994764,0.090451,0.000000,0.982413,-0.062954,0.175786,0.000000,0.063697,0.000003,-0.088856,1.000000;;
      }
     }
    }

    Frame Bip01_L_Thigh {
     

     FrameTransformMatrix {
      -0.888504,0.030427,0.457858,0.000000,-0.032107,-0.999476,0.004114,0.000000,0.457744,-0.011045,0.889016,0.000000,-0.050843,0.055225,-0.008917,1.000000;;
     }

     Frame Bip01_L_Calf {
      

      FrameTransformMatrix {
       0.942235,-0.000000,-0.334952,0.000000,-0.000000,1.000000,-0.000000,0.000000,0.334952,0.000000,0.942235,0.000000,0.237500,0.000000,-0.000000,1.000000;;
      }

      Frame Bip01_L_Foot {
       

       FrameTransformMatrix {
        0.924325,-0.026487,0.380687,0.000000,-0.068962,0.969570,0.234901,0.000000,-0.375325,-0.243378,0.894371,0.000000,0.206841,0.000000,0.000000,1.000000;;
       }

       Frame Bip01_L_Toe0 {
        

        FrameTransformMatrix {
         0.000000,0.000000,1.000000,0.000000,0.000000,1.000000,-0.000000,0.000000,-1.000000,0.000000,0.000000,0.000000,0.065373,0.000000,0.066450,1.000000;;
        }
       }
      }
     }
    }

    Frame Bip01_R_Thigh {
     

     FrameTransformMatrix {
      -0.996965,0.030321,-0.071704,0.000000,-0.029454,-0.999480,-0.013113,0.000000,-0.072065,-0.010961,0.997340,0.000000,-0.050843,-0.055225,-0.008917,1.000000;;
     }

     Frame Bip01_R_Calf {
      

      FrameTransformMatrix {
       0.730239,0.000000,-0.683192,0.000000,0.000000,1.000000,0.000000,0.000000,0.683192,-0.000000,0.730239,0.000000,0.237500,0.000000,0.000000,1.000000;;
      }

      Frame Bip01_R_Foot {
       

       FrameTransformMatrix {
        0.991957,0.087165,-0.091782,0.000000,-0.093276,0.993546,-0.064539,0.000000,0.085565,0.072581,0.993685,0.000000,0.206841,0.000000,0.000000,1.000000;;
       }

       Frame Bip01_R_Toe0 {
        

        FrameTransformMatrix {
         0.000000,0.000000,1.000000,0.000000,0.000000,1.000000,-0.000000,0.000000,-1.000000,0.000000,0.000000,0.000000,0.065373,0.000000,0.066450,1.000000;;
        }
       }
      }
     }
    }
   }

   Frame Bip01_DressFront {
    

    FrameTransformMatrix {
     -0.880185,-0.088339,0.466338,0.000000,0.121847,0.907542,0.401896,0.000000,-0.458725,0.410564,-0.788041,0.000000,-0.043935,0.001339,0.061057,1.000000;;
    }

    Frame Bip01_DressFront02 {
     

     FrameTransformMatrix {
      0.912593,0.000001,0.408870,0.000000,-0.000001,1.000000,-0.000000,0.000000,-0.408870,-0.000000,0.912593,0.000000,0.183378,-0.000000,-0.000120,1.000000;;
     }
    }
   }

   Frame Bip01_DressBack {
    

    FrameTransformMatrix {
     -0.886023,0.038028,0.462080,0.000000,0.191624,0.937561,0.290274,0.000000,-0.422190,0.345735,-0.837988,0.000000,-0.047673,-0.000048,-0.078302,1.000000;;
    }

    Frame Bip01_DressBack02 {
     

     FrameTransformMatrix {
      0.936852,0.174932,-0.302833,0.000000,-0.166408,0.984581,0.053940,0.000000,0.307599,-0.000139,0.951516,0.000000,0.176125,0.000000,-0.000103,1.000000;;
     }
    }
   }
  }

  Frame Bip01_Prop1 {
   

   FrameTransformMatrix {
    -0.233929,-0.108090,0.966227,0.000000,0.687222,0.684611,0.242967,0.000000,-0.687752,0.720850,-0.085868,0.000000,0.104667,-0.055270,-0.126340,1.000000;;
   }
  }

  Frame Bip01_Prop2 {
   

   FrameTransformMatrix {
    -0.163643,-0.967062,0.194966,0.000000,0.985576,-0.168906,-0.010564,0.000000,0.043147,0.190425,0.980753,0.000000,-0.140709,-0.103585,0.102365,1.000000;;
   }
  }
 }
}

Frame Translation_Data {
 

 FrameTransformMatrix {
  1.000000,0.000000,0.000000,0.000000,0.000000,-0.000000,-1.000000,0.000000,0.000000,1.000000,-0.000000,0.000000,0.000000,0.000000,0.000000,1.000000;;
 }
}

Frame Kate_Bone_Torso_ALT {
 

 FrameTransformMatrix {
  1.000000,0.000000,-0.000000,0.000000,-0.000000,1.000000,0.000000,0.000000,0.000000,-0.000000,1.000000,0.000000,0.000000,0.000000,0.000000,1.000000;;
 }

 Mesh Kate_Bone_Torso_ALT {
  391;
  0.043963;0.754518;-0.032193;,
  0.031873;0.749088;-0.023415;,
  0.050894;0.749540;-0.026444;,
  0.029795;0.754929;-0.032316;,
  0.038334;0.756559;-0.040471;,
  -0.053878;0.741652;-0.033980;,
  -0.051097;0.738073;-0.026631;,
  -0.052120;0.747297;-0.024439;,
  -0.053800;0.750983;-0.035436;,
  -0.052834;0.745495;-0.040689;,
  -0.050981;0.735851;-0.041807;,
  -0.048951;0.729406;-0.030946;,
  0.046617;0.739891;-0.019676;,
  0.052503;0.741461;-0.027104;,
  0.049879;0.740921;-0.032417;,
  0.039378;0.746446;-0.043530;,
  0.030476;0.749553;-0.040856;,
  0.035789;0.741110;-0.040173;,
  0.039626;0.735301;-0.028621;,
  0.028459;0.740167;-0.022559;,
  0.026254;0.748531;-0.024335;,
  0.028978;0.736566;-0.029387;,
  0.027345;0.739821;-0.035894;,
  0.025067;0.747800;-0.037848;,
  0.024648;0.752260;-0.031604;,
  -0.032031;0.740075;-0.026635;,
  -0.032366;0.747285;-0.027738;,
  -0.031644;0.736192;-0.032159;,
  -0.032770;0.739738;-0.038698;,
  -0.033727;0.746708;-0.039449;,
  -0.033377;0.750527;-0.034441;,
  -0.044639;0.748033;-0.022513;,
  -0.045550;0.737202;-0.024105;,
  -0.042494;0.729012;-0.030512;,
  -0.046700;0.735306;-0.042553;,
  -0.049042;0.747349;-0.043376;,
  -0.046211;0.755027;-0.034605;,
  0.040803;0.668528;-0.057007;,
  0.042270;0.670096;-0.055228;,
  0.041911;0.669252;-0.055392;,
  0.040573;0.668987;-0.057703;,
  0.042270;0.670096;-0.055228;,
  0.040803;0.668528;-0.057007;,
  0.040573;0.668987;-0.057703;,
  0.043240;0.678629;-0.056552;,
  0.042270;0.670096;-0.055228;,
  0.043010;0.679088;-0.057247;,
  0.041543;0.677519;-0.059026;,
  0.041903;0.678363;-0.058862;,
  0.043240;0.678629;-0.056552;,
  0.041543;0.677519;-0.059026;,
  0.043010;0.679088;-0.057247;,
  0.040573;0.668987;-0.057703;,
  0.041543;0.677519;-0.059026;,
  0.043240;0.678629;-0.056552;,
  -0.044159;0.684912;-0.059635;,
  -0.044922;0.686758;-0.057831;,
  -0.044264;0.685813;-0.059476;,
  -0.044159;0.684912;-0.059635;,
  -0.045158;0.686347;-0.057137;,
  -0.044922;0.686758;-0.057831;,
  -0.044813;0.678352;-0.056958;,
  -0.045158;0.686347;-0.057137;,
  -0.044159;0.684912;-0.059635;,
  -0.044813;0.678352;-0.056958;,
  -0.045813;0.679786;-0.054459;,
  -0.045158;0.686347;-0.057137;,
  -0.044813;0.678352;-0.056958;,
  -0.045707;0.678885;-0.054618;,
  -0.045813;0.679786;-0.054459;,
  -0.045049;0.677941;-0.056263;,
  -0.045707;0.678885;-0.054618;,
  -0.044813;0.678352;-0.056958;,
  0.041543;0.677519;-0.059026;,
  0.010533;0.672396;-0.053729;,
  0.011392;0.681008;-0.057244;,
  0.040573;0.668987;-0.057703;,
  -0.023391;0.676198;-0.054384;,
  -0.022568;0.684445;-0.057750;,
  -0.044813;0.678352;-0.056958;,
  -0.044159;0.684912;-0.059635;,
  0.043010;0.679088;-0.057247;,
  0.011478;0.681888;-0.057065;,
  0.011451;0.682794;-0.055358;,
  0.041903;0.678363;-0.058862;,
  -0.022595;0.685334;-0.057579;,
  -0.022441;0.686219;-0.055868;,
  -0.044922;0.686758;-0.057831;,
  -0.044264;0.685813;-0.059476;,
  0.042270;0.670096;-0.055228;,
  0.011518;0.682361;-0.054652;,
  0.010659;0.673749;-0.051137;,
  0.043240;0.678629;-0.056552;,
  -0.022441;0.685798;-0.055158;,
  -0.023263;0.677551;-0.051793;,
  -0.045158;0.686347;-0.057137;,
  -0.045813;0.679786;-0.054459;,
  0.041911;0.669252;-0.055392;,
  0.010490;0.671979;-0.053021;,
  0.040803;0.668528;-0.057007;,
  0.010463;0.672882;-0.051313;,
  -0.023547;0.675790;-0.053683;,
  -0.023393;0.676675;-0.051973;,
  -0.045707;0.678885;-0.054618;,
  -0.045049;0.677941;-0.056263;,
  0.030899;0.755970;-0.022392;,
  0.039799;0.751788;-0.025680;,
  0.041620;0.752419;-0.022719;,
  0.043246;0.754526;-0.013245;,
  0.036341;0.757453;-0.009954;,
  0.033032;0.758773;-0.009925;,
  0.041265;0.763787;-0.023946;,
  0.039422;0.763140;-0.026908;,
  0.042883;0.765872;-0.014469;,
  0.036109;0.766087;-0.010405;,
  0.032372;0.763182;-0.012895;,
  -0.045021;0.766913;-0.019158;,
  -0.046229;0.760808;-0.012543;,
  -0.044403;0.767547;-0.013735;,
  -0.045962;0.759326;-0.020170;,
  0.030789;0.762331;-0.022527;,
  -0.033868;0.757385;-0.014629;,
  -0.033589;0.756306;-0.019851;,
  -0.032789;0.761893;-0.013916;,
  -0.032870;0.762052;-0.020343;,
  -0.046229;0.760808;-0.012543;,
  -0.045962;0.759326;-0.020170;,
  -0.044403;0.767547;-0.013735;,
  -0.045021;0.766913;-0.019158;,
  0.055677;0.724052;-0.058700;,
  0.053375;0.714728;-0.056751;,
  0.048032;0.724002;-0.057653;,
  0.053936;0.731211;-0.052980;,
  0.059401;0.722129;-0.052223;,
  0.045384;0.722718;-0.052995;,
  0.050934;0.712568;-0.051543;,
  0.051320;0.729940;-0.047385;,
  0.057262;0.724863;-0.046137;,
  0.057253;0.716305;-0.048352;,
  -0.056855;0.719167;-0.048014;,
  -0.054019;0.716677;-0.057448;,
  -0.053539;0.712975;-0.049545;,
  -0.057279;0.725179;-0.053827;,
  -0.057459;0.725308;-0.046853;,
  -0.056336;0.720502;-0.039183;,
  -0.052841;0.710662;-0.040710;,
  0.042938;0.721786;-0.050890;,
  0.045354;0.709005;-0.045105;,
  0.055919;0.711218;-0.041946;,
  0.056388;0.722510;-0.039123;,
  0.046708;0.728195;-0.040982;,
  0.049364;0.713034;-0.036377;,
  0.049719;0.721336;-0.034838;,
  0.037383;0.711748;-0.045004;,
  0.037192;0.718433;-0.050275;,
  0.038523;0.714295;-0.037973;,
  0.038919;0.721111;-0.036527;,
  0.038803;0.727566;-0.041436;,
  0.037739;0.726025;-0.048588;,
  -0.040698;0.718076;-0.047440;,
  -0.041375;0.722747;-0.051981;,
  -0.041535;0.719134;-0.041455;,
  -0.043751;0.724927;-0.040224;,
  -0.044721;0.729316;-0.044872;,
  -0.043565;0.728515;-0.050556;,
  -0.048543;0.716568;-0.058696;,
  -0.049328;0.711507;-0.050111;,
  -0.048335;0.710692;-0.040477;,
  -0.053696;0.720923;-0.038348;,
  -0.055542;0.728005;-0.046499;,
  -0.051940;0.727433;-0.056756;,
  0.048585;0.703705;-0.044878;,
  0.046405;0.708776;-0.051809;,
  0.041651;0.703193;-0.045442;,
  0.046915;0.695459;-0.044300;,
  0.051784;0.701001;-0.050455;,
  0.039138;0.701247;-0.049278;,
  0.044061;0.707077;-0.056549;,
  0.044408;0.692933;-0.048753;,
  0.049719;0.695494;-0.052808;,
  0.049716;0.702561;-0.056541;,
  -0.053635;0.701619;-0.051411;,
  -0.050058;0.708134;-0.046012;,
  -0.050834;0.706979;-0.053791;,
  -0.052940;0.699988;-0.044051;,
  -0.053969;0.696422;-0.049152;,
  -0.054205;0.696202;-0.057392;,
  -0.051453;0.704308;-0.061605;,
  0.036871;0.700617;-0.051197;,
  0.038843;0.705605;-0.062897;,
  0.048327;0.702075;-0.063888;,
  0.048746;0.692805;-0.058906;,
  0.040076;0.690256;-0.053993;,
  0.042278;0.697549;-0.066359;,
  0.042609;0.691061;-0.062339;,
  0.031652;0.703807;-0.061121;,
  0.031644;0.702552;-0.053526;,
  0.032526;0.697809;-0.064291;,
  0.032888;0.692370;-0.061113;,
  0.032938;0.691048;-0.053901;,
  0.032141;0.696446;-0.050041;,
  -0.039097;0.701672;-0.053593;,
  -0.039572;0.701325;-0.047701;,
  -0.039992;0.697331;-0.056928;,
  -0.041992;0.692738;-0.054174;,
  -0.042732;0.692647;-0.048375;,
  -0.041554;0.696630;-0.045092;,
  -0.045015;0.708718;-0.045884;,
  -0.047084;0.708277;-0.054670;,
  -0.047454;0.704072;-0.062378;,
  -0.051927;0.695411;-0.058165;,
  -0.052146;0.694169;-0.048341;,
  -0.047022;0.699466;-0.044341;,
  -0.032272;0.771545;0.000349;,
  -0.030797;0.768076;-0.004384;,
  -0.027535;0.771876;-0.000036;,
  -0.031110;0.777171;0.000744;,
  -0.034449;0.773400;-0.003460;,
  -0.025815;0.773198;-0.002656;,
  -0.029192;0.769230;-0.007621;,
  -0.029391;0.778889;-0.002298;,
  -0.033025;0.777154;-0.005066;,
  -0.033041;0.772329;-0.007615;,
  0.037536;0.772701;-0.004113;,
  0.035077;0.768262;-0.000426;,
  0.035609;0.769048;-0.005738;,
  0.037066;0.773817;0.000913;,
  0.037778;0.776250;-0.002570;,
  0.037940;0.776399;-0.008197;,
  0.036039;0.770870;-0.011073;,
  -0.024265;0.773622;-0.003966;,
  -0.025624;0.770221;-0.011956;,
  -0.032091;0.772657;-0.012633;,
  -0.032353;0.778988;-0.009231;,
  -0.026426;0.780706;-0.005876;,
  -0.027949;0.775732;-0.014320;,
  -0.028158;0.780163;-0.011575;,
  -0.020709;0.771430;-0.010743;,
  -0.020701;0.772287;-0.005557;,
  -0.021291;0.775528;-0.012908;,
  -0.021523;0.779243;-0.010738;,
  -0.021554;0.780147;-0.005813;,
  -0.021024;0.776459;-0.003177;,
  0.027609;0.772703;-0.005602;,
  0.027934;0.772939;-0.001579;,
  0.028231;0.775665;-0.007880;,
  0.029609;0.778796;-0.005999;,
  0.030114;0.778857;-0.002039;,
  0.029299;0.776140;0.000203;,
  0.031631;0.767876;-0.000338;,
  0.033045;0.768172;-0.006338;,
  0.033309;0.771042;-0.011601;,
  0.036386;0.776945;-0.008724;,
  0.036539;0.777792;-0.002016;,
  0.033026;0.774188;0.000715;,
  0.015692;0.776582;-0.004626;,
  0.019257;0.789988;0.010753;,
  0.023157;0.789164;0.009690;,
  0.011791;0.777406;-0.003562;,
  0.019238;0.788036;0.012197;,
  0.011773;0.775454;-0.002118;,
  0.023138;0.787212;0.011133;,
  0.015673;0.774630;-0.003182;,
  0.027934;0.798864;0.022534;,
  0.031425;0.797507;0.020804;,
  0.027876;0.796899;0.023959;,
  0.031367;0.795542;0.022228;,
  0.036834;0.809314;0.039922;,
  0.040189;0.808619;0.040199;,
  0.036415;0.806928;0.040078;,
  0.039770;0.806233;0.040355;,
  0.040189;0.808619;0.040199;,
  0.029338;0.809310;0.061446;,
  0.031552;0.809509;0.063902;,
  0.036834;0.809314;0.039922;,
  0.029265;0.806917;0.061845;,
  0.036415;0.806928;0.040078;,
  0.031480;0.807116;0.064300;,
  0.039770;0.806233;0.040355;,
  0.000038;0.809680;0.067149;,
  0.000038;0.809879;0.070149;,
  0.000038;0.807286;0.067242;,
  0.000038;0.807485;0.070241;,
  -0.019866;0.777349;-0.006321;,
  -0.022741;0.789095;0.010466;,
  -0.015966;0.778173;-0.005257;,
  -0.026641;0.788271;0.009403;,
  -0.022722;0.787143;0.011910;,
  -0.015947;0.776221;-0.003814;,
  -0.026622;0.786319;0.010846;,
  -0.019847;0.775397;-0.004877;,
  -0.030211;0.798838;0.023368;,
  -0.033701;0.797480;0.021637;,
  -0.030153;0.796873;0.024792;,
  -0.033643;0.795515;0.023061;,
  -0.036713;0.809314;0.039922;,
  -0.040084;0.808619;0.040199;,
  -0.036294;0.806928;0.040078;,
  -0.039664;0.806233;0.040355;,
  -0.040084;0.808619;0.040199;,
  -0.029055;0.809310;0.061666;,
  -0.036713;0.809314;0.039922;,
  -0.031109;0.809509;0.064400;,
  -0.028983;0.806917;0.062065;,
  -0.036294;0.806928;0.040078;,
  -0.031037;0.807116;0.064798;,
  -0.039664;0.806233;0.040355;,
  0.000038;0.809680;0.067149;,
  0.000038;0.809879;0.070149;,
  0.000038;0.807286;0.067242;,
  0.000038;0.807485;0.070241;,
  -0.019307;0.760257;-0.019687;,
  -0.015181;0.775090;-0.010096;,
  -0.015181;0.760257;-0.019687;,
  -0.019307;0.775090;-0.010096;,
  -0.015181;0.774076;-0.007890;,
  -0.015181;0.759244;-0.017481;,
  -0.019307;0.774076;-0.007890;,
  -0.019307;0.759244;-0.017481;,
  -0.022804;0.745975;-0.034088;,
  -0.014921;0.759541;-0.019807;,
  -0.018835;0.746098;-0.035204;,
  -0.018891;0.759419;-0.018690;,
  -0.014443;0.757690;-0.018311;,
  -0.018357;0.744246;-0.033709;,
  -0.018413;0.757567;-0.017195;,
  -0.022326;0.744123;-0.032593;,
  -0.029814;0.724641;-0.047935;,
  -0.021930;0.742506;-0.037906;,
  -0.025844;0.724307;-0.049007;,
  -0.025900;0.742840;-0.036833;,
  -0.021452;0.741407;-0.035794;,
  -0.025366;0.723208;-0.046896;,
  -0.025422;0.741741;-0.034722;,
  -0.029336;0.723542;-0.045824;,
  -0.026703;0.699196;-0.051625;,
  -0.025373;0.720256;-0.049424;,
  -0.022738;0.699851;-0.052558;,
  -0.029338;0.719600;-0.048490;,
  -0.024777;0.719974;-0.047088;,
  -0.022142;0.699569;-0.050222;,
  -0.028741;0.719319;-0.046154;,
  -0.026106;0.698914;-0.049289;,
  -0.026704;0.682165;-0.056097;,
  -0.021617;0.694244;-0.054560;,
  -0.022594;0.681828;-0.055972;,
  -0.025727;0.694581;-0.054685;,
  -0.021712;0.693977;-0.052149;,
  -0.022689;0.681561;-0.053561;,
  -0.025822;0.694314;-0.052274;,
  -0.026799;0.681898;-0.053686;,
  0.014412;0.679375;-0.056129;,
  0.019567;0.692410;-0.056598;,
  0.018522;0.679062;-0.055952;,
  0.015457;0.692723;-0.056776;,
  0.019472;0.692535;-0.054176;,
  0.018427;0.679187;-0.053529;,
  0.015362;0.692848;-0.054353;,
  0.014317;0.679500;-0.053707;,
  0.015610;0.700372;-0.054378;,
  0.021678;0.720160;-0.049715;,
  0.019616;0.700234;-0.055355;,
  0.017672;0.720298;-0.048738;,
  0.022206;0.719464;-0.047450;,
  0.020144;0.699538;-0.053090;,
  0.018200;0.719602;-0.046473;,
  0.016138;0.699676;-0.052113;,
  0.017060;0.725725;-0.047255;,
  0.020480;0.743061;-0.035441;,
  0.021176;0.725748;-0.046987;,
  0.016364;0.743039;-0.035710;,
  0.020346;0.741936;-0.033294;,
  0.021043;0.724623;-0.044840;,
  0.016230;0.741913;-0.033563;,
  0.016926;0.724600;-0.045108;,
  0.015390;0.746288;-0.035268;,
  0.017738;0.761040;-0.020202;,
  0.019491;0.746733;-0.035214;,
  0.013636;0.760594;-0.020256;,
  0.017905;0.759297;-0.018521;,
  0.019658;0.744990;-0.033533;,
  0.013804;0.758851;-0.018575;,
  0.015557;0.744544;-0.033587;,
  0.015127;0.760037;-0.019605;,
  0.015834;0.774824;-0.006078;,
  0.019169;0.760863;-0.019532;,
  0.011792;0.773998;-0.006151;,
  0.016084;0.773426;-0.004109;,
  0.019419;0.759465;-0.017563;,
  0.012042;0.772600;-0.004182;,
  0.015378;0.758639;-0.017636;;
  566;
  3;0,1,2;,
  3;0,3,1;,
  3;0,4,3;,
  3;5,6,7;,
  3;5,7,8;,
  3;5,8,9;,
  3;5,9,10;,
  3;5,10,11;,
  3;5,11,6;,
  3;1,12,2;,
  3;2,12,13;,
  3;14,15,0;,
  3;4,15,16;,
  3;15,4,0;,
  3;4,16,3;,
  3;14,17,15;,
  3;17,14,18;,
  3;15,17,16;,
  3;1,19,12;,
  3;19,1,20;,
  3;12,21,18;,
  3;21,12,19;,
  3;18,22,17;,
  3;22,18,21;,
  3;17,23,16;,
  3;23,17,22;,
  3;16,24,3;,
  3;24,16,23;,
  3;3,20,1;,
  3;20,3,24;,
  3;20,25,19;,
  3;25,20,26;,
  3;19,27,21;,
  3;27,19,25;,
  3;21,28,22;,
  3;28,21,27;,
  3;22,29,23;,
  3;29,22,28;,
  3;23,30,24;,
  3;30,23,29;,
  3;24,26,20;,
  3;26,24,30;,
  3;31,25,26;,
  3;25,31,32;,
  3;25,33,27;,
  3;33,25,32;,
  3;27,34,28;,
  3;34,27,33;,
  3;28,35,29;,
  3;35,28,34;,
  3;29,36,30;,
  3;36,29,35;,
  3;30,31,26;,
  3;31,30,36;,
  3;35,8,36;,
  3;36,7,31;,
  3;7,36,8;,
  3;31,7,32;,
  3;32,11,33;,
  3;11,32,6;,
  3;33,10,34;,
  3;10,33,11;,
  3;34,9,35;,
  3;9,34,10;,
  3;35,9,8;,
  3;7,6,32;,
  3;14,2,13;,
  3;2,14,0;,
  3;13,18,14;,
  3;18,13,12;,
  3;37,38,39;,
  3;40,41,42;,
  3;43,44,45;,
  3;46,47,48;,
  3;49,50,51;,
  3;52,53,54;,
  3;55,56,57;,
  3;58,59,60;,
  3;61,62,63;,
  3;64,65,66;,
  3;67,68,69;,
  3;70,71,72;,
  3;73,74,75;,
  3;74,73,76;,
  3;75,77,78;,
  3;77,75,74;,
  3;78,79,80;,
  3;79,78,77;,
  3;81,82,83;,
  3;82,81,84;,
  3;83,85,86;,
  3;85,83,82;,
  3;85,87,86;,
  3;87,85,88;,
  3;89,90,91;,
  3;90,89,92;,
  3;91,93,94;,
  3;93,91,90;,
  3;94,95,96;,
  3;95,94,93;,
  3;97,98,99;,
  3;98,97,100;,
  3;100,101,98;,
  3;101,100,102;,
  3;101,103,104;,
  3;103,101,102;,
  3;75,84,73;,
  3;84,75,82;,
  3;76,98,74;,
  3;98,76,99;,
  3;78,82,75;,
  3;82,78,85;,
  3;74,101,77;,
  3;101,74,98;,
  3;80,85,78;,
  3;85,80,88;,
  3;77,104,79;,
  3;104,77,101;,
  3;91,97,89;,
  3;97,91,100;,
  3;92,83,90;,
  3;83,92,81;,
  3;94,100,91;,
  3;100,94,102;,
  3;90,86,93;,
  3;86,90,83;,
  3;96,102,94;,
  3;102,96,103;,
  3;93,87,95;,
  3;87,93,86;,
  3;105,106,107;,
  3;105,107,108;,
  3;105,108,109;,
  3;105,109,110;,
  3;111,106,112;,
  3;106,111,107;,
  3;113,107,111;,
  3;107,113,108;,
  3;114,108,113;,
  3;108,114,109;,
  3;114,110,109;,
  3;110,114,115;,
  3;116,117,118;,
  3;117,116,119;,
  3;112,105,120;,
  3;105,112,106;,
  3;120,115,114;,
  3;105,121,122;,
  3;121,105,110;,
  3;110,123,121;,
  3;123,110,115;,
  3;115,124,123;,
  3;124,115,120;,
  3;120,122,124;,
  3;122,120,105;,
  3;122,125,126;,
  3;125,122,121;,
  3;121,127,125;,
  3;127,121,123;,
  3;123,128,127;,
  3;128,123,124;,
  3;124,126,128;,
  3;126,124,122;,
  3;114,112,120;,
  3;114,111,112;,
  3;113,111,114;,
  3;129,130,131;,
  3;129,131,132;,
  3;129,132,133;,
  3;129,133,130;,
  3;134,130,135;,
  3;130,134,131;,
  3;136,131,134;,
  3;131,136,132;,
  3;137,132,136;,
  3;132,137,133;,
  3;133,137,138;,
  3;135,133,138;,
  3;133,135,130;,
  3;139,140,141;,
  3;139,142,140;,
  3;139,143,142;,
  3;139,144,143;,
  3;139,145,144;,
  3;139,141,145;,
  3;146,135,147;,
  3;135,146,134;,
  3;135,148,147;,
  3;148,135,138;,
  3;138,149,148;,
  3;149,138,137;,
  3;137,150,149;,
  3;150,137,136;,
  3;136,146,150;,
  3;146,136,134;,
  3;147,148,151;,
  3;148,152,151;,
  3;152,148,149;,
  3;149,150,152;,
  3;146,153,154;,
  3;153,146,147;,
  3;147,155,153;,
  3;155,147,151;,
  3;151,156,155;,
  3;156,151,152;,
  3;152,157,156;,
  3;157,152,150;,
  3;150,158,157;,
  3;158,150,146;,
  3;158,146,154;,
  3;154,159,160;,
  3;159,154,153;,
  3;153,161,159;,
  3;161,153,155;,
  3;155,162,161;,
  3;162,155,156;,
  3;156,163,162;,
  3;163,156,157;,
  3;157,164,163;,
  3;164,157,158;,
  3;158,160,164;,
  3;160,158,154;,
  3;165,159,166;,
  3;159,165,160;,
  3;159,167,166;,
  3;167,159,161;,
  3;161,168,167;,
  3;168,161,162;,
  3;162,169,168;,
  3;169,162,163;,
  3;163,170,169;,
  3;170,163,164;,
  3;164,165,170;,
  3;165,164,160;,
  3;169,170,142;,
  3;170,140,142;,
  3;140,170,165;,
  3;165,166,140;,
  3;166,145,141;,
  3;145,166,167;,
  3;167,144,145;,
  3;144,167,168;,
  3;168,143,144;,
  3;143,168,169;,
  3;169,142,143;,
  3;140,166,141;,
  3;171,172,173;,
  3;171,173,174;,
  3;171,174,175;,
  3;171,175,172;,
  3;176,172,177;,
  3;172,176,173;,
  3;178,173,176;,
  3;173,178,174;,
  3;179,174,178;,
  3;174,179,175;,
  3;175,179,180;,
  3;177,175,180;,
  3;175,177,172;,
  3;181,182,183;,
  3;181,184,182;,
  3;181,185,184;,
  3;181,186,185;,
  3;181,187,186;,
  3;181,183,187;,
  3;188,177,189;,
  3;177,188,176;,
  3;177,190,189;,
  3;190,177,180;,
  3;180,191,190;,
  3;191,180,179;,
  3;179,192,191;,
  3;192,179,178;,
  3;178,188,192;,
  3;188,178,176;,
  3;189,190,193;,
  3;190,194,193;,
  3;194,190,191;,
  3;191,192,194;,
  3;188,195,196;,
  3;195,188,189;,
  3;189,197,195;,
  3;197,189,193;,
  3;193,198,197;,
  3;198,193,194;,
  3;194,199,198;,
  3;199,194,192;,
  3;192,200,199;,
  3;200,192,188;,
  3;200,188,196;,
  3;196,201,202;,
  3;201,196,195;,
  3;195,203,201;,
  3;203,195,197;,
  3;197,204,203;,
  3;204,197,198;,
  3;198,205,204;,
  3;205,198,199;,
  3;199,206,205;,
  3;206,199,200;,
  3;200,202,206;,
  3;202,200,196;,
  3;207,201,208;,
  3;201,207,202;,
  3;201,209,208;,
  3;209,201,203;,
  3;203,210,209;,
  3;210,203,204;,
  3;204,211,210;,
  3;211,204,205;,
  3;205,212,211;,
  3;212,205,206;,
  3;206,207,212;,
  3;207,206,202;,
  3;211,212,184;,
  3;212,182,184;,
  3;182,212,207;,
  3;207,208,182;,
  3;208,187,183;,
  3;187,208,209;,
  3;209,186,187;,
  3;186,209,210;,
  3;210,185,186;,
  3;185,210,211;,
  3;211,184,185;,
  3;182,208,183;,
  3;213,214,215;,
  3;213,215,216;,
  3;213,216,217;,
  3;213,217,214;,
  3;218,214,219;,
  3;214,218,215;,
  3;220,215,218;,
  3;215,220,216;,
  3;221,216,220;,
  3;216,221,217;,
  3;217,221,222;,
  3;219,217,222;,
  3;217,219,214;,
  3;223,224,225;,
  3;223,226,224;,
  3;223,227,226;,
  3;223,228,227;,
  3;223,229,228;,
  3;223,225,229;,
  3;230,219,231;,
  3;219,230,218;,
  3;219,232,231;,
  3;232,219,222;,
  3;222,233,232;,
  3;233,222,221;,
  3;221,234,233;,
  3;234,221,220;,
  3;220,230,234;,
  3;230,220,218;,
  3;231,232,235;,
  3;232,236,235;,
  3;236,232,233;,
  3;233,234,236;,
  3;230,237,238;,
  3;237,230,231;,
  3;231,239,237;,
  3;239,231,235;,
  3;235,240,239;,
  3;240,235,236;,
  3;236,241,240;,
  3;241,236,234;,
  3;234,242,241;,
  3;242,234,230;,
  3;242,230,238;,
  3;238,243,244;,
  3;243,238,237;,
  3;237,245,243;,
  3;245,237,239;,
  3;239,246,245;,
  3;246,239,240;,
  3;240,247,246;,
  3;247,240,241;,
  3;241,248,247;,
  3;248,241,242;,
  3;242,244,248;,
  3;244,242,238;,
  3;249,243,250;,
  3;243,249,244;,
  3;243,251,250;,
  3;251,243,245;,
  3;245,252,251;,
  3;252,245,246;,
  3;246,253,252;,
  3;253,246,247;,
  3;247,254,253;,
  3;254,247,248;,
  3;248,249,254;,
  3;249,248,244;,
  3;253,254,226;,
  3;254,224,226;,
  3;224,254,249;,
  3;249,250,224;,
  3;250,229,225;,
  3;229,250,251;,
  3;251,228,229;,
  3;228,251,252;,
  3;252,227,228;,
  3;227,252,253;,
  3;253,226,227;,
  3;224,250,225;,
  3;255,256,257;,
  3;256,255,258;,
  3;258,259,256;,
  3;259,258,260;,
  3;260,261,259;,
  3;261,260,262;,
  3;262,257,261;,
  3;257,262,255;,
  3;257,263,264;,
  3;263,257,256;,
  3;256,265,263;,
  3;265,256,259;,
  3;259,266,265;,
  3;266,259,261;,
  3;261,264,266;,
  3;264,261,257;,
  3;264,267,268;,
  3;267,264,263;,
  3;263,269,267;,
  3;269,263,265;,
  3;265,270,269;,
  3;270,265,266;,
  3;266,268,270;,
  3;268,266,264;,
  3;271,272,273;,
  3;272,271,274;,
  3;274,275,272;,
  3;275,274,276;,
  3;276,277,275;,
  3;277,276,278;,
  3;278,273,277;,
  3;273,278,271;,
  3;273,279,280;,
  3;279,273,272;,
  3;272,281,279;,
  3;281,272,275;,
  3;275,282,281;,
  3;282,275,277;,
  3;277,280,282;,
  3;280,277,273;,
  3;283,284,285;,
  3;284,283,286;,
  3;285,287,288;,
  3;287,285,284;,
  3;288,289,290;,
  3;289,288,287;,
  3;290,286,283;,
  3;286,290,289;,
  3;286,291,284;,
  3;291,286,292;,
  3;284,293,287;,
  3;293,284,291;,
  3;287,294,289;,
  3;294,287,293;,
  3;289,292,286;,
  3;292,289,294;,
  3;292,295,291;,
  3;295,292,296;,
  3;291,297,293;,
  3;297,291,295;,
  3;293,298,294;,
  3;298,293,297;,
  3;294,296,292;,
  3;296,294,298;,
  3;299,300,301;,
  3;300,299,302;,
  3;301,303,304;,
  3;303,301,300;,
  3;304,305,306;,
  3;305,304,303;,
  3;306,302,299;,
  3;302,306,305;,
  3;302,307,300;,
  3;307,302,308;,
  3;300,309,303;,
  3;309,300,307;,
  3;303,310,305;,
  3;310,303,309;,
  3;305,308,302;,
  3;308,305,310;,
  3;311,312,313;,
  3;312,311,314;,
  3;313,315,316;,
  3;315,313,312;,
  3;316,317,318;,
  3;317,316,315;,
  3;318,314,311;,
  3;314,318,317;,
  3;319,320,321;,
  3;320,319,322;,
  3;321,323,324;,
  3;323,321,320;,
  3;324,325,326;,
  3;325,324,323;,
  3;326,322,319;,
  3;322,326,325;,
  3;327,328,329;,
  3;328,327,330;,
  3;329,331,332;,
  3;331,329,328;,
  3;332,333,334;,
  3;333,332,331;,
  3;334,330,327;,
  3;330,334,333;,
  3;335,336,337;,
  3;336,335,338;,
  3;337,339,340;,
  3;339,337,336;,
  3;340,341,342;,
  3;341,340,339;,
  3;342,338,335;,
  3;338,342,341;,
  3;343,344,345;,
  3;344,343,346;,
  3;345,347,348;,
  3;347,345,344;,
  3;348,349,350;,
  3;349,348,347;,
  3;350,346,343;,
  3;346,350,349;,
  3;351,352,353;,
  3;352,351,354;,
  3;353,355,356;,
  3;355,353,352;,
  3;356,357,358;,
  3;357,356,355;,
  3;358,354,351;,
  3;354,358,357;,
  3;359,360,361;,
  3;360,359,362;,
  3;361,363,364;,
  3;363,361,360;,
  3;364,365,366;,
  3;365,364,363;,
  3;366,362,359;,
  3;362,366,365;,
  3;367,368,369;,
  3;368,367,370;,
  3;369,371,372;,
  3;371,369,368;,
  3;372,373,374;,
  3;373,372,371;,
  3;374,370,367;,
  3;370,374,373;,
  3;375,376,377;,
  3;376,375,378;,
  3;377,379,380;,
  3;379,377,376;,
  3;380,381,382;,
  3;381,380,379;,
  3;382,378,375;,
  3;378,382,381;,
  3;383,384,385;,
  3;384,383,386;,
  3;385,387,388;,
  3;387,385,384;,
  3;388,389,390;,
  3;389,388,387;,
  3;390,386,383;,
  3;386,390,389;;

  MeshNormals {
   391;
   0.529130;0.848456;0.011991;,
   -0.086021;0.556366;0.826473;,
   0.748426;0.615081;0.248060;,
   -0.313437;0.945752;0.085498;,
   0.189615;0.803424;-0.564407;,
   -0.985161;-0.170085;0.022990;,
   -0.738575;-0.338142;0.583238;,
   -0.666207;0.301624;0.682050;,
   -0.804846;0.580501;-0.123459;,
   -0.814590;0.076145;-0.575017;,
   -0.592316;-0.434231;-0.678679;,
   -0.479302;-0.863262;0.158269;,
   0.358061;-0.356321;0.863034;,
   0.934683;-0.349247;0.066294;,
   0.733263;-0.412044;-0.540874;,
   0.294450;-0.104224;-0.949967;,
   -0.473427;0.235429;-0.848787;,
   -0.057377;-0.664295;-0.745266;,
   0.089973;-0.995915;0.007636;,
   -0.107243;-0.444400;0.889386;,
   -0.145128;0.557483;0.817405;,
   -0.053981;-0.998415;0.015939;,
   -0.113737;-0.688721;-0.716050;,
   -0.276098;0.279088;-0.919717;,
   -0.260369;0.965328;-0.018718;,
   0.194404;-0.354862;0.914483;,
   0.147172;0.624511;0.767024;,
   0.287843;-0.957673;0.002829;,
   0.214375;-0.494082;-0.842571;,
   0.164275;0.386778;-0.907423;,
   0.156879;0.981255;-0.111931;,
   0.042642;0.441930;0.896035;,
   -0.079963;-0.389019;0.917753;,
   0.233923;-0.955797;0.178134;,
   0.042189;-0.532600;-0.845315;,
   -0.203442;0.347936;-0.915179;,
   -0.043075;0.995105;-0.088946;,
   0.846191;-0.271500;-0.458529;,
   0.846191;-0.271500;-0.458529;,
   0.846191;-0.271500;-0.458529;,
   0.846194;-0.271531;-0.458504;,
   0.846194;-0.271531;-0.458504;,
   0.846194;-0.271531;-0.458504;,
   0.846804;-0.174174;-0.502580;,
   0.846804;-0.174174;-0.502580;,
   0.846804;-0.174174;-0.502580;,
   0.846193;-0.271493;-0.458529;,
   0.846193;-0.271493;-0.458529;,
   0.846193;-0.271493;-0.458529;,
   0.846197;-0.271527;-0.458501;,
   0.846197;-0.271527;-0.458501;,
   0.846197;-0.271527;-0.458501;,
   0.846796;-0.174170;-0.502595;,
   0.846796;-0.174170;-0.502595;,
   0.846796;-0.174170;-0.502595;,
   -0.936627;-0.048341;-0.346977;,
   -0.936627;-0.048341;-0.346977;,
   -0.936627;-0.048341;-0.346977;,
   -0.936614;-0.048294;-0.347019;,
   -0.936614;-0.048294;-0.347019;,
   -0.936614;-0.048294;-0.347019;,
   -0.936606;-0.048242;-0.347046;,
   -0.936606;-0.048242;-0.347046;,
   -0.936606;-0.048242;-0.347047;,
   -0.936619;-0.048242;-0.347014;,
   -0.936619;-0.048242;-0.347014;,
   -0.936619;-0.048242;-0.347014;,
   -0.936618;-0.048238;-0.347016;,
   -0.936618;-0.048238;-0.347016;,
   -0.936618;-0.048238;-0.347016;,
   -0.936620;-0.048297;-0.347003;,
   -0.936620;-0.048297;-0.347003;,
   -0.936620;-0.048297;-0.347003;,
   -0.082880;0.028193;-0.996161;,
   -0.101917;-0.644791;-0.757534;,
   -0.031832;-0.089778;-0.995453;,
   -0.170892;-0.566586;-0.806087;,
   -0.018558;-0.656327;-0.754248;,
   0.044188;-0.092593;-0.994723;,
   0.023967;-0.659514;-0.751310;,
   0.084668;-0.097034;-0.991673;,
   0.124614;0.977176;0.172044;,
   0.048127;0.603681;-0.795772;,
   0.108553;0.993360;0.038121;,
   0.036654;0.686743;-0.725976;,
   0.078386;0.606067;-0.791542;,
   0.059573;0.997521;0.037467;,
   0.014602;0.994859;0.100208;,
   0.081532;0.630041;-0.772270;,
   0.096893;-0.003502;0.995289;,
   0.101665;0.634083;0.766552;,
   0.066184;0.083909;0.994273;,
   0.110900;0.509168;0.853492;,
   0.003901;0.654456;0.756090;,
   -0.056331;0.100125;0.993379;,
   -0.051489;0.637739;0.768530;,
   -0.104351;0.125312;0.986614;,
   0.046866;-0.542541;0.838721;,
   -0.110921;-0.993826;-0.002402;,
   -0.105387;-0.992736;0.058039;,
   -0.026810;-0.591243;0.806048;,
   -0.104054;-0.994502;-0.011756;,
   -0.117187;-0.582099;0.804629;,
   -0.152115;-0.532996;0.832332;,
   -0.103314;-0.994175;0.030702;,
   -0.316505;-0.772840;-0.550040;,
   0.167727;-0.791014;-0.588357;,
   0.621774;-0.778879;-0.082125;,
   0.635502;-0.614706;0.467198;,
   0.009338;-0.547711;0.836616;,
   -0.241797;-0.381073;0.892366;,
   0.663859;0.643973;-0.380250;,
   0.192945;0.490843;-0.849615;,
   0.688121;0.688000;0.230536;,
   -0.097303;0.751552;0.652459;,
   -0.446188;0.790722;0.419137;,
   -0.979589;0.200904;0.006547;,
   -0.981780;0.189980;-0.003938;,
   -0.958819;0.273328;0.077193;,
   -0.989595;0.130756;-0.060034;,
   -0.261937;0.668267;-0.696282;,
   -0.093189;-0.714966;0.692921;,
   -0.096674;-0.818069;-0.566937;,
   0.081099;0.582632;0.808680;,
   0.100940;0.628116;-0.771545;,
   -0.004289;-0.527601;0.849481;,
   -0.214373;-0.697617;-0.683648;,
   0.426395;0.725520;0.540192;,
   0.269251;0.717103;-0.642858;,
   0.449550;0.201350;-0.870266;,
   0.169966;-0.748439;-0.641055;,
   -0.621388;0.220215;-0.751919;,
   0.166766;0.957489;-0.235381;,
   0.989975;-0.018356;-0.140042;,
   -0.788204;0.209443;-0.578678;,
   0.003401;-0.813263;-0.581886;,
   -0.066811;0.978029;0.197475;,
   0.841589;0.450868;0.297399;,
   0.884165;-0.424982;-0.194017;,
   -0.958177;-0.283271;-0.040667;,
   -0.573892;-0.417400;-0.704575;,
   -0.654268;-0.724751;-0.216031;,
   -0.849138;0.334483;-0.408761;,
   -0.936270;0.297622;0.186600;,
   -0.726509;0.139385;0.672872;,
   -0.451487;-0.744130;0.492372;,
   -0.348815;0.186353;-0.918478;,
   -0.174443;-0.963288;-0.204072;,
   0.684973;-0.683046;0.253496;,
   0.756820;0.318986;0.570502;,
   0.009947;0.939584;0.342173;,
   0.167486;-0.555557;0.814435;,
   0.208839;0.231721;0.950101;,
   -0.141504;-0.937997;-0.316446;,
   0.054735;-0.295267;-0.953846;,
   -0.153028;-0.622932;0.767163;,
   -0.103676;0.219791;0.970022;,
   -0.053378;0.936595;0.346325;,
   0.053789;0.726084;-0.685499;,
   0.413753;-0.865422;-0.282583;,
   0.380531;-0.064373;-0.922525;,
   0.263590;-0.540025;0.799308;,
   -0.003116;0.382997;0.923744;,
   -0.072317;0.942748;0.325572;,
   0.152797;0.827760;-0.539877;,
   0.293004;-0.376801;-0.878732;,
   0.170281;-0.934115;-0.313742;,
   0.329341;-0.756793;0.564623;,
   -0.172111;0.246696;0.953687;,
   -0.493817;0.828197;0.265017;,
   -0.087923;0.671184;-0.736058;,
   0.473901;0.431352;0.767694;,
   0.182346;0.982621;-0.034739;,
   -0.599676;0.352026;0.718656;,
   0.178991;-0.551294;0.814885;,
   0.993230;0.094646;0.067348;,
   -0.771128;0.245527;0.587433;,
   0.013859;0.992902;-0.118128;,
