xof 0303txt 0032
template ColorRGBA {
 <35ff44e0-6c7c-11cf-8f52-0040333594a3>
 FLOAT red;
 FLOAT green;
 FLOAT blue;
 FLOAT alpha;
}

template ColorRGB {
 <d3e16e81-7835-11cf-8f52-0040333594a3>
 FLOAT red;
 FLOAT green;
 FLOAT blue;
}

template Material {
 <3d82ab4d-62da-11cf-ab39-0020af71e433>
 ColorRGBA faceColor;
 FLOAT power;
 ColorRGB specularColor;
 ColorRGB emissiveColor;
 [...]
}

template TextureFilename {
 <a42790e1-7810-11cf-8f52-0040333594a3>
 STRING filename;
}

template Frame {
 <3d82ab46-62da-11cf-ab39-0020af71e433>
 [...]
}

template Matrix4x4 {
 <f6f23f45-7686-11cf-8f52-0040333594a3>
 array FLOAT matrix[16];
}

template FrameTransformMatrix {
 <f6f23f41-7686-11cf-8f52-0040333594a3>
 Matrix4x4 frameMatrix;
}

template Vector {
 <3d82ab5e-62da-11cf-ab39-0020af71e433>
 FLOAT x;
 FLOAT y;
 FLOAT z;
}

template MeshFace {
 <3d82ab5f-62da-11cf-ab39-0020af71e433>
 DWORD nFaceVertexIndices;
 array DWORD faceVertexIndices[nFaceVertexIndices];
}

template Mesh {
 <3d82ab44-62da-11cf-ab39-0020af71e433>
 DWORD nVertices;
 array Vector vertices[nVertices];
 DWORD nFaces;
 array MeshFace faces[nFaces];
 [...]
}

template MeshNormals {
 <f6f23f43-7686-11cf-8f52-0040333594a3>
 DWORD nNormals;
 array Vector normals[nNormals];
 DWORD nFaceNormals;
 array MeshFace faceNormals[nFaceNormals];
}

template MeshMaterialList {
 <f6f23f42-7686-11cf-8f52-0040333594a3>
 DWORD nMaterials;
 DWORD nFaceIndexes;
 array DWORD faceIndexes[nFaceIndexes];
 [Material <3d82ab4d-62da-11cf-ab39-0020af71e433>]
}

template Coords2d {
 <f6f23f44-7686-11cf-8f52-0040333594a3>
 FLOAT u;
 FLOAT v;
}

template MeshTextureCoords {
 <f6f23f40-7686-11cf-8f52-0040333594a3>
 DWORD nTextureCoords;
 array Coords2d textureCoords[nTextureCoords];
}

template XSkinMeshHeader {
 <3cf169ce-ff7c-44ab-93c0-f78f62d172e2>
 WORD nMaxSkinWeightsPerVertex;
 WORD nMaxSkinWeightsPerFace;
 WORD nBones;
}

template SkinWeights {
 <6f0d123b-bad2-4167-a0d0-80224f25fabb>
 STRING transformNodeName;
 DWORD nWeights;
 array DWORD vertexIndices[nWeights];
 array FLOAT weights[nWeights];
 Matrix4x4 matrixOffset;
}

template AnimTicksPerSecond {
 <9e415a43-7ba6-4a73-8743-b73d47e88476>
 DWORD AnimTicksPerSecond;
}

template Animation {
 <3d82ab4f-62da-11cf-ab39-0020af71e433>
 [...]
}

template AnimationSet {
 <3d82ab50-62da-11cf-ab39-0020af71e433>
 [Animation <3d82ab4f-62da-11cf-ab39-0020af71e433>]
}

template FloatKeys {
 <10dd46a9-775b-11cf-8f52-0040333594a3>
 DWORD nValues;
 array FLOAT values[nValues];
}

template TimedFloatKeys {
 <f406b180-7b3b-11cf-8f52-0040333594a3>
 DWORD time;
 FloatKeys tfkeys;
}

template AnimationKey {
 <10dd46a8-775b-11cf-8f52-0040333594a3>
 DWORD keyType;
 DWORD nKeys;
 array TimedFloatKeys keys[nKeys];
}


Material Material__309 {
 1.000000;1.000000;1.000000;1.000000;;
 100.000000;
 0.200000;0.200000;0.200000;;
 0.000000;0.000000;0.000000;;

 TextureFilename {
  "ArticulatedShoulderpad.png";
 }
}

Frame Dummy01 {
 

 FrameTransformMatrix {
  1.000000,0.000000,0.000000,0.000000,0.000000,-0.000000,-1.000000,0.000000,0.000000,1.000000,-0.000000,0.000000,0.000000,0.000000,0.000000,1.000000;;
 }

 Frame Bip01 {
  

  FrameTransformMatrix {
   -0.087155,0.982405,-0.165183,0.000000,-0.000001,0.165814,0.986157,0.000000,0.996195,0.085949,-0.014450,0.000000,-0.010000,-0.012284,0.490453,1.000000;;
  }

  Frame Bip01_Pelvis {
   

   FrameTransformMatrix {
    0.000000,1.000000,-0.000001,0.000000,-0.000001,0.000001,1.000000,0.000000,1.000000,0.000000,0.000001,0.000000,0.000000,0.000000,0.000000,1.000000;;
   }

   Frame Bip01_Spine {
    

    FrameTransformMatrix {
     0.984686,0.000002,-0.174337,0.000000,-0.000001,1.000000,0.000004,0.000000,0.174337,-0.000004,0.984686,0.000000,0.051619,0.000000,-0.000083,1.000000;;
    }

    Frame Bip01_Spine1 {
     

     FrameTransformMatrix {
      0.997819,0.052687,0.039774,0.000000,-0.044862,0.983198,-0.176942,0.000000,-0.048428,0.174771,0.983417,0.000000,0.106484,-0.000015,-0.000083,1.000000;;
     }

     Frame Bip01_Neck {
      

      FrameTransformMatrix {
       0.966067,-0.020835,0.257451,0.000000,0.025191,0.999590,-0.013632,0.000000,-0.257061,0.019655,0.966195,0.000000,0.130511,-0.000001,0.004626,1.000000;;
      }

      Frame Bip01_Head {
       

       FrameTransformMatrix {
        0.989321,-0.051753,-0.136255,0.000000,0.064251,0.993958,0.088989,0.000000,0.130826,-0.096793,0.986669,0.000000,0.033674,-0.000000,0.000000,1.000000;;
       }
      }

      Frame Bip01_L_Clavicle {
       

       FrameTransformMatrix {
        -0.205975,0.976135,0.068811,0.000000,0.943873,0.216738,-0.249254,0.000000,-0.258220,0.013609,-0.965990,0.000000,-0.024734,0.015166,0.002017,1.000000;;
       }

       Frame Bip01_L_UpperArm {
        

        FrameTransformMatrix {
         0.385871,-0.777669,0.496320,0.000000,0.922466,0.332598,-0.196046,0.000000,-0.012616,0.533487,0.845714,0.000000,0.073469,0.000000,-0.000000,1.000000;;
        }

        Frame Bip01_L_Forearm {
         

         FrameTransformMatrix {
          0.943939,0.000000,-0.330119,0.000000,0.000000,1.000000,-0.000000,0.000000,0.330119,-0.000000,0.943939,0.000000,0.148340,0.000000,-0.000000,1.000000;;
         }

         Frame Bip01_L_Hand {
          

          FrameTransformMatrix {
           1.000000,0.000000,0.000000,0.000000,0.000000,0.000796,1.000000,0.000000,0.000000,-1.000000,0.000796,0.000000,0.131860,-0.000000,0.000000,1.000000;;
          }

          Frame Bip01_L_Finger0 {
           

           FrameTransformMatrix {
            0.690342,-0.181727,0.700288,0.000000,0.558537,0.749101,-0.356210,0.000000,-0.459853,0.637043,0.618637,0.000000,0.057681,-0.023605,-0.000272,1.000000;;
           }
          }

          Frame Bip01_L_Finger1 {
           

           FrameTransformMatrix {
            0.728079,-0.000546,0.685493,0.000000,0.000000,1.000000,0.000796,0.000000,-0.685493,-0.000580,0.728079,0.000000,0.084102,0.000000,0.000000,1.000000;;
           }
          }
         }
        }
       }
      }

      Frame Bip01_R_Clavicle {
       

       FrameTransformMatrix {
        -0.028509,-0.999573,-0.006461,0.000000,-0.965665,0.025871,0.258498,0.000000,-0.258220,0.013609,-0.965990,0.000000,-0.024080,-0.016250,0.001399,1.000000;;
       }

       Frame Bip01_R_UpperArm {
        

        FrameTransformMatrix {
         0.221390,0.975047,0.016433,0.000000,-0.974986,0.221654,-0.016512,0.000000,-0.019742,-0.012366,0.999728,0.000000,0.073469,0.000000,-0.000000,1.000000;;
        }

        Frame Bip01_R_Forearm {
         

         FrameTransformMatrix {
          0.915660,0.000000,-0.401954,0.000000,-0.000000,1.000000,-0.000000,0.000000,0.401954,-0.000000,0.915660,0.000000,0.148340,0.000000,-0.000000,1.000000;;
         }

         Frame Bip01_R_Hand {
          

          FrameTransformMatrix {
           0.975195,-0.000000,-0.221346,0.000000,-0.221346,0.000796,-0.975195,0.000000,0.000176,1.000000,0.000777,0.000000,0.131860,0.000000,0.000000,1.000000;;
          }

          Frame Bip01_R_Finger0 {
           

           FrameTransformMatrix {
            0.417774,-0.116941,0.900994,0.000000,-0.558537,0.749101,0.356210,0.000000,-0.716591,-0.652054,0.247639,0.000000,0.057681,0.023605,-0.000272,1.000000;;
           }
          }

          Frame Bip01_R_Finger1 {
           

           FrameTransformMatrix {
            0.352436,0.000745,0.935835,0.000000,0.000000,1.000000,-0.000796,0.000000,-0.935836,0.000281,0.352436,0.000000,0.084102,0.000000,0.000000,1.000000;;
           }
          }
         }
        }
       }
      }
     }

     Frame Bip01_BackPack {
      

      FrameTransformMatrix {
       0.180560,0.080500,-0.980264,0.000000,0.047560,0.994764,0.090451,0.000000,0.982413,-0.062954,0.175786,0.000000,0.063697,0.000003,-0.088856,1.000000;;
      }
     }
    }

    Frame Bip01_L_Thigh {
     

     FrameTransformMatrix {
      -0.888504,0.030427,0.457858,0.000000,-0.032107,-0.999476,0.004114,0.000000,0.457744,-0.011045,0.889016,0.000000,-0.050843,0.055225,-0.008917,1.000000;;
     }

     Frame Bip01_L_Calf {
      

      FrameTransformMatrix {
       0.942235,-0.000000,-0.334952,0.000000,-0.000000,1.000000,-0.000000,0.000000,0.334952,0.000000,0.942235,0.000000,0.237500,0.000000,-0.000000,1.000000;;
      }

      Frame Bip01_L_Foot {
       

       FrameTransformMatrix {
        0.924325,-0.026487,0.380687,0.000000,-0.068962,0.969570,0.234901,0.000000,-0.375325,-0.243378,0.894371,0.000000,0.206841,0.000000,0.000000,1.000000;;
       }

       Frame Bip01_L_Toe0 {
        

        FrameTransformMatrix {
         0.000000,0.000000,1.000000,0.000000,0.000000,1.000000,-0.000000,0.000000,-1.000000,0.000000,0.000000,0.000000,0.065373,0.000000,0.066450,1.000000;;
        }
       }
      }
     }
    }

    Frame Bip01_R_Thigh {
     

     FrameTransformMatrix {
      -0.996965,0.030321,-0.071704,0.000000,-0.029454,-0.999480,-0.013113,0.000000,-0.072065,-0.010961,0.997340,0.000000,-0.050843,-0.055225,-0.008917,1.000000;;
     }

     Frame Bip01_R_Calf {
      

      FrameTransformMatrix {
       0.730239,0.000000,-0.683192,0.000000,0.000000,1.000000,0.000000,0.000000,0.683192,-0.000000,0.730239,0.000000,0.237500,0.000000,0.000000,1.000000;;
      }

      Frame Bip01_R_Foot {
       

       FrameTransformMatrix {
        0.991957,0.087165,-0.091782,0.000000,-0.093276,0.993546,-0.064539,0.000000,0.085565,0.072581,0.993685,0.000000,0.206841,0.000000,0.000000,1.000000;;
       }

       Frame Bip01_R_Toe0 {
        

        FrameTransformMatrix {
         0.000000,0.000000,1.000000,0.000000,0.000000,1.000000,-0.000000,0.000000,-1.000000,0.000000,0.000000,0.000000,0.065373,0.000000,0.066450,1.000000;;
        }
       }
      }
     }
    }
   }

   Frame Bip01_DressFront {
    

    FrameTransformMatrix {
     -0.880185,-0.088339,0.466338,0.000000,0.121847,0.907542,0.401896,0.000000,-0.458725,0.410564,-0.788041,0.000000,-0.043935,0.001339,0.061057,1.000000;;
    }

    Frame Bip01_DressFront02 {
     

     FrameTransformMatrix {
      0.912593,0.000001,0.408870,0.000000,-0.000001,1.000000,-0.000000,0.000000,-0.408870,-0.000000,0.912593,0.000000,0.183378,-0.000000,-0.000120,1.000000;;
     }
    }
   }

   Frame Bip01_DressBack {
    

    FrameTransformMatrix {
     -0.886023,0.038029,0.462080,0.000000,0.191625,0.937561,0.290274,0.000000,-0.422190,0.345735,-0.837988,0.000000,-0.047673,-0.000048,-0.078302,1.000000;;
    }

    Frame Bip01_DressBack02 {
     

     FrameTransformMatrix {
      0.936852,0.174932,-0.302833,0.000000,-0.166408,0.984581,0.053939,0.000000,0.307600,-0.000139,0.951516,0.000000,0.176125,0.000000,-0.000103,1.000000;;
     }
    }
   }
  }

  Frame Bip01_Prop1 {
   

   FrameTransformMatrix {
    -0.233929,-0.108090,0.966227,0.000000,0.687222,0.684611,0.242967,0.000000,-0.687752,0.720850,-0.085868,0.000000,0.104667,-0.055270,-0.126340,1.000000;;
   }
  }

  Frame Bip01_Prop2 {
   

   FrameTransformMatrix {
    -0.163643,-0.967062,0.194966,0.000000,0.985576,-0.168906,-0.010564,0.000000,0.043147,0.190425,0.980753,0.000000,-0.140709,-0.103585,0.102365,1.000000;;
   }
  }
 }
}

Frame Translation_Data {
 

 FrameTransformMatrix {
  1.000000,0.000000,0.000000,0.000000,0.000000,-0.000000,-1.000000,0.000000,0.000000,1.000000,-0.000000,0.000000,0.000000,0.000000,0.000000,1.000000;;
 }
}

Frame Kate_ArticShoulderSpike_L_ALT {
 

 FrameTransformMatrix {
  1.000000,0.000000,0.000000,0.000000,0.000000,1.000000,0.000000,0.000000,0.000000,0.000000,1.000000,0.000000,0.000000,0.000000,0.000000,1.000000;;
 }

 Mesh Kate_ArticShoulderSpike_L_ALT {
  1684;
  0.161057;0.799315;0.078926;,
  0.176390;0.772744;0.080890;,
  0.188001;0.792748;0.073990;,
  0.157471;0.767572;0.082602;,
  0.091937;0.813962;0.090889;,
  0.068839;0.783715;0.095488;,
  0.101746;0.790138;0.101221;,
  0.057153;0.806336;0.082670;,
  0.132378;0.805019;0.091198;,
  0.133293;0.799568;0.086794;,
  0.157612;0.771044;0.085300;,
  0.160167;0.801999;0.081344;,
  0.130471;0.750061;0.088288;,
  0.099610;0.832477;0.056924;,
  0.063198;0.818745;0.055886;,
  0.132466;0.820025;0.054926;,
  0.132888;0.815112;0.053950;,
  0.080355;0.760976;0.104158;,
  0.102891;0.750651;0.098067;,
  0.164076;0.808966;0.049548;,
  0.192076;0.800471;0.044790;,
  0.164307;0.807019;0.049544;,
  0.156416;0.793181;0.072018;,
  0.174656;0.772287;0.072419;,
  0.155366;0.767201;0.074287;,
  0.186293;0.786029;0.068180;,
  0.092741;0.801354;0.078908;,
  0.069099;0.779578;0.087375;,
  0.057908;0.799243;0.077385;,
  0.101006;0.783629;0.085725;,
  0.129018;0.794176;0.078994;,
  0.128505;0.750044;0.080500;,
  0.099154;0.816349;0.053811;,
  0.065244;0.809309;0.054188;,
  0.128381;0.805089;0.052867;,
  0.075301;0.756460;0.098622;,
  0.100515;0.748142;0.084521;,
  0.160189;0.796852;0.048690;,
  0.190416;0.791013;0.044789;,
  0.176390;0.772744;0.080890;,
  0.186293;0.786029;0.068180;,
  0.188001;0.792748;0.073990;,
  0.174656;0.772287;0.072419;,
  0.192076;0.800471;0.044790;,
  0.190416;0.791013;0.044789;,
  0.063198;0.818745;0.055886;,
  0.057908;0.799243;0.077385;,
  0.057153;0.806336;0.082670;,
  0.065244;0.809309;0.054188;,
  0.068839;0.783715;0.095488;,
  0.069099;0.779578;0.087375;,
  0.080355;0.760976;0.104158;,
  0.075301;0.756460;0.098622;,
  0.102895;0.747188;0.091787;,
  0.100515;0.748142;0.084521;,
  0.128505;0.750044;0.080500;,
  0.130471;0.750061;0.088288;,
  0.157471;0.767572;0.082602;,
  0.155366;0.767201;0.074287;,
  0.161048;0.799326;0.010637;,
  0.176489;0.772528;0.010792;,
  0.157130;0.767415;0.006845;,
  0.187968;0.792705;0.015427;,
  0.091941;0.813964;-0.001181;,
  0.068843;0.783718;-0.005915;,
  0.057155;0.806337;0.006905;,
  0.101751;0.790139;-0.011513;,
  0.132379;0.805021;-0.001488;,
  0.133284;0.799561;0.002764;,
  0.157575;0.770908;0.004470;,
  0.130676;0.760332;0.001178;,
  0.160165;0.802002;0.008389;,
  0.099610;0.832477;0.032784;,
  0.063199;0.818746;0.033690;,
  0.132466;0.820026;0.034782;,
  0.132889;0.815111;0.035626;,
  0.080362;0.760979;-0.014582;,
  0.103178;0.750600;-0.008286;,
  0.164072;0.808972;0.040191;,
  0.164300;0.807027;0.040025;,
  0.156419;0.793180;0.017559;,
  0.174448;0.772508;0.019318;,
  0.186333;0.786054;0.021281;,
  0.155028;0.766962;0.015102;,
  0.092741;0.801354;0.010669;,
  0.069099;0.779578;0.002202;,
  0.101006;0.783629;0.003852;,
  0.057908;0.799243;0.012192;,
  0.129020;0.794172;0.010581;,
  0.128460;0.760317;0.009278;,
  0.099154;0.816348;0.035766;,
  0.065244;0.809309;0.035389;,
  0.128381;0.805089;0.036711;,
  0.075301;0.756460;-0.009044;,
  0.100857;0.748046;0.005078;,
  0.160189;0.796852;0.040888;,
  0.176489;0.772528;0.010792;,
  0.186333;0.786054;0.021281;,
  0.174448;0.772508;0.019318;,
  0.187968;0.792705;0.015427;,
  0.063199;0.818746;0.033690;,
  0.057908;0.799243;0.012192;,
  0.065244;0.809309;0.035389;,
  0.057155;0.806337;0.006905;,
  0.068843;0.783718;-0.005915;,
  0.069099;0.779578;0.002202;,
  0.080362;0.760979;-0.014582;,
  0.075301;0.756460;-0.009044;,
  0.103444;0.747173;-0.002110;,
  0.100857;0.748046;0.005078;,
  0.128460;0.760317;0.009278;,
  0.130676;0.760332;0.001178;,
  0.157130;0.767415;0.006845;,
  0.155028;0.766962;0.015102;,
  -0.084664;0.688753;0.014426;,
  -0.066031;0.692914;-0.033058;,
  -0.075095;0.688753;0.014426;,
  -0.073916;0.693211;-0.039184;,
  -0.040241;0.701665;-0.046084;,
  -0.041514;0.703224;-0.054160;,
  0.003427;0.712761;-0.032366;,
  0.003169;0.713984;-0.040579;,
  0.051293;0.729819;-0.026232;,
  0.051293;0.731285;-0.033320;,
  0.092834;0.758103;-0.000687;,
  0.092598;0.758750;-0.005700;,
  -0.084664;0.705153;0.014426;,
  -0.066822;0.709174;-0.031064;,
  -0.074707;0.709471;-0.037190;,
  -0.075095;0.705153;0.014426;,
  -0.042818;0.716794;-0.040298;,
  -0.044092;0.718352;-0.048374;,
  0.000146;0.728311;-0.028316;,
  -0.000112;0.729534;-0.036529;,
  0.044155;0.743952;-0.021954;,
  0.044155;0.745418;-0.029042;,
  0.078582;0.766041;0.001007;,
  0.078347;0.766688;-0.004006;,
  -0.084664;0.688753;0.014426;,
  -0.074707;0.709471;-0.037190;,
  -0.073916;0.693211;-0.039184;,
  -0.084664;0.705153;0.014426;,
  -0.044092;0.718352;-0.048374;,
  -0.041514;0.703224;-0.054160;,
  -0.000112;0.729534;-0.036529;,
  0.003169;0.713984;-0.040579;,
  0.044155;0.745418;-0.029042;,
  0.051293;0.731285;-0.033320;,
  0.078347;0.766688;-0.004006;,
  0.092598;0.758750;-0.005700;,
  0.092834;0.758103;-0.000687;,
  0.044155;0.743952;-0.021954;,
  0.051293;0.729819;-0.026232;,
  0.078582;0.766041;0.001007;,
  0.000146;0.728311;-0.028316;,
  0.003427;0.712761;-0.032366;,
  -0.042818;0.716794;-0.040298;,
  -0.040241;0.701665;-0.046084;,
  -0.066822;0.709174;-0.031064;,
  -0.066031;0.692914;-0.033058;,
  -0.075095;0.705153;0.014426;,
  -0.075095;0.688753;0.014426;,
  -0.087973;0.689573;0.048113;,
  -0.073533;0.692992;0.070867;,
  -0.082595;0.692992;0.078027;,
  -0.077528;0.689573;0.047161;,
  -0.043872;0.698765;0.079727;,
  -0.045165;0.698452;0.090449;,
  0.008144;0.710954;0.086940;,
  0.007873;0.711854;0.095365;,
  0.058393;0.732258;0.090474;,
  0.058724;0.733686;0.098770;,
  0.094720;0.758458;0.089707;,
  0.094720;0.758458;0.094767;,
  -0.087973;0.705973;0.048113;,
  -0.073533;0.709393;0.070867;,
  -0.077528;0.705973;0.047161;,
  -0.082595;0.709393;0.078027;,
  -0.047196;0.714824;0.079876;,
  -0.048489;0.714511;0.090599;,
  0.003506;0.726387;0.083893;,
  0.003235;0.727287;0.092319;,
  0.054631;0.747638;0.086195;,
  0.054963;0.749066;0.094492;,
  0.080453;0.766547;0.087702;,
  0.080453;0.766548;0.092762;,
  -0.087973;0.689573;0.048113;,
  -0.082595;0.709393;0.078027;,
  -0.087973;0.705973;0.048113;,
  -0.082595;0.692992;0.078027;,
  -0.048489;0.714511;0.090599;,
  -0.045165;0.698452;0.090449;,
  0.003235;0.727287;0.092319;,
  0.007873;0.711854;0.095365;,
  0.054963;0.749066;0.094492;,
  0.058724;0.733686;0.098770;,
  0.080453;0.766548;0.092762;,
  0.094720;0.758458;0.094767;,
  0.094720;0.758458;0.089707;,
  0.054631;0.747638;0.086195;,
  0.080453;0.766547;0.087702;,
  0.058393;0.732258;0.090474;,
  0.003506;0.726387;0.083893;,
  0.008144;0.710954;0.086940;,
  -0.047196;0.714824;0.079876;,
  -0.043872;0.698765;0.079727;,
  -0.073533;0.709393;0.070867;,
  -0.073533;0.692992;0.070867;,
  -0.077528;0.705973;0.047161;,
  -0.077528;0.689573;0.047161;,
  -0.077528;0.705973;0.047161;,
  -0.075095;0.688753;0.014426;,
  -0.075095;0.705153;0.014426;,
  -0.077528;0.689573;0.047161;,
  -0.077528;0.705973;0.047161;,
  -0.084664;0.705153;0.014426;,
  -0.087973;0.705973;0.048113;,
  -0.084664;0.705153;0.014426;,
  -0.077528;0.705973;0.047161;,
  -0.075095;0.705153;0.014426;,
  -0.087973;0.705973;0.048113;,
  -0.084664;0.688753;0.014426;,
  -0.087973;0.689573;0.048113;,
  -0.084664;0.705153;0.014426;,
  -0.077528;0.689573;0.047161;,
  -0.084664;0.688753;0.014426;,
  -0.075095;0.688753;0.014426;,
  -0.084664;0.688753;0.014426;,
  -0.077528;0.689573;0.047161;,
  -0.087973;0.689573;0.048113;,
  0.080355;0.760976;0.104158;,
  0.102895;0.747188;0.091787;,
  0.102891;0.750651;0.098067;,
  0.102895;0.747188;0.091787;,
  0.130542;0.753746;0.093518;,
  0.102891;0.750651;0.098067;,
  0.130542;0.753746;0.093518;,
  0.102895;0.747188;0.091787;,
  0.130471;0.750061;0.088288;,
  0.130471;0.750061;0.088288;,
  0.132378;0.805019;0.091198;,
  0.130542;0.753746;0.093518;,
  0.132378;0.805019;0.091198;,
  0.130471;0.750061;0.088288;,
  0.133293;0.799568;0.086794;,
  0.133293;0.799568;0.086794;,
  0.132466;0.820025;0.054926;,
  0.132378;0.805019;0.091198;,
  0.132466;0.820025;0.054926;,
  0.133293;0.799568;0.086794;,
  0.132888;0.815112;0.053950;,
  0.132888;0.815112;0.053950;,
  0.132466;0.820026;0.034782;,
  0.132466;0.820025;0.054926;,
  0.132466;0.820026;0.034782;,
  0.132888;0.815112;0.053950;,
  0.132889;0.815111;0.035626;,
  0.132889;0.815111;0.035626;,
  0.132379;0.805021;-0.001488;,
  0.132466;0.820026;0.034782;,
  0.132379;0.805021;-0.001488;,
  0.132889;0.815111;0.035626;,
  0.133284;0.799561;0.002764;,
  0.133284;0.799561;0.002764;,
  0.130679;0.764146;-0.003825;,
  0.132379;0.805021;-0.001488;,
  0.130679;0.764146;-0.003825;,
  0.133284;0.799561;0.002764;,
  0.130676;0.760332;0.001178;,
  0.130676;0.760332;0.001178;,
  0.103178;0.750600;-0.008286;,
  0.130679;0.764146;-0.003825;,
  0.103178;0.750600;-0.008286;,
  0.130676;0.760332;0.001178;,
  0.103444;0.747173;-0.002110;,
  0.103444;0.747173;-0.002110;,
  0.080362;0.760979;-0.014582;,
  0.103178;0.750600;-0.008286;,
  0.157471;0.767572;0.082602;,
  0.160167;0.801999;0.081344;,
  0.157612;0.771044;0.085300;,
  0.160167;0.801999;0.081344;,
  0.157471;0.767572;0.082602;,
  0.161057;0.799315;0.078926;,
  0.161057;0.799315;0.078926;,
  0.164076;0.808966;0.049548;,
  0.160167;0.801999;0.081344;,
  0.164076;0.808966;0.049548;,
  0.161057;0.799315;0.078926;,
  0.164307;0.807019;0.049544;,
  0.164307;0.807019;0.049544;,
  0.164072;0.808972;0.040191;,
  0.164076;0.808966;0.049548;,
  0.164072;0.808972;0.040191;,
  0.164307;0.807019;0.049544;,
  0.164300;0.807027;0.040025;,
  0.164300;0.807027;0.040025;,
  0.160165;0.802002;0.008389;,
  0.164072;0.808972;0.040191;,
  0.160165;0.802002;0.008389;,
  0.164300;0.807027;0.040025;,
  0.161048;0.799326;0.010637;,
  0.161048;0.799326;0.010637;,
  0.157575;0.770908;0.004470;,
  0.160165;0.802002;0.008389;,
  0.157575;0.770908;0.004470;,
  0.161048;0.799326;0.010637;,
  0.157130;0.767415;0.006845;,
  0.157130;0.767415;0.006845;,
  0.130676;0.760332;0.001178;,
  0.157575;0.770908;0.004470;,
  0.130471;0.750061;0.088288;,
  0.157471;0.767572;0.082602;,
  0.157612;0.771044;0.085300;,
  0.130679;0.764146;-0.003825;,
  0.130542;0.753746;0.093518;,
  0.100839;0.817000;0.082509;,
  0.104221;0.820030;0.080459;,
  0.103808;0.818074;0.079413;,
  0.104221;0.820030;0.080459;,
  0.100839;0.817000;0.082509;,
  0.101226;0.818946;0.083583;,
  0.103808;0.818074;0.079413;,
  0.108190;0.818455;0.081750;,
  0.107742;0.816514;0.080692;,
  0.108190;0.818455;0.081750;,
  0.103808;0.818074;0.079413;,
  0.104221;0.820030;0.080459;,
  0.107742;0.816514;0.080692;,
  0.107649;0.816398;0.085671;,
  0.107205;0.814475;0.084578;,
  0.107649;0.816398;0.085671;,
  0.107742;0.816514;0.080692;,
  0.108190;0.818455;0.081750;,
  0.107205;0.814475;0.084578;,
  0.103345;0.816702;0.086804;,
  0.102939;0.814776;0.085701;,
  0.103345;0.816702;0.086804;,
  0.107205;0.814475;0.084578;,
  0.107649;0.816398;0.085671;,
  0.102939;0.814776;0.085701;,
  0.101226;0.818946;0.083583;,
  0.100839;0.817000;0.082509;,
  0.101226;0.818946;0.083583;,
  0.102939;0.814776;0.085701;,
  0.103345;0.816702;0.086804;,
  0.101226;0.818946;0.083583;,
  0.104657;0.819550;0.082243;,
  0.104221;0.820030;0.080459;,
  0.104657;0.819550;0.082243;,
  0.101226;0.818946;0.083583;,
  0.103102;0.818988;0.083864;,
  0.104221;0.820030;0.080459;,
  0.106717;0.818733;0.082913;,
  0.108190;0.818455;0.081750;,
  0.106717;0.818733;0.082913;,
  0.104221;0.820030;0.080459;,
  0.104657;0.819550;0.082243;,
  0.108190;0.818455;0.081750;,
  0.106436;0.817665;0.084948;,
  0.107649;0.816398;0.085671;,
  0.106436;0.817665;0.084948;,
  0.108190;0.818455;0.081750;,
  0.106717;0.818733;0.082913;,
  0.107649;0.816398;0.085671;,
  0.104202;0.817823;0.085536;,
  0.103345;0.816702;0.086804;,
  0.104202;0.817823;0.085536;,
  0.107649;0.816398;0.085671;,
  0.106436;0.817665;0.084948;,
  0.103345;0.816702;0.086804;,
  0.103102;0.818988;0.083864;,
  0.101226;0.818946;0.083583;,
  0.103102;0.818988;0.083864;,
  0.103345;0.816702;0.086804;,
  0.104202;0.817823;0.085536;,
  0.103102;0.818988;0.083864;,
  0.111469;0.850888;0.099720;,
  0.104657;0.819550;0.082243;,
  0.111469;0.850888;0.099720;,
  0.103102;0.818988;0.083864;,
  0.109981;0.850340;0.101251;,
  0.104657;0.819550;0.082243;,
  0.113429;0.850102;0.100348;,
  0.106717;0.818733;0.082913;,
  0.113429;0.850102;0.100348;,
  0.104657;0.819550;0.082243;,
  0.111469;0.850888;0.099720;,
  0.106717;0.818733;0.082913;,
  0.113164;0.849057;0.102280;,
  0.106436;0.817665;0.084948;,
  0.113164;0.849057;0.102280;,
  0.106717;0.818733;0.082913;,
  0.113429;0.850102;0.100348;,
  0.106436;0.817665;0.084948;,
  0.111022;0.849204;0.102843;,
  0.104202;0.817823;0.085536;,
  0.111022;0.849204;0.102843;,
  0.106436;0.817665;0.084948;,
  0.113164;0.849057;0.102280;,
  0.104202;0.817823;0.085536;,
  0.109981;0.850340;0.101251;,
  0.103102;0.818988;0.083864;,
  0.109981;0.850340;0.101251;,
  0.104202;0.817823;0.085536;,
  0.111022;0.849204;0.102843;,
  0.109981;0.850340;0.101251;,
  0.113551;0.857667;0.106103;,
  0.111469;0.850888;0.099720;,
  0.111469;0.850888;0.099720;,
  0.113551;0.857667;0.106103;,
  0.113429;0.850102;0.100348;,
  0.113429;0.850102;0.100348;,
  0.113551;0.857667;0.106103;,
  0.113164;0.849057;0.102280;,
  0.113164;0.849057;0.102280;,
  0.113551;0.857667;0.106103;,
  0.111022;0.849204;0.102843;,
  0.111022;0.849204;0.102843;,
  0.113551;0.857667;0.106103;,
  0.109981;0.850340;0.101251;,
  0.100839;0.817000;0.082509;,
  0.107205;0.814475;0.084578;,
  0.102939;0.814776;0.085701;,
  0.100839;0.817000;0.082509;,
  0.107742;0.816514;0.080692;,
  0.107205;0.814475;0.084578;,
  0.100839;0.817000;0.082509;,
  0.103808;0.818074;0.079413;,
  0.107742;0.816514;0.080692;,
  0.101898;0.831919;0.044061;,
  0.105358;0.833223;0.040723;,
  0.104712;0.831062;0.040760;,
  0.105358;0.833223;0.040723;,
  0.101898;0.831919;0.044061;,
  0.102518;0.834089;0.044053;,
  0.104712;0.831062;0.040760;,
  0.109269;0.832045;0.042516;,
  0.108588;0.829894;0.042538;,
  0.109269;0.832045;0.042516;,
  0.104712;0.831062;0.040760;,
  0.105358;0.833223;0.040723;,
  0.108588;0.829894;0.042538;,
  0.108846;0.832182;0.046955;,
  0.108169;0.830030;0.046938;,
  0.108846;0.832182;0.046955;,
  0.108588;0.829894;0.042538;,
  0.109269;0.832045;0.042516;,
  0.108169;0.830030;0.046938;,
  0.104674;0.833445;0.047905;,
  0.104035;0.831281;0.047879;,
  0.104674;0.833445;0.047905;,
  0.108169;0.830030;0.046938;,
  0.108846;0.832182;0.046955;,
  0.104035;0.831281;0.047879;,
  0.102518;0.834089;0.044053;,
  0.101898;0.831919;0.044061;,
  0.102518;0.834089;0.044053;,
  0.104035;0.831281;0.047879;,
  0.104674;0.833445;0.047905;,
  0.102518;0.834089;0.044053;,
  0.105881;0.833611;0.042505;,
  0.105358;0.833223;0.040723;,
  0.105881;0.833611;0.042505;,
  0.102518;0.834089;0.044053;,
  0.104407;0.834060;0.044234;,
  0.105358;0.833223;0.040723;,
  0.107911;0.832999;0.043436;,
  0.109269;0.832045;0.042516;,
  0.107911;0.832999;0.043436;,
  0.105358;0.833223;0.040723;,
  0.105881;0.833611;0.042505;,
  0.109269;0.832045;0.042516;,
  0.107691;0.833070;0.045740;,
  0.108846;0.832182;0.046955;,
  0.107691;0.833070;0.045740;,
  0.109269;0.832045;0.042516;,
  0.107911;0.832999;0.043436;,
  0.108846;0.832182;0.046955;,
  0.105526;0.833726;0.046233;,
  0.104674;0.833445;0.047905;,
  0.105526;0.833726;0.046233;,
  0.108846;0.832182;0.046955;,
  0.107691;0.833070;0.045740;,
  0.104674;0.833445;0.047905;,
  0.104407;0.834060;0.044234;,
  0.102518;0.834089;0.044053;,
  0.104407;0.834060;0.044234;,
  0.104674;0.833445;0.047905;,
  0.105526;0.833726;0.046233;,
  0.104407;0.834060;0.044234;,
  0.116469;0.868565;0.042519;,
  0.105881;0.833611;0.042505;,
  0.116469;0.868565;0.042519;,
  0.104407;0.834060;0.044234;,
  0.115055;0.868977;0.044160;,
  0.105881;0.833611;0.042505;,
  0.118398;0.867972;0.043401;,
  0.107911;0.832999;0.043436;,
  0.118398;0.867972;0.043401;,
  0.105881;0.833611;0.042505;,
  0.116469;0.868565;0.042519;,
  0.107911;0.832999;0.043436;,
  0.118190;0.868011;0.045603;,
  0.107691;0.833070;0.045740;,
  0.118190;0.868011;0.045603;,
  0.107911;0.832999;0.043436;,
  0.118398;0.867972;0.043401;,
  0.107691;0.833070;0.045740;,
  0.116112;0.868636;0.046077;,
  0.105526;0.833726;0.046233;,
  0.116112;0.868636;0.046077;,
  0.107691;0.833070;0.045740;,
  0.118190;0.868011;0.045603;,
  0.105526;0.833726;0.046233;,
  0.115055;0.868977;0.044160;,
  0.104407;0.834060;0.044234;,
  0.115055;0.868977;0.044160;,
  0.105526;0.833726;0.046233;,
  0.116112;0.868636;0.046077;,
  0.115055;0.868977;0.044160;,
  0.119552;0.877305;0.044785;,
  0.116469;0.868565;0.042519;,
  0.116469;0.868565;0.042519;,
  0.119552;0.877305;0.044785;,
  0.118398;0.867972;0.043401;,
  0.118398;0.867972;0.043401;,
  0.119552;0.877305;0.044785;,
  0.118190;0.868011;0.045603;,
  0.118190;0.868011;0.045603;,
  0.119552;0.877305;0.044785;,
  0.116112;0.868636;0.046077;,
  0.116112;0.868636;0.046077;,
  0.119552;0.877305;0.044785;,
  0.115055;0.868977;0.044160;,
  0.101898;0.831919;0.044061;,
  0.108169;0.830030;0.046938;,
  0.104035;0.831281;0.047879;,
  0.101898;0.831919;0.044061;,
  0.108588;0.829894;0.042538;,
  0.108169;0.830030;0.046938;,
  0.101898;0.831919;0.044061;,
  0.104712;0.831062;0.040760;,
  0.108588;0.829894;0.042538;,
  0.100113;0.815354;0.004919;,
  0.103319;0.815308;0.001108;,
  0.102951;0.813357;0.002180;,
  0.103319;0.815308;0.001108;,
  0.100113;0.815354;0.004919;,
  0.100456;0.817323;0.003872;,
  0.102951;0.813357;0.002180;,
  0.107380;0.815505;0.002945;,
  0.106975;0.813553;0.004001;,
  0.107380;0.815505;0.002945;,
  0.102951;0.813357;0.002180;,
  0.103319;0.815308;0.001108;,
  0.106975;0.813553;0.004001;,
  0.107025;0.817643;0.006845;,
  0.106624;0.815672;0.007866;,
  0.107025;0.817643;0.006845;,
  0.106975;0.813553;0.004001;,
  0.107380;0.815505;0.002945;,
  0.106624;0.815672;0.007866;,
  0.102746;0.818766;0.007418;,
  0.102383;0.816785;0.008434;,
  0.102746;0.818766;0.007418;,
  0.106624;0.815672;0.007866;,
  0.107025;0.817643;0.006845;,
  0.102383;0.816785;0.008434;,
  0.100456;0.817323;0.003872;,
  0.100113;0.815354;0.004919;,
  0.100456;0.817323;0.003872;,
  0.102383;0.816785;0.008434;,
  0.102746;0.818766;0.007418;,
  0.100456;0.817323;0.003872;,
  0.103822;0.816530;0.002469;,
  0.103319;0.815308;0.001108;,
  0.103822;0.816530;0.002469;,
  0.100456;0.817323;0.003872;,
  0.102336;0.817576;0.003904;,
  0.103319;0.815308;0.001108;,
  0.105930;0.816632;0.003423;,
  0.107380;0.815505;0.002945;,
  0.105930;0.816632;0.003423;,
  0.103319;0.815308;0.001108;,
  0.103822;0.816530;0.002469;,
  0.107380;0.815505;0.002945;,
  0.105746;0.817742;0.005447;,
  0.107025;0.817643;0.006845;,
  0.105746;0.817742;0.005447;,
  0.107380;0.815505;0.002945;,
  0.105930;0.816632;0.003423;,
  0.107025;0.817643;0.006845;,
  0.103525;0.818325;0.005744;,
  0.102746;0.818766;0.007418;,
  0.103525;0.818325;0.005744;,
  0.107025;0.817643;0.006845;,
  0.105746;0.817742;0.005447;,
  0.102746;0.818766;0.007418;,
  0.102336;0.817576;0.003904;,
  0.100456;0.817323;0.003872;,
  0.102336;0.817576;0.003904;,
  0.102746;0.818766;0.007418;,
  0.103525;0.818325;0.005744;,
  0.102336;0.817576;0.003904;,
  0.109935;0.848377;-0.014332;,
  0.103822;0.816530;0.002469;,
  0.109935;0.848377;-0.014332;,
  0.102336;0.817576;0.003904;,
  0.108511;0.849356;-0.012962;,
  0.103822;0.816530;0.002469;,
  0.111940;0.848463;-0.013423;,
  0.105930;0.816632;0.003423;,
  0.111940;0.848463;-0.013423;,
  0.103822;0.816530;0.002469;,
  0.109935;0.848377;-0.014332;,
  0.105930;0.816632;0.003423;,
  0.111768;0.849498;-0.011475;,
  0.105746;0.817742;0.005447;,
  0.111768;0.849498;-0.011475;,
  0.105930;0.816632;0.003423;,
  0.111940;0.848463;-0.013423;,
  0.105746;0.817742;0.005447;,
  0.109638;0.850054;-0.011187;,
  0.103525;0.818325;0.005744;,
  0.109638;0.850054;-0.011187;,
  0.105746;0.817742;0.005447;,
  0.111768;0.849498;-0.011475;,
  0.103525;0.818325;0.005744;,
  0.108511;0.849356;-0.012962;,
  0.102336;0.817576;0.003904;,
  0.108511;0.849356;-0.012962;,
  0.103525;0.818325;0.005744;,
  0.109638;0.850054;-0.011187;,
  0.108511;0.849356;-0.012962;,
  0.111937;0.857435;-0.016561;,
  0.109935;0.848377;-0.014332;,
  0.109935;0.848377;-0.014332;,
  0.111937;0.857435;-0.016561;,
  0.111940;0.848463;-0.013423;,
  0.111940;0.848463;-0.013423;,
  0.111937;0.857435;-0.016561;,
  0.111768;0.849498;-0.011475;,
  0.111768;0.849498;-0.011475;,
  0.111937;0.857435;-0.016561;,
  0.109638;0.850054;-0.011187;,
  0.109638;0.850054;-0.011187;,
  0.111937;0.857435;-0.016561;,
  0.108511;0.849356;-0.012962;,
  0.100113;0.815354;0.004919;,
  0.106624;0.815672;0.007866;,
  0.102383;0.816785;0.008434;,
  0.100113;0.815354;0.004919;,
  0.106975;0.813553;0.004001;,
  0.106624;0.815672;0.007866;,
  0.100113;0.815354;0.004919;,
  0.102951;0.813357;0.002180;,
  0.106975;0.813553;0.004001;,
  0.119716;0.818360;0.017740;,
  0.123031;0.818589;0.014029;,
  0.122315;0.816545;0.014658;,
  0.123031;0.818589;0.014029;,
  0.119716;0.818360;0.017740;,
  0.120409;0.820421;0.017138;,
  0.122315;0.816545;0.014658;,
  0.126992;0.817733;0.015895;,
  0.126240;0.815696;0.016508;,
  0.126992;0.817733;0.015895;,
  0.122315;0.816545;0.014658;,
  0.123031;0.818589;0.014029;,
  0.126240;0.815696;0.016508;,
  0.126817;0.819035;0.020159;,
  0.126067;0.816986;0.020733;,
  0.126817;0.819035;0.020159;,
  0.126240;0.815696;0.016508;,
  0.126992;0.817733;0.015895;,
  0.126067;0.816986;0.020733;,
  0.122749;0.820696;0.020927;,
  0.122035;0.818633;0.021494;,
  0.122749;0.820696;0.020927;,
  0.126067;0.816986;0.020733;,
  0.126817;0.819035;0.020159;,
  0.122035;0.818633;0.021494;,
  0.120409;0.820421;0.017138;,
  0.119716;0.818360;0.017740;,
  0.120409;0.820421;0.017138;,
  0.122035;0.818633;0.021494;,
  0.122749;0.820696;0.020927;,
  0.120409;0.820421;0.017138;,
  0.123664;0.819401;0.015623;,
  0.123031;0.818589;0.014029;,
  0.123664;0.819401;0.015623;,
  0.120409;0.820421;0.017138;,
  0.122303;0.820351;0.017237;,
  0.123031;0.818589;0.014029;,
  0.125719;0.818956;0.016592;,
  0.126992;0.817733;0.015895;,
  0.125719;0.818956;0.016592;,
  0.123031;0.818589;0.014029;,
  0.123664;0.819401;0.015623;,
  0.126992;0.817733;0.015895;,
  0.125629;0.819632;0.018805;,
  0.126817;0.819035;0.020159;,
  0.125629;0.819632;0.018805;,
  0.126992;0.817733;0.015895;,
  0.125719;0.818956;0.016592;,
  0.126817;0.819035;0.020159;,
  0.123517;0.820494;0.019204;,
  0.122749;0.820696;0.020927;,
  0.123517;0.820494;0.019204;,
  0.126817;0.819035;0.020159;,
  0.125629;0.819632;0.018805;,
  0.122749;0.820696;0.020927;,
  0.122303;0.820351;0.017237;,
  0.120409;0.820421;0.017138;,
  0.122303;0.820351;0.017237;,
  0.122749;0.820696;0.020927;,
  0.123517;0.820494;0.019204;,
  0.122303;0.820351;0.017237;,
  0.135425;0.852625;0.006046;,
  0.123664;0.819401;0.015623;,
  0.135425;0.852625;0.006046;,
  0.122303;0.820351;0.017237;,
  0.134118;0.853514;0.007583;,
  0.123664;0.819401;0.015623;,
  0.137379;0.852190;0.006967;,
  0.125719;0.818956;0.016592;,
  0.137379;0.852190;0.006967;,
  0.123664;0.819401;0.015623;,
  0.135425;0.852625;0.006046;,
  0.125719;0.818956;0.016592;,
  0.137292;0.852809;0.009090;,
  0.125629;0.819632;0.018805;,
  0.137292;0.852809;0.009090;,
  0.125719;0.818956;0.016592;,
  0.137379;0.852190;0.006967;,
  0.125629;0.819632;0.018805;,
  0.135266;0.853632;0.009475;,
  0.123517;0.820494;0.019204;,
  0.135266;0.853632;0.009475;,
  0.125629;0.819632;0.018805;,
  0.137292;0.852809;0.009090;,
  0.123517;0.820494;0.019204;,
  0.134118;0.853514;0.007583;,
  0.122303;0.820351;0.017237;,
  0.134118;0.853514;0.007583;,
  0.123517;0.820494;0.019204;,
  0.135266;0.853632;0.009475;,
  0.134118;0.853514;0.007583;,
  0.138924;0.861498;0.005815;,
  0.135425;0.852625;0.006046;,
  0.135425;0.852625;0.006046;,
  0.138924;0.861498;0.005815;,
  0.137379;0.852190;0.006967;,
  0.137379;0.852190;0.006967;,
  0.138924;0.861498;0.005815;,
  0.137292;0.852809;0.009090;,
  0.137292;0.852809;0.009090;,
  0.138924;0.861498;0.005815;,
  0.135266;0.853632;0.009475;,
  0.135266;0.853632;0.009475;,
  0.138924;0.861498;0.005815;,
  0.134118;0.853514;0.007583;,
  0.119716;0.818360;0.017740;,
  0.126067;0.816986;0.020733;,
  0.122035;0.818633;0.021494;,
  0.119716;0.818360;0.017740;,
  0.126240;0.815696;0.016508;,
  0.126067;0.816986;0.020733;,
  0.119716;0.818360;0.017740;,
  0.122315;0.816545;0.014658;,
  0.126240;0.815696;0.016508;,
  0.119518;0.823328;0.044906;,
  0.122980;0.824440;0.041501;,
  0.122240;0.822310;0.041574;,
  0.122980;0.824440;0.041501;,
  0.119518;0.823328;0.044906;,
  0.120233;0.825467;0.044863;,
  0.122240;0.822310;0.041574;,
  0.126862;0.823110;0.043250;,
  0.126088;0.820992;0.043308;,
  0.126862;0.823110;0.043250;,
  0.122240;0.822310;0.041574;,
  0.122980;0.824440;0.041501;,
  0.126088;0.820992;0.043308;,
  0.126515;0.823315;0.047693;,
  0.125743;0.821195;0.047711;,
  0.126515;0.823315;0.047693;,
  0.126088;0.820992;0.043308;,
  0.126862;0.823110;0.043250;,
  0.125743;0.821195;0.047711;,
  0.122418;0.824772;0.048690;,
  0.121683;0.822639;0.048698;,
  0.122418;0.824772;0.048690;,
  0.125743;0.821195;0.047711;,
  0.126515;0.823315;0.047693;,
  0.121683;0.822639;0.048698;,
  0.120233;0.825467;0.044863;,
  0.119518;0.823328;0.044906;,
  0.120233;0.825467;0.044863;,
  0.121683;0.822639;0.048698;,
  0.122418;0.824772;0.048690;,
  0.120233;0.825467;0.044863;,
  0.123547;0.824824;0.043271;,
  0.122980;0.824440;0.041501;,
  0.123547;0.824824;0.043271;,
  0.120233;0.825467;0.044863;,
  0.122121;0.825357;0.045016;,
  0.122980;0.824440;0.041501;,
  0.125562;0.824134;0.044179;,
  0.126862;0.823110;0.043250;,
  0.125562;0.824134;0.044179;,
  0.122980;0.824440;0.041501;,
  0.123547;0.824824;0.043271;,
  0.126862;0.823110;0.043250;,
  0.125381;0.824240;0.046485;,
  0.126515;0.823315;0.047693;,
  0.125381;0.824240;0.046485;,
  0.126862;0.823110;0.043250;,
  0.125562;0.824134;0.044179;,
  0.126515;0.823315;0.047693;,
  0.123255;0.824996;0.047002;,
  0.122418;0.824772;0.048690;,
  0.123255;0.824996;0.047002;,
  0.126515;0.823315;0.047693;,
  0.125381;0.824240;0.046485;,
  0.122418;0.824772;0.048690;,
  0.122121;0.825357;0.045016;,
  0.120233;0.825467;0.044863;,
  0.122121;0.825357;0.045016;,
  0.122418;0.824772;0.048690;,
  0.123255;0.824996;0.047002;,
  0.122121;0.825357;0.045016;,
  0.135664;0.859273;0.042714;,
  0.123547;0.824824;0.043271;,
  0.135664;0.859273;0.042714;,
  0.122121;0.825357;0.045016;,
  0.134296;0.859765;0.044371;,
  0.123547;0.824824;0.043271;,
  0.137579;0.858605;0.043574;,
  0.125562;0.824134;0.044179;,
  0.137579;0.858605;0.043574;,
  0.123547;0.824824;0.043271;,
  0.135664;0.859273;0.042714;,
  0.125562;0.824134;0.044179;,
  0.137407;0.858679;0.045778;,
  0.125381;0.824240;0.046485;,
  0.137407;0.858679;0.045778;,
  0.125562;0.824134;0.044179;,
  0.137579;0.858605;0.043574;,
  0.125381;0.824240;0.046485;,
  0.135366;0.859400;0.046276;,
  0.123255;0.824996;0.047002;,
  0.135366;0.859400;0.046276;,
  0.125381;0.824240;0.046485;,
  0.137407;0.858679;0.045778;,
  0.123255;0.824996;0.047002;,
  0.134296;0.859765;0.044371;,
  0.122121;0.825357;0.045016;,
  0.134296;0.859765;0.044371;,
  0.123255;0.824996;0.047002;,
  0.135366;0.859400;0.046276;,
  0.134296;0.859765;0.044371;,
  0.139164;0.867893;0.044831;,
  0.135664;0.859273;0.042714;,
  0.135664;0.859273;0.042714;,
  0.139164;0.867893;0.044831;,
  0.137579;0.858605;0.043574;,
  0.137579;0.858605;0.043574;,
  0.139164;0.867893;0.044831;,
  0.137407;0.858679;0.045778;,
  0.137407;0.858679;0.045778;,
  0.139164;0.867893;0.044831;,
  0.135366;0.859400;0.046276;,
  0.135366;0.859400;0.046276;,
  0.139164;0.867893;0.044831;,
  0.134296;0.859765;0.044371;,
  0.119518;0.823328;0.044906;,
  0.125743;0.821195;0.047711;,
  0.121683;0.822639;0.048698;,
  0.119518;0.823328;0.044906;,
  0.126088;0.820992;0.043308;,
  0.125743;0.821195;0.047711;,
  0.119518;0.823328;0.044906;,
  0.122240;0.822310;0.041574;,
  0.126088;0.820992;0.043308;,
  0.119042;0.816422;0.073190;,
  0.122714;0.819048;0.071085;,
  0.122031;0.817180;0.070021;,
  0.122714;0.819048;0.071085;,
  0.119042;0.816422;0.073190;,
  0.119699;0.818284;0.074282;,
  0.122031;0.817180;0.070021;,
  0.126492;0.816968;0.072227;,
  0.125775;0.815118;0.071153;,
  0.126492;0.816968;0.072227;,
  0.122031;0.817180;0.070021;,
  0.122714;0.819048;0.071085;,
  0.125775;0.815118;0.071153;,
  0.125811;0.814918;0.076130;,
  0.125100;0.813086;0.075021;,
  0.125811;0.814918;0.076130;,
  0.125775;0.815118;0.071153;,
  0.126492;0.816968;0.072227;,
  0.125100;0.813086;0.075021;,
  0.121612;0.815731;0.077400;,
  0.120939;0.813892;0.076280;,
  0.121612;0.815731;0.077400;,
  0.125100;0.813086;0.075021;,
  0.125811;0.814918;0.076130;,
  0.120939;0.813892;0.076280;,
