xof 0303txt 0032
template ColorRGBA {
 <35ff44e0-6c7c-11cf-8f52-0040333594a3>
 FLOAT red;
 FLOAT green;
 FLOAT blue;
 FLOAT alpha;
}

template ColorRGB {
 <d3e16e81-7835-11cf-8f52-0040333594a3>
 FLOAT red;
 FLOAT green;
 FLOAT blue;
}

template Material {
 <3d82ab4d-62da-11cf-ab39-0020af71e433>
 ColorRGBA faceColor;
 FLOAT power;
 ColorRGB specularColor;
 ColorRGB emissiveColor;
 [...]
}

template TextureFilename {
 <a42790e1-7810-11cf-8f52-0040333594a3>
 STRING filename;
}

template Frame {
 <3d82ab46-62da-11cf-ab39-0020af71e433>
 [...]
}

template Matrix4x4 {
 <f6f23f45-7686-11cf-8f52-0040333594a3>
 array FLOAT matrix[16];
}

template FrameTransformMatrix {
 <f6f23f41-7686-11cf-8f52-0040333594a3>
 Matrix4x4 frameMatrix;
}

template Vector {
 <3d82ab5e-62da-11cf-ab39-0020af71e433>
 FLOAT x;
 FLOAT y;
 FLOAT z;
}

template MeshFace {
 <3d82ab5f-62da-11cf-ab39-0020af71e433>
 DWORD nFaceVertexIndices;
 array DWORD faceVertexIndices[nFaceVertexIndices];
}

template Mesh {
 <3d82ab44-62da-11cf-ab39-0020af71e433>
 DWORD nVertices;
 array Vector vertices[nVertices];
 DWORD nFaces;
 array MeshFace faces[nFaces];
 [...]
}

template MeshNormals {
 <f6f23f43-7686-11cf-8f52-0040333594a3>
 DWORD nNormals;
 array Vector normals[nNormals];
 DWORD nFaceNormals;
 array MeshFace faceNormals[nFaceNormals];
}

template MeshMaterialList {
 <f6f23f42-7686-11cf-8f52-0040333594a3>
 DWORD nMaterials;
 DWORD nFaceIndexes;
 array DWORD faceIndexes[nFaceIndexes];
 [Material <3d82ab4d-62da-11cf-ab39-0020af71e433>]
}

template Coords2d {
 <f6f23f44-7686-11cf-8f52-0040333594a3>
 FLOAT u;
 FLOAT v;
}

template MeshTextureCoords {
 <f6f23f40-7686-11cf-8f52-0040333594a3>
 DWORD nTextureCoords;
 array Coords2d textureCoords[nTextureCoords];
}

template XSkinMeshHeader {
 <3cf169ce-ff7c-44ab-93c0-f78f62d172e2>
 WORD nMaxSkinWeightsPerVertex;
 WORD nMaxSkinWeightsPerFace;
 WORD nBones;
}

template SkinWeights {
 <6f0d123b-bad2-4167-a0d0-80224f25fabb>
 STRING transformNodeName;
 DWORD nWeights;
 array DWORD vertexIndices[nWeights];
 array FLOAT weights[nWeights];
 Matrix4x4 matrixOffset;
}

template AnimTicksPerSecond {
 <9e415a43-7ba6-4a73-8743-b73d47e88476>
 DWORD AnimTicksPerSecond;
}

template Animation {
 <3d82ab4f-62da-11cf-ab39-0020af71e433>
 [...]
}

template AnimationSet {
 <3d82ab50-62da-11cf-ab39-0020af71e433>
 [Animation <3d82ab4f-62da-11cf-ab39-0020af71e433>]
}

template FloatKeys {
 <10dd46a9-775b-11cf-8f52-0040333594a3>
 DWORD nValues;
 array FLOAT values[nValues];
}

template TimedFloatKeys {
 <f406b180-7b3b-11cf-8f52-0040333594a3>
 DWORD time;
 FloatKeys tfkeys;
}

template AnimationKey {
 <10dd46a8-775b-11cf-8f52-0040333594a3>
 DWORD keyType;
 DWORD nKeys;
 array TimedFloatKeys keys[nKeys];
}


Material _16_-_Defaultoo {
 1.000000;1.000000;1.000000;1.000000;;
 100.000000;
 0.200000;0.200000;0.200000;;
 0.000000;0.000000;0.000000;;

 TextureFilename {
  "ArticulatedShoulderpad.png";
 }
}

Frame Dummy01 {
 

 FrameTransformMatrix {
  1.000000,0.000000,0.000000,0.000000,0.000000,-0.000000,-1.000000,0.000000,0.000000,1.000000,-0.000000,0.000000,0.000000,0.000000,0.000000,1.000000;;
 }

 Frame Bip01 {
  

  FrameTransformMatrix {
   -0.087155,0.982405,-0.165183,0.000000,-0.000001,0.165814,0.986157,0.000000,0.996195,0.085949,-0.014450,0.000000,-0.010000,-0.012284,0.490453,1.000000;;
  }

  Frame Bip01_Pelvis {
   

   FrameTransformMatrix {
    0.000000,1.000000,-0.000001,0.000000,-0.000001,0.000001,1.000000,0.000000,1.000000,0.000000,0.000001,0.000000,0.000000,0.000000,0.000000,1.000000;;
   }

   Frame Bip01_Spine {
    

    FrameTransformMatrix {
     0.984686,0.000002,-0.174337,0.000000,-0.000001,1.000000,0.000004,0.000000,0.174337,-0.000004,0.984686,0.000000,0.051619,0.000000,-0.000083,1.000000;;
    }

    Frame Bip01_Spine1 {
     

     FrameTransformMatrix {
      0.997819,0.052687,0.039774,0.000000,-0.044862,0.983198,-0.176942,0.000000,-0.048428,0.174771,0.983417,0.000000,0.106484,-0.000015,-0.000083,1.000000;;
     }

     Frame Bip01_Neck {
      

      FrameTransformMatrix {
       0.966067,-0.020835,0.257451,0.000000,0.025191,0.999590,-0.013632,0.000000,-0.257061,0.019655,0.966195,0.000000,0.130511,-0.000001,0.004626,1.000000;;
      }

      Frame Bip01_Head {
       

       FrameTransformMatrix {
        0.989321,-0.051753,-0.136255,0.000000,0.064251,0.993958,0.088989,0.000000,0.130826,-0.096793,0.986669,0.000000,0.033674,-0.000000,0.000000,1.000000;;
       }
      }

      Frame Bip01_L_Clavicle {
       

       FrameTransformMatrix {
        -0.205975,0.976135,0.068811,0.000000,0.943873,0.216738,-0.249254,0.000000,-0.258220,0.013609,-0.965990,0.000000,-0.024734,0.015166,0.002017,1.000000;;
       }

       Frame Bip01_L_UpperArm {
        

        FrameTransformMatrix {
         0.385871,-0.777669,0.496320,0.000000,0.922466,0.332598,-0.196046,0.000000,-0.012616,0.533487,0.845714,0.000000,0.073469,0.000000,-0.000000,1.000000;;
        }

        Frame Bip01_L_Forearm {
         

         FrameTransformMatrix {
          0.943939,0.000000,-0.330119,0.000000,0.000000,1.000000,-0.000000,0.000000,0.330119,-0.000000,0.943939,0.000000,0.148340,0.000000,-0.000000,1.000000;;
         }

         Frame Bip01_L_Hand {
          

          FrameTransformMatrix {
           1.000000,0.000000,0.000000,0.000000,0.000000,0.000796,1.000000,0.000000,0.000000,-1.000000,0.000796,0.000000,0.131860,-0.000000,0.000000,1.000000;;
          }

          Frame Bip01_L_Finger0 {
           

           FrameTransformMatrix {
            0.690342,-0.181727,0.700288,0.000000,0.558537,0.749101,-0.356210,0.000000,-0.459853,0.637043,0.618637,0.000000,0.057681,-0.023605,-0.000272,1.000000;;
           }
          }

          Frame Bip01_L_Finger1 {
           

           FrameTransformMatrix {
            0.728079,-0.000546,0.685493,0.000000,0.000000,1.000000,0.000796,0.000000,-0.685493,-0.000580,0.728079,0.000000,0.084102,0.000000,0.000000,1.000000;;
           }
          }
         }
        }
       }
      }

      Frame Bip01_R_Clavicle {
       

       FrameTransformMatrix {
        -0.028509,-0.999573,-0.006461,0.000000,-0.965665,0.025871,0.258498,0.000000,-0.258220,0.013609,-0.965990,0.000000,-0.024080,-0.016250,0.001399,1.000000;;
       }

       Frame Bip01_R_UpperArm {
        

        FrameTransformMatrix {
         0.221390,0.975047,0.016433,0.000000,-0.974986,0.221654,-0.016512,0.000000,-0.019742,-0.012366,0.999728,0.000000,0.073469,0.000000,-0.000000,1.000000;;
        }

        Frame Bip01_R_Forearm {
         

         FrameTransformMatrix {
          0.915660,0.000000,-0.401954,0.000000,-0.000000,1.000000,-0.000000,0.000000,0.401954,-0.000000,0.915660,0.000000,0.148340,0.000000,-0.000000,1.000000;;
         }

         Frame Bip01_R_Hand {
          

          FrameTransformMatrix {
           0.975195,-0.000000,-0.221346,0.000000,-0.221346,0.000796,-0.975195,0.000000,0.000176,1.000000,0.000777,0.000000,0.131860,0.000000,0.000000,1.000000;;
          }

          Frame Bip01_R_Finger0 {
           

           FrameTransformMatrix {
            0.417774,-0.116941,0.900994,0.000000,-0.558537,0.749101,0.356210,0.000000,-0.716591,-0.652054,0.247639,0.000000,0.057681,0.023605,-0.000272,1.000000;;
           }
          }

          Frame Bip01_R_Finger1 {
           

           FrameTransformMatrix {
            0.352436,0.000745,0.935835,0.000000,0.000000,1.000000,-0.000796,0.000000,-0.935836,0.000281,0.352436,0.000000,0.084102,0.000000,0.000000,1.000000;;
           }
          }
         }
        }
       }
      }
     }

     Frame Bip01_BackPack {
      

      FrameTransformMatrix {
       0.180560,0.080500,-0.980264,0.000000,0.047560,0.994764,0.090451,0.000000,0.982413,-0.062954,0.175786,0.000000,0.063697,0.000003,-0.088856,1.000000;;
      }
     }
    }

    Frame Bip01_L_Thigh {
     

     FrameTransformMatrix {
      -0.888504,0.030427,0.457858,0.000000,-0.032107,-0.999476,0.004114,0.000000,0.457744,-0.011045,0.889016,0.000000,-0.050843,0.055225,-0.008917,1.000000;;
     }

     Frame Bip01_L_Calf {
      

      FrameTransformMatrix {
       0.942235,-0.000000,-0.334952,0.000000,-0.000000,1.000000,-0.000000,0.000000,0.334952,0.000000,0.942235,0.000000,0.237500,0.000000,-0.000000,1.000000;;
      }

      Frame Bip01_L_Foot {
       

       FrameTransformMatrix {
        0.924325,-0.026487,0.380687,0.000000,-0.068962,0.969570,0.234901,0.000000,-0.375325,-0.243378,0.894371,0.000000,0.206841,0.000000,0.000000,1.000000;;
       }

       Frame Bip01_L_Toe0 {
        

        FrameTransformMatrix {
         0.000000,0.000000,1.000000,0.000000,0.000000,1.000000,-0.000000,0.000000,-1.000000,0.000000,0.000000,0.000000,0.065373,0.000000,0.066450,1.000000;;
        }
       }
      }
     }
    }

    Frame Bip01_R_Thigh {
     

     FrameTransformMatrix {
      -0.996965,0.030321,-0.071704,0.000000,-0.029454,-0.999480,-0.013113,0.000000,-0.072065,-0.010961,0.997340,0.000000,-0.050843,-0.055225,-0.008917,1.000000;;
     }

     Frame Bip01_R_Calf {
      

      FrameTransformMatrix {
       0.730239,0.000000,-0.683192,0.000000,0.000000,1.000000,0.000000,0.000000,0.683192,-0.000000,0.730239,0.000000,0.237500,0.000000,0.000000,1.000000;;
      }

      Frame Bip01_R_Foot {
       

       FrameTransformMatrix {
        0.991957,0.087165,-0.091782,0.000000,-0.093276,0.993546,-0.064539,0.000000,0.085565,0.072581,0.993685,0.000000,0.206841,0.000000,0.000000,1.000000;;
       }

       Frame Bip01_R_Toe0 {
        

        FrameTransformMatrix {
         0.000000,0.000000,1.000000,0.000000,0.000000,1.000000,-0.000000,0.000000,-1.000000,0.000000,0.000000,0.000000,0.065373,0.000000,0.066450,1.000000;;
        }
       }
      }
     }
    }
   }

   Frame Bip01_DressFront {
    

    FrameTransformMatrix {
     -0.880185,-0.088339,0.466338,0.000000,0.121847,0.907542,0.401896,0.000000,-0.458725,0.410564,-0.788041,0.000000,-0.043935,0.001339,0.061057,1.000000;;
    }

    Frame Bip01_DressFront02 {
     

     FrameTransformMatrix {
      0.912593,0.000001,0.408870,0.000000,-0.000001,1.000000,-0.000000,0.000000,-0.408870,-0.000000,0.912593,0.000000,0.183378,-0.000000,-0.000120,1.000000;;
     }
    }
   }

   Frame Bip01_DressBack {
    

    FrameTransformMatrix {
     -0.886023,0.038029,0.462080,0.000000,0.191625,0.937561,0.290274,0.000000,-0.422190,0.345735,-0.837988,0.000000,-0.047673,-0.000048,-0.078302,1.000000;;
    }

    Frame Bip01_DressBack02 {
     

     FrameTransformMatrix {
      0.936852,0.174932,-0.302833,0.000000,-0.166408,0.984581,0.053939,0.000000,0.307600,-0.000139,0.951516,0.000000,0.176125,0.000000,-0.000103,1.000000;;
     }
    }
   }
  }

  Frame Bip01_Prop1 {
   

   FrameTransformMatrix {
    -0.233929,-0.108090,0.966227,0.000000,0.687222,0.684611,0.242967,0.000000,-0.687752,0.720850,-0.085868,0.000000,0.104667,-0.055270,-0.126340,1.000000;;
   }
  }

  Frame Bip01_Prop2 {
   

   FrameTransformMatrix {
    -0.163643,-0.967062,0.194966,0.000000,0.985576,-0.168906,-0.010564,0.000000,0.043147,0.190425,0.980753,0.000000,-0.140709,-0.103585,0.102365,1.000000;;
   }
  }
 }
}

Frame Translation_Data {
 

 FrameTransformMatrix {
  1.000000,0.000000,0.000000,0.000000,0.000000,-0.000000,-1.000000,0.000000,0.000000,1.000000,-0.000000,0.000000,0.000000,0.000000,0.000000,1.000000;;
 }
}

Frame Kate_ArticShoulder_L {
 

 FrameTransformMatrix {
  -1.000000,0.000000,0.000000,0.000000,0.000000,-1.000000,0.000000,0.000000,0.000000,0.000000,1.000000,0.000000,0.000000,-0.001215,0.093306,1.000000;;
 }

 Mesh Kate_ArticShoulder_L {
  319;
  -0.158385;-0.798789;-0.015604;,
  -0.155772;-0.769722;-0.012047;,
  -0.174755;-0.774378;-0.014390;,
  -0.185642;-0.791936;-0.020943;,
  -0.092267;-0.812028;-0.004621;,
  -0.059607;-0.805269;-0.011931;,
  -0.070928;-0.783791;0.000029;,
  -0.101617;-0.789799;0.004947;,
  -0.130369;-0.803781;-0.003909;,
  -0.130752;-0.798907;-0.007927;,
  -0.129025;-0.752559;-0.006034;,
  -0.155634;-0.771546;-0.010220;,
  -0.158247;-0.800613;-0.013745;,
  -0.099541;-0.829641;-0.037108;,
  -0.065667;-0.817121;-0.037567;,
  -0.130162;-0.818215;-0.038754;,
  -0.130544;-0.813342;-0.039679;,
  -0.080633;-0.761341;0.007880;,
  -0.102753;-0.752537;0.002374;,
  -0.161850;-0.807053;-0.044069;,
  -0.189608;-0.798840;-0.048517;,
  -0.161988;-0.805229;-0.044146;,
  -0.157259;-0.795147;-0.019118;,
  -0.184544;-0.788486;-0.024610;,
  -0.173632;-0.774577;-0.019143;,
  -0.154876;-0.769261;-0.016824;,
  -0.092702;-0.803375;-0.012116;,
  -0.101321;-0.784116;-0.004626;,
  -0.071042;-0.781223;-0.004270;,
  -0.060209;-0.800964;-0.014925;,
  -0.129662;-0.795840;-0.011851;,
  -0.128130;-0.752340;-0.010824;,
  -0.066838;-0.811795;-0.038317;,
  -0.099405;-0.819304;-0.038700;,
  -0.129259;-0.807980;-0.039900;,
  -0.077447;-0.758556;0.004760;,
  -0.101403;-0.750296;-0.006813;,
  -0.160941;-0.799812;-0.044294;,
  -0.188537;-0.793426;-0.048517;,
  -0.174755;-0.774378;-0.014390;,
  -0.173632;-0.774577;-0.019143;,
  -0.184544;-0.788486;-0.024610;,
  -0.185642;-0.791936;-0.020943;,
  -0.188537;-0.793426;-0.048517;,
  -0.189608;-0.798840;-0.048517;,
  -0.065667;-0.817121;-0.037567;,
  -0.066838;-0.811795;-0.038317;,
  -0.060209;-0.800964;-0.014925;,
  -0.059607;-0.805269;-0.011931;,
  -0.071042;-0.781223;-0.004270;,
  -0.070928;-0.783791;0.000029;,
  -0.077447;-0.758556;0.004760;,
  -0.080633;-0.761341;0.007880;,
  -0.101403;-0.750296;-0.006813;,
  -0.103135;-0.750173;-0.002202;,
  -0.128130;-0.752340;-0.010824;,
  -0.129025;-0.752559;-0.006034;,
  -0.154876;-0.769261;-0.016824;,
  -0.155772;-0.769722;-0.012047;,
  -0.158385;-0.798789;-0.081430;,
  -0.185642;-0.791936;-0.076183;,
  -0.174755;-0.774378;-0.080827;,
  -0.155772;-0.769722;-0.084988;,
  -0.092267;-0.812028;-0.092283;,
  -0.101617;-0.789799;-0.101851;,
  -0.070928;-0.783792;-0.097064;,
  -0.059607;-0.805269;-0.085103;,
  -0.130369;-0.803781;-0.092995;,
  -0.130752;-0.798907;-0.089107;,
  -0.158247;-0.800613;-0.083134;,
  -0.155634;-0.771546;-0.086620;,
  -0.129025;-0.762643;-0.091000;,
  -0.065667;-0.817121;-0.059467;,
  -0.099541;-0.829641;-0.059796;,
  -0.130162;-0.818215;-0.058150;,
  -0.130544;-0.813342;-0.057355;,
  -0.080633;-0.761341;-0.104914;,
  -0.102753;-0.752537;-0.099278;,
  -0.161850;-0.807053;-0.052810;,
  -0.161988;-0.805229;-0.052888;,
  -0.157259;-0.795148;-0.077916;,
  -0.154876;-0.769261;-0.080211;,
  -0.173632;-0.774577;-0.076074;,
  -0.184544;-0.788486;-0.072516;,
  -0.092702;-0.803375;-0.084919;,
  -0.060209;-0.800964;-0.082109;,
  -0.071042;-0.781223;-0.092765;,
  -0.101321;-0.784116;-0.092408;,
  -0.129662;-0.795840;-0.085184;,
  -0.128130;-0.762424;-0.086210;,
  -0.099405;-0.819304;-0.058334;,
  -0.066838;-0.811795;-0.058717;,
  -0.129259;-0.807980;-0.057135;,
  -0.077447;-0.758556;-0.101794;,
  -0.101403;-0.750296;-0.090221;,
  -0.160941;-0.799813;-0.052741;,
  -0.174755;-0.774378;-0.080827;,
  -0.185642;-0.791936;-0.076183;,
  -0.184544;-0.788486;-0.072516;,
  -0.173632;-0.774577;-0.076074;,
  -0.065667;-0.817121;-0.059467;,
  -0.059607;-0.805269;-0.085103;,
  -0.060209;-0.800964;-0.082109;,
  -0.066838;-0.811795;-0.058717;,
  -0.070928;-0.783792;-0.097064;,
  -0.071042;-0.781223;-0.092765;,
  -0.080633;-0.761341;-0.104914;,
  -0.077447;-0.758556;-0.101794;,
  -0.103135;-0.750173;-0.094833;,
  -0.101403;-0.750296;-0.090221;,
  -0.129025;-0.762643;-0.091000;,
  -0.128130;-0.762424;-0.086210;,
  -0.155772;-0.769722;-0.084988;,
  -0.154876;-0.769261;-0.080211;,
  -0.160941;-0.799812;-0.044294;,
  -0.160941;-0.799813;-0.052741;,
  -0.188537;-0.793426;-0.048517;,
  -0.129259;-0.807980;-0.039900;,
  -0.129259;-0.807980;-0.057135;,
  -0.099405;-0.819304;-0.038700;,
  -0.099405;-0.819304;-0.058334;,
  -0.066838;-0.811795;-0.038317;,
  -0.066838;-0.811795;-0.058717;,
  0.080064;-0.689968;-0.078880;,
  0.069143;-0.694426;-0.117638;,
  0.063281;-0.694130;-0.113882;,
  0.072519;-0.689968;-0.078880;,
  0.041514;-0.704439;-0.133295;,
  0.040240;-0.702881;-0.128653;,
  -0.003169;-0.715199;-0.125247;,
  -0.003427;-0.713977;-0.120344;,
  -0.051293;-0.732501;-0.119052;,
  -0.051293;-0.731035;-0.114209;,
  -0.092598;-0.759965;-0.099005;,
  -0.092834;-0.759319;-0.093993;,
  0.080064;-0.706369;-0.078880;,
  0.072519;-0.706369;-0.078880;,
  0.064072;-0.710390;-0.111888;,
  0.069934;-0.710686;-0.115645;,
  0.042818;-0.718009;-0.122867;,
  0.044092;-0.719568;-0.127509;,
  -0.000146;-0.729527;-0.116294;,
  0.000112;-0.730749;-0.121197;,
  -0.044155;-0.745167;-0.109931;,
  -0.044155;-0.746633;-0.114774;,
  -0.078582;-0.767257;-0.092299;,
  -0.078347;-0.767903;-0.097312;,
  0.080064;-0.689968;-0.078880;,
  0.080064;-0.706369;-0.078880;,
  0.069934;-0.710686;-0.115645;,
  0.069143;-0.694426;-0.117638;,
  0.044092;-0.719568;-0.127509;,
  0.041514;-0.704439;-0.133295;,
  0.000112;-0.730749;-0.121197;,
  -0.003169;-0.715199;-0.125247;,
  -0.044155;-0.746633;-0.114774;,
  -0.051293;-0.732501;-0.119052;,
  -0.078347;-0.767903;-0.097312;,
  -0.092598;-0.759965;-0.099005;,
  -0.092834;-0.759319;-0.093993;,
  -0.078582;-0.767257;-0.092299;,
  -0.044155;-0.745167;-0.109931;,
  -0.051293;-0.731035;-0.114209;,
  -0.000146;-0.729527;-0.116294;,
  -0.003427;-0.713977;-0.120344;,
  0.042818;-0.718009;-0.122867;,
  0.040240;-0.702881;-0.128653;,
  0.064072;-0.710390;-0.111888;,
  0.063281;-0.694130;-0.113882;,
  0.072519;-0.706369;-0.078880;,
  0.072519;-0.689968;-0.078880;,
  0.085074;-0.690788;-0.049329;,
  0.077528;-0.690788;-0.049329;,
  0.073533;-0.694208;-0.028255;,
  0.077608;-0.694208;-0.025256;,
  0.043872;-0.699980;-0.013579;,
  0.045165;-0.699667;-0.008697;,
  -0.008144;-0.712169;-0.002912;,
  -0.007873;-0.713069;0.002060;,
  -0.058393;-0.733474;0.000622;,
  -0.058724;-0.734902;0.005465;,
  -0.094720;-0.759674;-0.003599;,
  -0.094720;-0.759674;0.001461;,
  0.085074;-0.707189;-0.049329;,
  0.077608;-0.710608;-0.025256;,
  0.073533;-0.710608;-0.028255;,
  0.077528;-0.707189;-0.049329;,
  0.048489;-0.715727;-0.008548;,
  0.047196;-0.716040;-0.013430;,
  -0.003235;-0.728502;-0.000986;,
  -0.003506;-0.727603;-0.005958;,
  -0.054963;-0.750282;0.001187;,
  -0.054631;-0.748854;-0.003656;,
  -0.080453;-0.767763;-0.000544;,
  -0.080453;-0.767763;-0.005604;,
  0.085074;-0.690788;-0.049329;,
  0.077608;-0.694208;-0.025256;,
  0.077608;-0.710608;-0.025256;,
  0.085074;-0.707189;-0.049329;,
  0.045165;-0.699667;-0.008697;,
  0.048489;-0.715727;-0.008548;,
  -0.007873;-0.713069;0.002060;,
  -0.003235;-0.728502;-0.000986;,
  -0.058724;-0.734902;0.005465;,
  -0.054963;-0.750282;0.001187;,
  -0.094720;-0.759674;0.001461;,
  -0.080453;-0.767763;-0.000544;,
  -0.094720;-0.759674;-0.003599;,
  -0.058393;-0.733474;0.000622;,
  -0.054631;-0.748854;-0.003656;,
  -0.080453;-0.767763;-0.005604;,
  -0.008144;-0.712169;-0.002912;,
  -0.003506;-0.727603;-0.005958;,
  0.043872;-0.699980;-0.013579;,
  0.047196;-0.716040;-0.013430;,
  0.073533;-0.694208;-0.028255;,
  0.073533;-0.710608;-0.028255;,
  0.077528;-0.690788;-0.049329;,
  0.077528;-0.707189;-0.049329;,
  0.077528;-0.707189;-0.049329;,
  0.077528;-0.690788;-0.049329;,
  0.072519;-0.689968;-0.078880;,
  0.072519;-0.706369;-0.078880;,
  0.077528;-0.707189;-0.049329;,
  0.072519;-0.706369;-0.078880;,
  0.080064;-0.706369;-0.078880;,
  0.085074;-0.707189;-0.049329;,
  0.085074;-0.707189;-0.049329;,
  0.080064;-0.706369;-0.078880;,
  0.080064;-0.689968;-0.078880;,
  0.085074;-0.690788;-0.049329;,
  0.077528;-0.690788;-0.049329;,
  0.085074;-0.690788;-0.049329;,
  0.080064;-0.689968;-0.078880;,
  0.072519;-0.689968;-0.078880;,
  -0.080633;-0.761341;0.007880;,
  -0.103135;-0.750173;-0.002202;,
  -0.102753;-0.752537;0.002374;,
  -0.103135;-0.750173;-0.002202;,
  -0.129025;-0.752559;-0.006034;,
  -0.128642;-0.754922;-0.001831;,
  -0.128642;-0.754922;-0.001831;,
  -0.102753;-0.752537;0.002374;,
  -0.103135;-0.750173;-0.002202;,
  -0.129025;-0.752559;-0.006034;,
  -0.130752;-0.798907;-0.007927;,
  -0.130369;-0.803781;-0.003909;,
  -0.130369;-0.803781;-0.003909;,
  -0.128642;-0.754922;-0.001831;,
  -0.129025;-0.752559;-0.006034;,
  -0.130752;-0.798907;-0.007927;,
  -0.130544;-0.813342;-0.039679;,
  -0.130162;-0.818215;-0.038754;,
  -0.130162;-0.818215;-0.038754;,
  -0.130369;-0.803781;-0.003909;,
  -0.130752;-0.798907;-0.007927;,
  -0.130544;-0.813342;-0.039679;,
  -0.130544;-0.813342;-0.057355;,
  -0.130162;-0.818215;-0.058150;,
  -0.130162;-0.818215;-0.038754;,
  -0.130544;-0.813342;-0.057355;,
  -0.130752;-0.798907;-0.089107;,
  -0.130369;-0.803781;-0.092995;,
  -0.130369;-0.803781;-0.092995;,
  -0.130162;-0.818215;-0.058150;,
  -0.130544;-0.813342;-0.057355;,
  -0.130752;-0.798907;-0.089107;,
  -0.129025;-0.762643;-0.091000;,
  -0.128642;-0.765006;-0.095073;,
  -0.128642;-0.765006;-0.095073;,
  -0.130369;-0.803781;-0.092995;,
  -0.130752;-0.798907;-0.089107;,
  -0.129025;-0.762643;-0.091000;,
  -0.103135;-0.750173;-0.094833;,
  -0.102753;-0.752537;-0.099278;,
  -0.102753;-0.752537;-0.099278;,
  -0.128642;-0.765006;-0.095073;,
  -0.129025;-0.762643;-0.091000;,
  -0.103135;-0.750173;-0.094833;,
  -0.080633;-0.761341;-0.104914;,
  -0.102753;-0.752537;-0.099278;,
  -0.155772;-0.769722;-0.012047;,
  -0.158385;-0.798789;-0.015604;,
  -0.158247;-0.800613;-0.013745;,
  -0.158247;-0.800613;-0.013745;,
  -0.155634;-0.771546;-0.010220;,
  -0.155772;-0.769722;-0.012047;,
  -0.158385;-0.798789;-0.015604;,
  -0.161988;-0.805229;-0.044146;,
  -0.161850;-0.807053;-0.044069;,
  -0.161850;-0.807053;-0.044069;,
  -0.158247;-0.800613;-0.013745;,
  -0.158385;-0.798789;-0.015604;,
  -0.161988;-0.805229;-0.044146;,
  -0.161988;-0.805229;-0.052888;,
  -0.161850;-0.807053;-0.052810;,
  -0.161850;-0.807053;-0.052810;,
  -0.161850;-0.807053;-0.044069;,
  -0.161988;-0.805229;-0.044146;,
  -0.161988;-0.805229;-0.052888;,
  -0.158385;-0.798789;-0.081430;,
  -0.158247;-0.800613;-0.083134;,
  -0.158247;-0.800613;-0.083134;,
  -0.161850;-0.807053;-0.052810;,
  -0.161988;-0.805229;-0.052888;,
  -0.158385;-0.798789;-0.081430;,
  -0.155772;-0.769722;-0.084988;,
  -0.155634;-0.771546;-0.086620;,
  -0.155634;-0.771546;-0.086620;,
  -0.158247;-0.800613;-0.083134;,
  -0.158385;-0.798789;-0.081430;,
  -0.155772;-0.769722;-0.084988;,
  -0.129025;-0.762643;-0.091000;,
  -0.155634;-0.771546;-0.086620;,
  -0.129025;-0.752559;-0.006034;,
  -0.155772;-0.769722;-0.012047;,
  -0.155634;-0.771546;-0.010220;,
  -0.128642;-0.765006;-0.095073;,
  -0.128642;-0.754922;-0.001831;;
  244;
  3;0,1,2;,
  3;2,3,0;,
  3;4,5,6;,
  3;6,7,4;,
  3;8,4,7;,
  3;9,10,11;,
  3;11,12,9;,
  3;5,4,13;,
  3;13,14,5;,
  3;13,4,8;,
  3;8,15,13;,
  3;16,9,12;,
  3;17,18,7;,
  3;7,6,17;,
  3;16,12,19;,
  3;0,3,20;,
  3;20,21,0;,
  3;22,23,24;,
  3;24,25,22;,
  3;26,27,28;,
  3;28,29,26;,
  3;30,27,26;,
  3;30,22,25;,
  3;25,31,30;,
  3;29,32,33;,
  3;33,26,29;,
  3;26,33,34;,
  3;34,30,26;,
  3;34,22,30;,
  3;35,28,27;,
  3;27,36,35;,
  3;27,30,36;,
  3;30,31,36;,
  3;34,37,22;,
  3;22,37,38;,
  3;38,23,22;,
  3;39,40,41;,
  3;41,42,39;,
  3;41,43,44;,
  3;44,42,41;,
  3;45,46,47;,
  3;47,48,45;,
  3;47,49,50;,
  3;50,48,47;,
  3;49,51,52;,
  3;52,50,49;,
  3;51,53,54;,
  3;54,52,51;,
  3;54,53,55;,
  3;55,56,54;,
  3;55,57,58;,
  3;58,56,55;,
  3;57,40,39;,
  3;39,58,57;,
  3;59,60,61;,
  3;61,62,59;,
  3;63,64,65;,
  3;65,66,63;,
  3;67,64,63;,
  3;68,69,70;,
  3;70,71,68;,
  3;66,72,73;,
  3;73,63,66;,
  3;67,63,73;,
  3;73,74,67;,
  3;75,69,68;,
  3;76,65,64;,
  3;64,77,76;,
  3;75,78,69;,
  3;59,79,20;,
  3;20,60,59;,
  3;80,81,82;,
  3;82,83,80;,
  3;84,85,86;,
  3;86,87,84;,
  3;88,84,87;,
  3;88,89,81;,
  3;81,80,88;,
  3;85,84,90;,
  3;90,91,85;,
  3;84,88,92;,
  3;92,90,84;,
  3;92,88,80;,
  3;93,94,87;,
  3;87,86,93;,
  3;87,94,88;,
  3;88,94,89;,
  3;92,80,95;,
  3;80,83,38;,
  3;38,95,80;,
  3;96,97,98;,
  3;98,99,96;,
  3;98,97,44;,
  3;44,43,98;,
  3;100,101,102;,
  3;102,103,100;,
  3;102,101,104;,
  3;104,105,102;,
  3;105,104,106;,
  3;106,107,105;,
  3;107,106,108;,
  3;108,109,107;,
  3;108,110,111;,
  3;111,109,108;,
  3;111,110,112;,
  3;112,113,111;,
  3;113,112,96;,
  3;96,99,113;,
  3;114,115,116;,
  3;117,118,115;,
  3;115,114,117;,
  3;119,120,118;,
  3;118,117,119;,
  3;121,122,120;,
  3;120,119,121;,
  3;21,20,79;,
  3;19,78,75;,
  3;75,16,19;,
  3;15,74,73;,
  3;73,13,15;,
  3;14,13,73;,
  3;73,72,14;,
  3;46,45,100;,
  3;100,103,46;,
  3;123,124,125;,
  3;125,126,123;,
  3;124,127,128;,
  3;128,125,124;,
  3;127,129,130;,
  3;130,128,127;,
  3;129,131,132;,
  3;132,130,129;,
  3;131,133,134;,
  3;134,132,131;,
  3;135,136,137;,
  3;137,138,135;,
  3;138,137,139;,
  3;139,140,138;,
  3;140,139,141;,
  3;141,142,140;,
  3;142,141,143;,
  3;143,144,142;,
  3;144,143,145;,
  3;145,146,144;,
  3;147,148,149;,
  3;149,150,147;,
  3;150,149,151;,
  3;151,152,150;,
  3;152,151,153;,
  3;153,154,152;,
  3;154,153,155;,
  3;155,156,154;,
  3;156,155,157;,
  3;157,158,156;,
  3;159,160,161;,
  3;161,162,159;,
  3;162,161,163;,
  3;163,164,162;,
  3;164,163,165;,
  3;165,166,164;,
  3;166,165,167;,
  3;167,168,166;,
  3;168,167,169;,
  3;169,170,168;,
  3;171,172,173;,
  3;173,174,171;,
  3;174,173,175;,
  3;175,176,174;,
  3;176,175,177;,
  3;177,178,176;,
  3;178,177,179;,
  3;179,180,178;,
  3;180,179,181;,
  3;181,182,180;,
  3;183,184,185;,
  3;185,186,183;,
  3;184,187,188;,
  3;188,185,184;,
  3;187,189,190;,
  3;190,188,187;,
  3;189,191,192;,
  3;192,190,189;,
  3;191,193,194;,
  3;194,192,191;,
  3;195,196,197;,
  3;197,198,195;,
  3;196,199,200;,
  3;200,197,196;,
  3;199,201,202;,
  3;202,200,199;,
  3;201,203,204;,
  3;204,202,201;,
  3;203,205,206;,
  3;206,204,203;,
  3;207,208,209;,
  3;209,210,207;,
  3;208,211,212;,
  3;212,209,208;,
  3;211,213,214;,
  3;214,212,211;,
  3;213,215,216;,
  3;216,214,213;,
  3;215,217,218;,
  3;218,216,215;,
  3;219,220,221;,
  3;221,222,219;,
  3;223,224,225;,
  3;225,226,223;,
  3;227,228,229;,
  3;229,230,227;,
  3;231,232,233;,
  3;233,234,231;,
  3;235,236,237;,
  3;238,239,240;,
  3;241,242,243;,
  3;244,245,246;,
  3;247,248,249;,
  3;250,251,252;,
  3;253,254,255;,
  3;256,257,258;,
  3;258,259,256;,
  3;260,261,262;,
  3;263,264,265;,
  3;266,267,268;,
  3;269,270,271;,
  3;272,273,274;,
  3;275,276,277;,
  3;278,279,280;,
  3;281,282,283;,
  3;284,285,286;,
  3;287,288,289;,
  3;290,291,292;,
  3;293,294,295;,
  3;296,297,298;,
  3;299,300,301;,
  3;302,303,304;,
  3;305,306,307;,
  3;308,309,310;,
  3;311,312,313;,
  3;314,315,316;,
  3;317,77,64;,
  3;64,67,317;,
  3;7,18,318;,
  3;318,8,7;;

  MeshNormals {
   319;
   -0.256375;-0.621726;0.740087;,
   -0.094479;-0.112566;0.989142;,
   -0.164551;-0.158778;0.973505;,
   -0.303365;-0.723624;0.619950;,
   0.100120;-0.679189;0.727103;,
   0.309851;-0.688638;0.655568;,
   0.228272;-0.299566;0.926365;,
   -0.050479;-0.195514;0.979401;,
   -0.249572;-0.547823;0.798501;,
   -0.123778;-0.518909;0.845821;,
   -0.130461;-0.035605;0.990814;,
   -0.156309;-0.059521;0.985913;,
   -0.181999;-0.684218;0.706202;,
   -0.008428;-0.977084;0.212689;,
   0.343018;-0.921343;0.182937;,
   -0.352283;-0.917581;0.184235;,
   -0.166033;-0.971325;0.170179;,
   -0.033326;-0.078104;0.996388;,
   -0.188471;0.061922;0.980125;,
   -0.209631;-0.972459;0.101876;,
   -0.272917;-0.962037;0.000186;,
   -0.243751;-0.960141;0.136805;,
   0.207523;0.648509;-0.732374;,
   0.223920;0.646203;-0.729577;,
   0.137711;0.047302;-0.989342;,
   0.164328;0.054172;-0.984917;,
   0.013158;0.724651;-0.688990;,
   0.171827;0.215117;-0.961353;,
   0.041962;0.339508;-0.939667;,
   -0.119882;0.750765;-0.649600;,
   0.205312;0.544449;-0.813278;,
   0.171662;0.048828;-0.983945;,
   -0.140253;0.977761;-0.155924;,
   0.102886;0.990144;-0.095019;,
   0.209010;0.975633;-0.066746;,
   0.231076;0.148011;-0.961611;,
   0.229074;0.063324;-0.971347;,
   0.199892;0.979626;-0.019407;,
   0.217125;0.976109;-0.008300;,
   -0.525651;0.843366;-0.111466;,
   -0.523431;0.837145;-0.158773;,
   -0.905027;0.414480;0.095565;,
   -0.903609;0.411988;0.117291;,
   -0.980982;0.194099;0.000261;,
   -0.976718;0.214529;0.000154;,
   0.971391;0.178025;-0.157182;,
   0.966510;0.188011;-0.174672;,
   0.982056;0.184541;0.038864;,
   0.990145;0.140030;0.001979;,
   0.913810;0.337917;0.225307;,
   0.912428;0.358619;0.197149;,
   0.475143;0.412307;0.777330;,
   0.476170;0.410476;0.777671;,
   0.120434;0.992541;0.018919;,
   0.092216;0.994350;0.052579;,
   -0.317822;0.947961;-0.018932;,
   -0.324000;0.945900;-0.017237;,
   -0.398822;0.917025;0.002392;,
   -0.387895;0.921593;0.014259;,
   -0.279889;-0.599732;-0.749656;,
   -0.300726;-0.700902;-0.646761;,
   -0.202619;-0.111858;-0.972848;,
   -0.188876;-0.102549;-0.976632;,
   0.098588;-0.679744;-0.726793;,
   -0.051459;-0.195169;-0.979419;,
   0.224783;-0.301232;-0.926678;,
   0.307430;-0.689017;-0.656310;,
   -0.247519;-0.551777;-0.796415;,
   -0.132148;-0.517567;-0.845376;,
   -0.185887;-0.684026;-0.705376;,
   -0.172349;-0.067387;-0.982728;,
   -0.147750;-0.044536;-0.988021;,
   0.342368;-0.921473;-0.183499;,
   -0.008680;-0.977116;-0.212530;,
   -0.352284;-0.917581;-0.184229;,
   -0.166802;-0.971105;-0.170683;,
   -0.038227;-0.079023;-0.996140;,
   -0.206360;0.061130;-0.976565;,
   -0.210077;-0.972398;-0.101541;,
   -0.243752;-0.960141;-0.136799;,
   0.207282;0.649580;-0.731492;,
   0.164506;0.054931;-0.984845;,
   0.137711;0.047302;-0.989342;,
   0.223916;0.646191;-0.729588;,
   0.013151;0.725013;-0.688610;,
   -0.119736;0.750743;-0.649652;,
   0.041966;0.339542;-0.939654;,
   0.171864;0.212875;-0.961846;,
   0.205538;0.543781;-0.813669;,
   0.171652;0.048825;-0.983947;,
   0.102901;0.990136;-0.095088;,
   -0.139954;0.977867;-0.155531;,
   0.209193;0.975597;-0.066696;,
   0.231009;0.148761;-0.961512;,
   0.229228;0.064077;-0.971261;,
   0.199892;0.979625;-0.019455;,
   -0.527969;0.841649;0.113467;,
   -0.901518;0.415435;-0.121161;,
   -0.901482;0.420673;-0.101806;,
   -0.528388;0.833830;0.159791;,
   0.971391;0.178025;0.157181;,
   0.990146;0.140027;-0.001978;,
   0.982056;0.184541;-0.038870;,
   0.966510;0.188013;0.174669;,
   0.912428;0.358616;-0.197155;,
   0.913810;0.337914;-0.225312;,
   0.476170;0.410482;-0.777667;,
   0.475148;0.412306;-0.777328;,
   -0.079545;0.996809;0.006736;,
   -0.039417;0.998370;0.041267;,
   -0.342731;0.939198;0.021058;,
   -0.342370;0.939216;0.025597;,
   -0.252212;0.966699;-0.043393;,
   -0.252678;0.966923;-0.034830;,
   0.238667;0.971102;-0.000009;,
   0.238666;0.971102;-0.000007;,
   0.225480;0.974248;-0.000009;,
   0.305565;0.952171;-0.000001;,
   0.305565;0.952171;0.000000;,
   0.063148;0.998004;0.000000;,
   0.063149;0.998004;-0.000002;,
   -0.224694;0.974429;-0.000007;,
   -0.224692;0.974430;-0.000011;,
   -0.002574;0.993146;-0.116852;,
   -0.082328;0.974407;-0.209171;,
   -0.087973;0.972431;-0.215958;,
   0.000000;0.993005;-0.118069;,
   -0.215712;0.908379;-0.358212;,
   -0.217328;0.906591;-0.361749;,
   -0.308079;0.918942;-0.246237;,
   -0.315564;0.915509;-0.249525;,
   -0.483266;0.838822;-0.250664;,
   -0.503508;0.827177;-0.249515;,
   -0.592070;0.795269;-0.130383;,
   -0.594441;0.792298;-0.137493;,
   0.002897;-0.992826;0.119535;,
   0.000000;-0.992662;0.120919;,
   0.094937;-0.969304;0.226797;,
   0.085547;-0.973289;0.213052;,
   0.225615;-0.903794;0.363669;,
   0.222572;-0.906229;0.359460;,
   0.318028;-0.914659;0.249513;,
   0.311369;-0.917838;0.246215;,
   0.497827;-0.830338;0.250414;,
   0.474948;-0.843377;0.251275;,
   0.574601;-0.806322;0.140279;,
   0.571139;-0.810277;0.131347;,
   0.963550;0.003545;-0.267507;,
   0.964069;0.000000;-0.265652;,
   0.752503;-0.045751;-0.656998;,
   0.797450;-0.059803;-0.600415;,
   0.236306;-0.288785;-0.927773;,
   0.265285;-0.293102;-0.918540;,
   -0.067771;-0.275424;-0.958931;,
   -0.075791;-0.270624;-0.959697;,
   -0.124677;-0.340124;-0.932079;,
   -0.105700;-0.346501;-0.932075;,
   -0.152633;-0.429840;-0.889911;,
   -0.138996;-0.438912;-0.887714;,
   0.162282;0.437768;0.884321;,
   0.152508;0.460364;0.874532;,
   0.109780;0.347386;0.931274;,
   0.106917;0.332004;0.937199;,
   0.051812;0.266565;0.962423;,
   0.056309;0.274665;0.959890;,
   -0.213021;0.305537;0.928046;,
   -0.248381;0.282665;0.926503;,
   -0.799015;0.062655;0.598037;,
   -0.830067;0.030439;0.556832;,
   -0.967254;-0.004325;0.253775;,
   -0.966891;0.000000;0.255191;,
   -0.013134;0.988118;0.153136;,
   0.000000;0.987091;0.160162;,
   -0.092914;0.985984;0.138575;,
   -0.102024;0.987045;0.123828;,
   -0.198466;0.980102;-0.003371;,
   -0.202128;0.979354;-0.003204;,
   -0.283893;0.941715;0.180492;,
   -0.297247;0.936240;0.187346;,
   -0.470621;0.854914;0.218261;,
   -0.495460;0.843555;0.207206;,
   -0.569335;0.821976;0.014602;,
   -0.566903;0.823784;0.000002;,
   0.013133;-0.988118;-0.153133;,
   0.103192;-0.986896;-0.124046;,
   0.092857;-0.985977;-0.138659;,
   0.000000;-0.987091;-0.160158;,
   0.202818;-0.979213;0.002582;,
   0.198956;-0.980005;0.002608;,
   0.295942;-0.936661;-0.187309;,
   0.286878;-0.940857;-0.180248;,
   0.495154;-0.844404;-0.204464;,
   0.469618;-0.855416;-0.218457;,
   0.565572;-0.824699;-0.000011;,
   0.569087;-0.822033;-0.020070;,
   0.955127;0.000000;0.296198;,
   0.797151;0.014483;0.603607;,
   0.757777;0.000000;0.652513;,
   0.955127;0.000000;0.296198;,
   0.300628;0.053916;0.952216;,
   0.298750;0.055972;0.952689;,
   0.173589;-0.148017;0.973631;,
   0.160055;-0.128112;0.978759;,
   0.127291;-0.228144;0.965271;,
   0.122937;-0.231387;0.965063;,
   0.026265;-0.196579;0.980136;,
   0.041040;-0.205906;0.977711;,
   -0.053279;0.192202;-0.979908;,
   -0.110817;0.232709;-0.966212;,
   -0.096731;0.234504;-0.967291;,
   -0.045613;0.163773;-0.985443;,
   -0.156366;0.127838;-0.979391;,
   -0.155265;0.153575;-0.975862;,
   -0.330943;-0.061524;-0.941643;,
   -0.332423;-0.060172;-0.941209;,
   -0.827179;0.000000;-0.561939;,
   -0.766776;-0.018279;-0.641654;,
   -0.982498;0.000000;-0.186275;,
   -0.982498;0.000000;-0.186275;,
   -0.985935;0.000000;0.167131;,
   -0.985935;0.000000;0.167131;,
   -0.985935;0.000000;0.167131;,
   -0.985935;0.000000;0.167131;,
   0.000000;-0.999615;-0.027741;,
   0.000000;-0.999615;-0.027741;,
   0.000000;-0.999615;-0.027741;,
   0.000000;-0.999615;-0.027741;,
   0.985935;0.000000;-0.167131;,
   0.985935;0.000000;-0.167131;,
   0.985935;0.000000;-0.167131;,
   0.985935;0.000000;-0.167131;,
   0.000000;0.999615;0.027741;,
   0.000000;0.999615;0.027741;,
   0.000000;0.999615;0.027741;,
   0.000000;0.999615;0.027741;,
   0.239622;0.870657;0.429578;,
   0.239622;0.870657;0.429578;,
   0.239622;0.870657;0.429578;,
   -0.152106;0.855526;0.494913;,
   -0.152106;0.855526;0.494913;,
   -0.152106;0.855526;0.494913;,
   -0.155689;0.872320;0.463486;,
   -0.155689;0.872320;0.463486;,
   -0.155689;0.872320;0.463486;,
   -0.990679;0.031504;0.132522;,
   -0.990679;0.031504;0.132522;,
   -0.990679;0.031504;0.132522;,
   -0.993721;0.030551;0.107631;,
   -0.993721;0.030551;0.107631;,
   -0.993721;0.030551;0.107631;,
   -0.996959;-0.073188;0.026749;,
   -0.996959;-0.073188;0.026749;,
   -0.996959;-0.073188;0.026749;,
   -0.997878;-0.062049;0.019755;,
   -0.997878;-0.062049;0.019755;,
   -0.997878;-0.062049;0.019755;,
   -0.996932;-0.078268;0.000000;,
   -0.996932;-0.078268;0.000000;,
   -0.996932;-0.078268;0.000000;,
   -0.996932;-0.078268;0.000000;,
   -0.997891;-0.061308;-0.021342;,
   -0.997891;-0.061308;-0.021342;,
   -0.997891;-0.061308;-0.021342;,
   -0.996934;-0.074219;-0.024801;,
   -0.996934;-0.074219;-0.024801;,
   -0.996934;-0.074219;-0.024801;,
   -0.992269;0.041145;-0.117088;,
   -0.992269;0.041145;-0.117088;,
   -0.992269;0.041145;-0.117088;,
   -0.989063;0.036398;-0.142932;,
   -0.989063;0.036398;-0.142932;,
   -0.989063;0.036398;-0.142932;,
   -0.440655;0.776395;-0.450594;,
   -0.440655;0.776395;-0.450594;,
   -0.440655;0.776395;-0.450594;,
   -0.442668;0.756889;-0.480795;,
   -0.442668;0.756889;-0.480795;,
   -0.442668;0.756889;-0.480795;,
   0.232757;0.866921;-0.440763;,
   0.232757;0.866921;-0.440763;,
   0.232757;0.866921;-0.440763;,
   -0.987135;0.071217;0.143153;,
   -0.987135;0.071217;0.143153;,
   -0.987135;0.071217;0.143153;,
   -0.986805;0.071062;0.145487;,
   -0.986805;0.071062;0.145487;,
   -0.986805;0.071062;0.145487;,
   -0.987731;-0.068745;0.140224;,
   -0.987731;-0.068745;0.140224;,
   -0.987731;-0.068745;0.140224;,
   -0.993221;0.037128;0.110155;,
   -0.993221;0.037128;0.110155;,
   -0.993221;0.037128;0.110155;,
   -0.997153;-0.075408;0.000001;,
   -0.997153;-0.075408;0.000001;,
   -0.997153;-0.075408;0.000001;,
   -0.997151;-0.075432;0.000006;,
   -0.997151;-0.075432;0.000006;,
   -0.997151;-0.075432;0.000006;,
   -0.992469;0.034650;-0.117493;,
   -0.992469;0.034650;-0.117493;,
   -0.992469;0.034650;-0.117493;,
   -0.987651;-0.080418;-0.134458;,
   -0.987651;-0.080418;-0.134458;,
   -0.987651;-0.080418;-0.134458;,
   -0.984668;0.068902;-0.160257;,
   -0.984668;0.068902;-0.160257;,
   -0.984668;0.068902;-0.160257;,
   -0.985461;0.070021;-0.154802;,
   -0.985461;0.070021;-0.154802;,
   -0.985461;0.070021;-0.154802;,
   -0.324466;0.616998;-0.716963;,
   -0.324466;0.616998;-0.716963;,
   -0.324466;0.616998;-0.716963;,
   -0.516438;0.586124;0.624300;,
   -0.516438;0.586124;0.624300;,
   -0.516438;0.586124;0.624300;,
   -0.227601;0.018083;-0.973587;,
   -0.214569;0.023505;0.976426;;
   244;
   3;0,1,2;,
   3;2,3,0;,
   3;4,5,6;,
   3;6,7,4;,
   3;8,4,7;,
   3;9,10,11;,
   3;11,12,9;,
   3;5,4,13;,
   3;13,14,5;,
   3;13,4,8;,
   3;8,15,13;,
   3;16,9,12;,
   3;17,18,7;,
   3;7,6,17;,
   3;16,12,19;,
   3;0,3,20;,
   3;20,21,0;,
   3;22,23,24;,
   3;24,25,22;,
   3;26,27,28;,
   3;28,29,26;,
   3;30,27,26;,
   3;30,22,25;,
   3;25,31,30;,
   3;29,32,33;,
   3;33,26,29;,
   3;26,33,34;,
   3;34,30,26;,
   3;34,22,30;,
   3;35,28,27;,
   3;27,36,35;,
   3;27,30,36;,
   3;30,31,36;,
   3;34,37,22;,
   3;22,37,38;,
   3;38,23,22;,
   3;39,40,41;,
   3;41,42,39;,
   3;41,43,44;,
   3;44,42,41;,
   3;45,46,47;,
   3;47,48,45;,
   3;47,49,50;,
   3;50,48,47;,
   3;49,51,52;,
   3;52,50,49;,
   3;51,53,54;,
   3;54,52,51;,
   3;54,53,55;,
   3;55,56,54;,
   3;55,57,58;,
   3;58,56,55;,
   3;57,40,39;,
   3;39,58,57;,
   3;59,60,61;,
   3;61,62,59;,
   3;63,64,65;,
   3;65,66,63;,
   3;67,64,63;,
   3;68,69,70;,
   3;70,71,68;,
   3;66,72,73;,
   3;73,63,66;,
   3;67,63,73;,
   3;73,74,67;,
   3;75,69,68;,
   3;76,65,64;,
   3;64,77,76;,
   3;75,78,69;,
   3;59,79,20;,
   3;20,60,59;,
   3;80,81,82;,
   3;82,83,80;,
   3;84,85,86;,
   3;86,87,84;,
   3;88,84,87;,
   3;88,89,81;,
   3;81,80,88;,
   3;85,84,90;,
   3;90,91,85;,
   3;84,88,92;,
   3;92,90,84;,
   3;92,88,80;,
   3;93,94,87;,
   3;87,86,93;,
   3;87,94,88;,
   3;88,94,89;,
   3;92,80,95;,
   3;80,83,38;,
   3;38,95,80;,
   3;96,97,98;,
   3;98,99,96;,
   3;98,97,44;,
   3;44,43,98;,
   3;100,101,102;,
   3;102,103,100;,
   3;102,101,104;,
   3;104,105,102;,
   3;105,104,106;,
   3;106,107,105;,
   3;107,106,108;,
   3;108,109,107;,
   3;108,110,111;,
   3;111,109,108;,
   3;111,110,112;,
   3;112,113,111;,
   3;113,112,96;,
   3;96,99,113;,
   3;114,115,116;,
   3;117,118,115;,
   3;115,114,117;,
   3;119,120,118;,
   3;118,117,119;,
   3;121,122,120;,
   3;120,119,121;,
   3;21,20,79;,
   3;19,78,75;,
   3;75,16,19;,
   3;15,74,73;,
   3;73,13,15;,
   3;14,13,73;,
   3;73,72,14;,
   3;46,45,100;,
   3;100,103,46;,
   3;123,124,125;,
   3;125,126,123;,
   3;124,127,128;,
   3;128,125,124;,
   3;127,129,130;,
   3;130,128,127;,
   3;129,131,132;,
   3;132,130,129;,
   3;131,133,134;,
   3;134,132,131;,
   3;135,136,137;,
   3;137,138,135;,
   3;138,137,139;,
   3;139,140,138;,
   3;140,139,141;,
   3;141,142,140;,
   3;142,141,143;,
   3;143,144,142;,
   3;144,143,145;,
   3;145,146,144;,
   3;147,148,149;,
   3;149,150,147;,
   3;150,149,151;,
   3;151,152,150;,
   3;152,151,153;,
   3;153,154,152;,
   3;154,153,155;,
   3;155,156,154;,
   3;156,155,157;,
   3;157,158,156;,
   3;159,160,161;,
   3;161,162,159;,
   3;162,161,163;,
   3;163,164,162;,
   3;164,163,165;,
   3;165,166,164;,
   3;166,165,167;,
   3;167,168,166;,
   3;168,167,169;,
   3;169,170,168;,
   3;171,172,173;,
   3;173,174,171;,
   3;174,173,175;,
   3;175,176,174;,
   3;176,175,177;,
   3;177,178,176;,
   3;178,177,179;,
