xof 0303txt 0032
template ColorRGBA {
 <35ff44e0-6c7c-11cf-8f52-0040333594a3>
 FLOAT red;
 FLOAT green;
 FLOAT blue;
 FLOAT alpha;
}

template ColorRGB {
 <d3e16e81-7835-11cf-8f52-0040333594a3>
 FLOAT red;
 FLOAT green;
 FLOAT blue;
}

template Material {
 <3d82ab4d-62da-11cf-ab39-0020af71e433>
 ColorRGBA faceColor;
 FLOAT power;
 ColorRGB specularColor;
 ColorRGB emissiveColor;
 [...]
}

template TextureFilename {
 <a42790e1-7810-11cf-8f52-0040333594a3>
 STRING filename;
}

template Frame {
 <3d82ab46-62da-11cf-ab39-0020af71e433>
 [...]
}

template Matrix4x4 {
 <f6f23f45-7686-11cf-8f52-0040333594a3>
 array FLOAT matrix[16];
}

template FrameTransformMatrix {
 <f6f23f41-7686-11cf-8f52-0040333594a3>
 Matrix4x4 frameMatrix;
}

template Vector {
 <3d82ab5e-62da-11cf-ab39-0020af71e433>
 FLOAT x;
 FLOAT y;
 FLOAT z;
}

template MeshFace {
 <3d82ab5f-62da-11cf-ab39-0020af71e433>
 DWORD nFaceVertexIndices;
 array DWORD faceVertexIndices[nFaceVertexIndices];
}

template Mesh {
 <3d82ab44-62da-11cf-ab39-0020af71e433>
 DWORD nVertices;
 array Vector vertices[nVertices];
 DWORD nFaces;
 array MeshFace faces[nFaces];
 [...]
}

template MeshNormals {
 <f6f23f43-7686-11cf-8f52-0040333594a3>
 DWORD nNormals;
 array Vector normals[nNormals];
 DWORD nFaceNormals;
 array MeshFace faceNormals[nFaceNormals];
}

template MeshMaterialList {
 <f6f23f42-7686-11cf-8f52-0040333594a3>
 DWORD nMaterials;
 DWORD nFaceIndexes;
 array DWORD faceIndexes[nFaceIndexes];
 [Material <3d82ab4d-62da-11cf-ab39-0020af71e433>]
}

template Coords2d {
 <f6f23f44-7686-11cf-8f52-0040333594a3>
 FLOAT u;
 FLOAT v;
}

template MeshTextureCoords {
 <f6f23f40-7686-11cf-8f52-0040333594a3>
 DWORD nTextureCoords;
 array Coords2d textureCoords[nTextureCoords];
}

template XSkinMeshHeader {
 <3cf169ce-ff7c-44ab-93c0-f78f62d172e2>
 WORD nMaxSkinWeightsPerVertex;
 WORD nMaxSkinWeightsPerFace;
 WORD nBones;
}

template SkinWeights {
 <6f0d123b-bad2-4167-a0d0-80224f25fabb>
 STRING transformNodeName;
 DWORD nWeights;
 array DWORD vertexIndices[nWeights];
 array FLOAT weights[nWeights];
 Matrix4x4 matrixOffset;
}

template AnimTicksPerSecond {
 <9e415a43-7ba6-4a73-8743-b73d47e88476>
 DWORD AnimTicksPerSecond;
}

template Animation {
 <3d82ab4f-62da-11cf-ab39-0020af71e433>
 [...]
}

template AnimationSet {
 <3d82ab50-62da-11cf-ab39-0020af71e433>
 [Animation <3d82ab4f-62da-11cf-ab39-0020af71e433>]
}

template FloatKeys {
 <10dd46a9-775b-11cf-8f52-0040333594a3>
 DWORD nValues;
 array FLOAT values[nValues];
}

template TimedFloatKeys {
 <f406b180-7b3b-11cf-8f52-0040333594a3>
 DWORD time;
 FloatKeys tfkeys;
}

template AnimationKey {
 <10dd46a8-775b-11cf-8f52-0040333594a3>
 DWORD keyType;
 DWORD nKeys;
 array TimedFloatKeys keys[nKeys];
}


Material _08_-_Default {
 1.000000;1.000000;1.000000;1.000000;;
 100.000000;
 0.200000;0.200000;0.200000;;
 0.000000;0.000000;0.000000;;

 TextureFilename {
  "SheepSkinVest.png";
 }
}

Frame Dummy01 {
 

 FrameTransformMatrix {
  1.000000,0.000000,0.000000,0.000000,0.000000,-0.000000,-1.000000,0.000000,0.000000,1.000000,-0.000000,0.000000,0.000000,0.000000,0.000000,1.000000;;
 }

 Frame Bip01 {
  

  FrameTransformMatrix {
   -0.087155,0.982405,-0.165183,0.000000,-0.000001,0.165814,0.986157,0.000000,0.996195,0.085949,-0.014450,0.000000,-0.010000,-0.012284,0.490453,1.000000;;
  }

  Frame Bip01_Pelvis {
   

   FrameTransformMatrix {
    0.000000,1.000000,-0.000001,0.000000,-0.000001,0.000001,1.000000,0.000000,1.000000,0.000000,0.000001,0.000000,0.000000,0.000000,0.000000,1.000000;;
   }

   Frame Bip01_Spine {
    

    FrameTransformMatrix {
     0.984686,0.000002,-0.174337,0.000000,-0.000001,1.000000,0.000004,0.000000,0.174337,-0.000004,0.984686,0.000000,0.051619,0.000000,-0.000083,1.000000;;
    }

    Frame Bip01_Spine1 {
     

     FrameTransformMatrix {
      0.997819,0.052687,0.039774,0.000000,-0.044862,0.983198,-0.176942,0.000000,-0.048428,0.174771,0.983417,0.000000,0.106484,-0.000015,-0.000083,1.000000;;
     }

     Frame Bip01_Neck {
      

      FrameTransformMatrix {
       0.966067,-0.020835,0.257451,0.000000,0.025191,0.999590,-0.013632,0.000000,-0.257061,0.019655,0.966195,0.000000,0.130511,-0.000001,0.004626,1.000000;;
      }

      Frame Bip01_Head {
       

       FrameTransformMatrix {
        0.989321,-0.051753,-0.136255,0.000000,0.064251,0.993958,0.088989,0.000000,0.130826,-0.096793,0.986669,0.000000,0.033674,-0.000000,0.000000,1.000000;;
       }
      }

      Frame Bip01_L_Clavicle {
       

       FrameTransformMatrix {
        -0.205975,0.976135,0.068811,0.000000,0.943873,0.216738,-0.249254,0.000000,-0.258220,0.013609,-0.965990,0.000000,-0.024734,0.015166,0.002017,1.000000;;
       }

       Frame Bip01_L_UpperArm {
        

        FrameTransformMatrix {
         0.385871,-0.777669,0.496320,0.000000,0.922466,0.332598,-0.196046,0.000000,-0.012616,0.533487,0.845714,0.000000,0.073469,0.000000,-0.000000,1.000000;;
        }

        Frame Bip01_L_Forearm {
         

         FrameTransformMatrix {
          0.943939,0.000000,-0.330119,0.000000,0.000000,1.000000,-0.000000,0.000000,0.330119,-0.000000,0.943939,0.000000,0.148340,0.000000,-0.000000,1.000000;;
         }

         Frame Bip01_L_Hand {
          

          FrameTransformMatrix {
           1.000000,0.000000,0.000000,0.000000,0.000000,0.000796,1.000000,0.000000,0.000000,-1.000000,0.000796,0.000000,0.131860,-0.000000,0.000000,1.000000;;
          }

          Frame Bip01_L_Finger0 {
           

           FrameTransformMatrix {
            0.690342,-0.181727,0.700288,0.000000,0.558537,0.749101,-0.356210,0.000000,-0.459853,0.637043,0.618637,0.000000,0.057681,-0.023605,-0.000272,1.000000;;
           }
          }

          Frame Bip01_L_Finger1 {
           

           FrameTransformMatrix {
            0.728079,-0.000546,0.685493,0.000000,0.000000,1.000000,0.000796,0.000000,-0.685493,-0.000580,0.728079,0.000000,0.084102,0.000000,0.000000,1.000000;;
           }
          }
         }
        }
       }
      }

      Frame Bip01_R_Clavicle {
       

       FrameTransformMatrix {
        -0.028509,-0.999573,-0.006461,0.000000,-0.965665,0.025871,0.258498,0.000000,-0.258220,0.013609,-0.965990,0.000000,-0.024080,-0.016250,0.001399,1.000000;;
       }

       Frame Bip01_R_UpperArm {
        

        FrameTransformMatrix {
         0.221390,0.975047,0.016433,0.000000,-0.974986,0.221654,-0.016512,0.000000,-0.019742,-0.012366,0.999728,0.000000,0.073469,0.000000,-0.000000,1.000000;;
        }

        Frame Bip01_R_Forearm {
         

         FrameTransformMatrix {
          0.915660,0.000000,-0.401954,0.000000,-0.000000,1.000000,-0.000000,0.000000,0.401954,-0.000000,0.915660,0.000000,0.148340,0.000000,-0.000000,1.000000;;
         }

         Frame Bip01_R_Hand {
          

          FrameTransformMatrix {
           0.975195,-0.000000,-0.221346,0.000000,-0.221346,0.000796,-0.975195,0.000000,0.000176,1.000000,0.000777,0.000000,0.131860,0.000000,0.000000,1.000000;;
          }

          Frame Bip01_R_Finger0 {
           

           FrameTransformMatrix {
            0.417774,-0.116941,0.900994,0.000000,-0.558537,0.749101,0.356210,0.000000,-0.716591,-0.652054,0.247639,0.000000,0.057681,0.023605,-0.000272,1.000000;;
           }
          }

          Frame Bip01_R_Finger1 {
           

           FrameTransformMatrix {
            0.352436,0.000745,0.935835,0.000000,0.000000,1.000000,-0.000796,0.000000,-0.935836,0.000281,0.352436,0.000000,0.084102,0.000000,0.000000,1.000000;;
           }
          }
         }
        }
       }
      }
     }

     Frame Bip01_BackPack {
      

      FrameTransformMatrix {
       0.180560,0.080500,-0.980264,0.000000,0.047560,0.994764,0.090451,0.000000,0.982413,-0.062954,0.175786,0.000000,0.063697,0.000003,-0.088856,1.000000;;
      }
     }
    }

    Frame Bip01_L_Thigh {
     

     FrameTransformMatrix {
      -0.888504,0.030427,0.457858,0.000000,-0.032107,-0.999476,0.004114,0.000000,0.457744,-0.011045,0.889016,0.000000,-0.050843,0.055225,-0.008917,1.000000;;
     }

     Frame Bip01_L_Calf {
      

      FrameTransformMatrix {
       0.942235,-0.000000,-0.334952,0.000000,-0.000000,1.000000,-0.000000,0.000000,0.334952,0.000000,0.942235,0.000000,0.237500,0.000000,-0.000000,1.000000;;
      }

      Frame Bip01_L_Foot {
       

       FrameTransformMatrix {
        0.924325,-0.026487,0.380687,0.000000,-0.068962,0.969570,0.234901,0.000000,-0.375325,-0.243378,0.894371,0.000000,0.206841,0.000000,0.000000,1.000000;;
       }

       Frame Bip01_L_Toe0 {
        

        FrameTransformMatrix {
         0.000000,0.000000,1.000000,0.000000,0.000000,1.000000,-0.000000,0.000000,-1.000000,0.000000,0.000000,0.000000,0.065373,0.000000,0.066450,1.000000;;
        }
       }
      }
     }
    }

    Frame Bip01_R_Thigh {
     

     FrameTransformMatrix {
      -0.996965,0.030321,-0.071704,0.000000,-0.029454,-0.999480,-0.013113,0.000000,-0.072065,-0.010961,0.997340,0.000000,-0.050843,-0.055225,-0.008917,1.000000;;
     }

     Frame Bip01_R_Calf {
      

      FrameTransformMatrix {
       0.730239,0.000000,-0.683192,0.000000,0.000000,1.000000,0.000000,0.000000,0.683192,-0.000000,0.730239,0.000000,0.237500,0.000000,0.000000,1.000000;;
      }

      Frame Bip01_R_Foot {
       

       FrameTransformMatrix {
        0.991957,0.087165,-0.091782,0.000000,-0.093276,0.993546,-0.064539,0.000000,0.085565,0.072581,0.993685,0.000000,0.206841,0.000000,0.000000,1.000000;;
       }

       Frame Bip01_R_Toe0 {
        

        FrameTransformMatrix {
         0.000000,0.000000,1.000000,0.000000,0.000000,1.000000,-0.000000,0.000000,-1.000000,0.000000,0.000000,0.000000,0.065373,0.000000,0.066450,1.000000;;
        }
       }
      }
     }
    }
   }

   Frame Bip01_DressFront {
    

    FrameTransformMatrix {
     -0.880185,-0.088339,0.466338,0.000000,0.121847,0.907542,0.401896,0.000000,-0.458725,0.410564,-0.788041,0.000000,-0.043935,0.001339,0.061057,1.000000;;
    }

    Frame Bip01_DressFront02 {
     

     FrameTransformMatrix {
      0.912593,0.000001,0.408870,0.000000,-0.000001,1.000000,-0.000000,0.000000,-0.408870,-0.000000,0.912593,0.000000,0.183378,-0.000000,-0.000120,1.000000;;
     }
    }
   }

   Frame Bip01_DressBack {
    

    FrameTransformMatrix {
     -0.886023,0.038029,0.462080,0.000000,0.191625,0.937561,0.290274,0.000000,-0.422190,0.345735,-0.837988,0.000000,-0.047673,-0.000048,-0.078302,1.000000;;
    }

    Frame Bip01_DressBack02 {
     

     FrameTransformMatrix {
      0.936852,0.174932,-0.302833,0.000000,-0.166408,0.984581,0.053939,0.000000,0.307600,-0.000139,0.951516,0.000000,0.176125,0.000000,-0.000103,1.000000;;
     }
    }
   }
  }

  Frame Bip01_Prop1 {
   

   FrameTransformMatrix {
    -0.233929,-0.108090,0.966227,0.000000,0.687222,0.684611,0.242967,0.000000,-0.687752,0.720850,-0.085868,0.000000,0.104667,-0.055270,-0.126340,1.000000;;
   }
  }

  Frame Bip01_Prop2 {
   

   FrameTransformMatrix {
    -0.163643,-0.967062,0.194966,0.000000,0.985576,-0.168906,-0.010564,0.000000,0.043147,0.190425,0.980753,0.000000,-0.140709,-0.103585,0.102365,1.000000;;
   }
  }
 }
}

Frame Translation_Data {
 

 FrameTransformMatrix {
  1.000000,0.000000,0.000000,0.000000,0.000000,-0.000000,-1.000000,0.000000,0.000000,1.000000,-0.000000,0.000000,0.000000,0.000000,0.000000,1.000000;;
 }
}

Frame Kate_SheepSkinVest {
 

 FrameTransformMatrix {
  1.000000,0.000000,0.000000,0.000000,0.000000,1.000000,0.000000,0.000000,0.000000,0.000000,1.000000,0.000000,0.000000,0.000000,0.000000,1.000000;;
 }

 Mesh Kate_SheepSkinVest {
  326;
  0.044264;0.795772;0.012734;,
  0.031902;0.775247;-0.010569;,
  0.030806;0.802496;0.020567;,
  0.052788;0.714614;-0.034537;,
  0.086199;0.744985;-0.006274;,
  0.090085;0.707650;-0.002019;,
  0.044356;0.750644;-0.019961;,
  0.033450;0.799984;0.085607;,
  0.075622;0.779370;0.091436;,
  0.057200;0.800709;0.065903;,
  0.045016;0.782189;0.105348;,
  0.046720;0.569701;0.102117;,
  0.093391;0.565900;0.056108;,
  0.093358;0.573991;0.053544;,
  0.043676;0.560686;0.102798;,
  0.086005;0.573104;-0.008923;,
  0.092010;0.548514;0.013278;,
  0.050636;0.532326;-0.048605;,
  0.086210;0.518565;-0.024520;,
  0.049895;0.515547;-0.048474;,
  0.088353;0.534186;-0.020248;,
  0.003336;0.716138;-0.047543;,
  0.000494;0.758082;-0.028133;,
  0.024142;0.757000;-0.026885;,
  0.000001;0.565831;0.104382;,
  0.000001;0.556530;0.104896;,
  0.000001;0.682496;0.109466;,
  0.052270;0.648280;0.102051;,
  0.053895;0.684952;0.105316;,
  0.000001;0.648491;0.106405;,
  0.044782;0.537210;0.112055;,
  0.101625;0.523149;0.077160;,
  0.099985;0.538110;0.071443;,
  0.043770;0.522194;0.113924;,
  0.103300;0.522511;0.018576;,
  0.100713;0.537956;0.015094;,
  0.051374;0.606432;0.100521;,
  0.082255;0.649398;0.075843;,
  0.084732;0.619986;-0.005989;,
  0.095343;0.657654;0.055505;,
  0.092672;0.609991;0.052909;,
  0.088800;0.671529;-0.003901;,
  0.053478;0.677824;-0.042434;,
  0.054547;0.621145;-0.041762;,
  0.012625;0.619226;-0.052628;,
  0.002805;0.678390;-0.056223;,
  0.013133;0.678321;-0.054746;,
  0.004035;0.618486;-0.054037;,
  0.110580;0.807464;0.038067;,
  0.085747;0.799501;0.069109;,
  0.107871;0.796222;0.081412;,
  0.089100;0.808777;0.036748;,
  0.057200;0.800709;0.065903;,
  0.085180;0.803524;0.038718;,
  0.056323;0.807149;0.040028;,
  0.081053;0.795413;0.067013;,
  0.091512;0.691423;0.086962;,
  0.055491;0.806037;0.064886;,
  0.042618;0.814668;0.047179;,
  0.030939;0.815257;0.079114;,
  0.075669;0.765828;-0.001619;,
  0.090408;0.789608;0.012138;,
  0.096292;0.763370;0.005508;,
  0.062192;0.785634;0.007441;,
  0.111210;0.795363;0.001936;,
  0.100257;0.762855;-0.001232;,
  0.093348;0.792862;0.006350;,
  0.093643;0.725125;0.093780;,
  0.054033;0.725009;0.110460;,
  0.094079;0.742895;0.087802;,
  0.000001;0.720180;0.112785;,
  0.000001;0.778413;0.106140;,
  0.075622;0.779370;0.091436;,
  0.097196;0.741592;0.091963;,
  0.107598;0.742929;0.087921;,
  0.081334;0.781153;0.097041;,
  0.100969;0.696653;0.043272;,
  0.093280;0.700748;0.013493;,
  0.104109;0.721921;0.016110;,
  0.101738;0.736370;0.001169;,
  0.110942;0.729690;0.007731;,
  0.100791;0.695361;0.067694;,
  0.055214;0.812477;0.037730;,
  0.004668;0.532093;-0.051801;,
  0.014460;0.532804;-0.050924;,
  0.017911;0.514242;-0.050226;,
  0.000494;0.538295;0.119013;,
  0.000494;0.522320;0.115698;,
  0.049077;0.567345;-0.043027;,
  0.000001;0.605683;0.103129;,
  0.042618;0.814668;0.047179;,
  0.055214;0.812477;0.037730;,
  0.103244;0.717394;0.075690;,
  0.012931;0.799805;0.090976;,
  0.107183;0.717639;0.044004;,
  0.100784;0.724813;0.019552;,
  0.011982;0.716064;-0.045894;,
  0.075669;0.765828;-0.001619;,
  0.033553;0.769919;-0.005320;,
  0.105817;0.726351;0.074452;,
  0.109566;0.726288;0.074213;,
  0.000038;0.799484;0.090745;,
  0.013586;0.565335;-0.052184;,
  0.003451;0.565035;-0.053370;,
  -0.030956;0.775247;-0.010569;,
  -0.043289;0.795774;0.012738;,
  -0.029838;0.802496;0.020567;,
  -0.052786;0.714614;-0.034537;,
  -0.086201;0.744980;-0.006272;,
  -0.044354;0.750644;-0.019961;,
  -0.090047;0.707648;-0.002078;,
  -0.054530;0.808510;0.064959;,
  -0.033386;0.807684;0.084351;,
  -0.029970;0.815257;0.078847;,
  -0.046718;0.569701;0.102117;,
  -0.093782;0.565900;0.056108;,
  -0.043674;0.560686;0.102798;,
  -0.093748;0.573991;0.053544;,
  -0.086989;0.573104;-0.008923;,
  -0.092994;0.548514;0.013278;,
  -0.049501;0.532253;-0.048579;,
  -0.086248;0.518565;-0.024520;,
  -0.087445;0.534073;-0.021367;,
  -0.048907;0.515547;-0.048474;,
  -0.002691;0.716184;-0.049396;,
  -0.021229;0.755243;-0.026860;,
  0.000494;0.758082;-0.028133;,
  0.000001;0.565831;0.104382;,
  0.000001;0.556530;0.104896;,
  0.000001;0.682496;0.109466;,
  -0.052268;0.648280;0.102051;,
  0.000001;0.648491;0.106405;,
  -0.053893;0.684952;0.105316;,
  -0.043781;0.540123;0.117092;,
  -0.101663;0.522056;0.077160;,
  -0.042782;0.522194;0.113924;,
  -0.099819;0.536547;0.071594;,
  -0.102481;0.521729;0.013083;,
  -0.098733;0.537169;0.009757;,
  -0.051371;0.606432;0.100521;,
  -0.082253;0.649398;0.075843;,
  -0.084663;0.619986;-0.005989;,
  -0.095342;0.657659;0.055504;,
  -0.088791;0.671517;-0.003912;,
  -0.092603;0.609991;0.052909;,
  -0.053476;0.677824;-0.042434;,
  -0.054545;0.621145;-0.041762;,
  -0.002689;0.679370;-0.056359;,
  -0.013414;0.619851;-0.053070;,
  -0.012004;0.679279;-0.054433;,
  -0.004147;0.618908;-0.054866;,
  -0.110513;0.807026;0.038893;,
  -0.083537;0.799371;0.069029;,
  -0.088931;0.808261;0.037613;,
  -0.110815;0.796244;0.080973;,
  -0.057125;0.803183;0.065903;,
  -0.085178;0.803524;0.038718;,
  -0.081051;0.795413;0.067013;,
  -0.056248;0.807149;0.040028;,
  -0.091510;0.691423;0.086962;,
  -0.043118;0.814668;0.048666;,
  -0.075667;0.765828;-0.001619;,
  -0.090406;0.789608;0.012138;,
  -0.062189;0.785634;0.007441;,
  -0.098909;0.763370;0.005508;,
  -0.111257;0.795429;0.003817;,
  -0.092891;0.793009;0.008102;,
  -0.101394;0.764251;0.000741;,
  -0.093640;0.725125;0.093780;,
  -0.075620;0.779370;0.091436;,
  -0.094076;0.742895;0.087802;,
  -0.045013;0.782189;0.105348;,
  -0.054031;0.725009;0.110460;,
  0.000001;0.720180;0.112785;,
  0.000001;0.778413;0.106140;,
  -0.075620;0.779370;0.091436;,
  -0.082955;0.781787;0.096146;,
  -0.099891;0.741809;0.092111;,
  -0.110430;0.747397;0.086714;,
  -0.100914;0.696624;0.043285;,
  -0.093439;0.700768;0.013484;,
  -0.086201;0.744980;-0.006272;,
  -0.099809;0.724888;0.019491;,
  -0.100620;0.740553;0.007551;,
  -0.100794;0.695366;0.067676;,
  -0.054245;0.812477;0.037463;,
  0.000494;0.758082;-0.028133;,
  -0.014756;0.532691;-0.050716;,
  -0.003980;0.532150;-0.054380;,
  -0.016904;0.514363;-0.050064;,
  0.000494;0.538295;0.119013;,
  0.000494;0.522320;0.115698;,
  -0.049074;0.567345;-0.043027;,
  0.000001;0.605683;0.103129;,
  -0.043118;0.814668;0.048666;,
  -0.054245;0.812477;0.037463;,
  -0.103242;0.717402;0.075707;,
  -0.010773;0.806439;0.094879;,
  0.000484;0.813269;0.090957;,
  -0.107296;0.717807;0.043934;,
  -0.099809;0.724888;0.019491;,
  -0.012181;0.716087;-0.047234;,
  -0.075667;0.765828;-0.001619;,
  -0.033508;0.769919;-0.005320;,
  -0.110885;0.731525;0.009096;,
  -0.106886;0.724203;0.074232;,
  -0.109396;0.726331;0.074420;,
  0.000484;0.804811;0.096306;,
  -0.013922;0.565555;-0.052713;,
  -0.002983;0.565180;-0.054198;,
  0.107183;0.717639;0.044004;,
  0.107183;0.717639;0.044004;,
  -0.107296;0.717807;0.043934;,
  -0.107296;0.717807;0.043934;,
  -0.102075;0.722844;0.016266;,
  0.086199;0.744985;-0.006274;,
  0.098758;0.740483;0.007608;,
  0.100784;0.724813;0.019552;,
  -0.103106;0.739036;0.003010;,
  0.111468;0.733701;0.013033;,
  0.112391;0.791794;0.008279;,
  0.111616;0.802375;0.039870;,
  0.108282;0.792545;0.077770;,
  0.107946;0.745538;0.088608;,
  0.110369;0.730527;0.072982;,
  0.103244;0.717394;0.075690;,
  0.094079;0.742895;0.087802;,
  0.074081;0.762674;0.044830;,
  0.074081;0.762674;0.044830;,
  0.074081;0.762674;0.044830;,
  0.074081;0.762674;0.044830;,
  0.074081;0.762674;0.044830;,
  0.074081;0.762674;0.044830;,
  -0.112373;0.791816;0.008279;,
  -0.111467;0.733701;0.013033;,
  -0.094076;0.742895;0.087802;,
  -0.103242;0.717402;0.075707;,
  -0.110366;0.730527;0.072982;,
  -0.107944;0.747992;0.082941;,
  -0.108330;0.792559;0.077770;,
  -0.111629;0.802397;0.039870;,
  -0.074047;0.762807;0.044680;,
  -0.074047;0.762807;0.044680;,
  -0.074047;0.762807;0.044680;,
  -0.074047;0.762807;0.044680;,
  -0.074047;0.762807;0.044680;,
  -0.074047;0.762807;0.044680;,
  0.000038;0.799484;0.090745;,
  -0.010785;0.801112;0.090226;,
  -0.032389;0.802357;0.083542;,
  -0.057125;0.803183;0.065903;,
  -0.056248;0.807149;0.040028;,
  -0.044980;0.790447;0.017938;,
  -0.062189;0.785634;0.007441;,
  -0.023186;0.751651;-0.021124;,
  -0.013763;0.714889;-0.040668;,
  -0.013995;0.678081;-0.047868;,
  -0.014974;0.618653;-0.046505;,
  -0.015823;0.566557;-0.046148;,
  -0.048063;0.534906;-0.042842;,
  -0.016401;0.533750;-0.044979;,
  -0.084542;0.536726;-0.015630;,
  -0.095394;0.538228;0.015494;,
  -0.096438;0.539843;0.064445;,
  -0.042564;0.539675;0.104930;,
  0.000001;0.537846;0.106851;,
  0.042579;0.539910;0.104906;,
  0.000001;0.537846;0.106851;,
  0.095650;0.540314;0.064294;,
  0.093397;0.538234;0.015338;,
  0.084468;0.536839;-0.014511;,
  0.048207;0.534979;-0.042868;,
  0.016002;0.566481;-0.046447;,
  0.016374;0.533863;-0.045187;,
  0.014885;0.618450;-0.046892;,
  0.014141;0.678102;-0.048317;,
  0.013769;0.714912;-0.041182;,
  0.022736;0.751673;-0.021148;,
  0.062192;0.785634;0.007441;,
  0.045062;0.790444;0.017935;,
  0.056323;0.807149;0.040028;,
  0.000484;0.804811;0.096306;,
  0.013895;0.805133;0.095629;,
  0.000484;0.813269;0.090957;,
  0.035239;0.805311;0.087769;,
  0.047495;0.516606;-0.042737;,
  0.082407;0.519624;-0.018784;,
  0.098014;0.522788;0.018820;,
  0.097227;0.522445;0.070011;,
  0.041606;0.521491;0.106774;,
  0.000001;0.521617;0.108548;,
  0.000001;0.521617;0.108548;,
  -0.041604;0.521491;0.106774;,
  -0.098211;0.522445;0.070011;,
  -0.098997;0.522788;0.018820;,
  -0.083391;0.519624;-0.018784;,
  -0.047492;0.516606;-0.042737;,
  -0.016725;0.515423;-0.044327;,
  0.056323;0.807149;0.040028;,
  -0.056248;0.807149;0.040028;,
  0.000001;0.749885;-0.022396;,
  -0.029113;0.797169;0.025768;,
  -0.040470;0.809341;0.048196;,
  -0.040470;0.809341;0.048196;,
  -0.029241;0.809930;0.076951;,
  0.000038;0.807942;0.086304;,
  0.000038;0.807942;0.086304;,
  0.029316;0.809930;0.076951;,
  0.040545;0.809341;0.048196;,
  0.040545;0.809341;0.048196;,
  0.029189;0.797169;0.025768;,
  0.000001;0.714985;-0.042831;,
  0.000001;0.678171;-0.049794;,
  0.000001;0.617710;-0.048300;,
  0.000001;0.566181;-0.047633;,
  0.000001;0.533152;-0.046064;,
  0.013298;0.515301;-0.044490;,
  0.000001;0.521617;0.108548;,
  0.000001;0.721327;0.044724;,
  0.000001;0.721327;0.044724;,
  0.000001;0.721327;0.044724;,
  0.000001;0.721327;0.044724;,
  0.000001;0.721327;0.044724;,
  0.000001;0.721327;0.044724;,
  0.000001;0.721327;0.044724;,
  0.000001;0.721327;0.044724;;
  520;
  3;0,1,2;,
  3;3,4,5;,
  3;4,3,6;,
  3;7,8,9;,
  3;8,7,10;,
  3;11,12,13;,
  3;12,11,14;,
  3;12,15,13;,
  3;15,12,16;,
  3;17,18,19;,
  3;18,17,20;,
  3;21,22,23;,
  3;24,14,11;,
  3;14,24,25;,
  3;26,27,28;,
  3;27,26,29;,
  3;30,31,32;,
  3;31,30,33;,
  3;32,34,35;,
  3;34,32,31;,
  3;36,37,27;,
  3;38,39,40;,
  3;39,38,41;,
  3;42,38,43;,
  3;38,42,41;,
  3;44,45,46;,
  3;45,44,47;,
  3;48,49,50;,
  3;49,48,51;,
  3;52,53,54;,
  3;53,52,55;,
  3;28,37,56;,
  3;37,28,27;,
  3;57,58,59;,
  3;60,61,62;,
  3;61,60,63;,
  3;64,65,66;,
  3;67,10,68;,
  3;67,8,10;,
  3;67,69,8;,
  3;10,70,68;,
  3;70,10,71;,
  3;55,52,72;,
  3;50,73,74;,
  3;50,75,73;,
  3;50,49,75;,
  3;76,41,77;,
  3;41,76,39;,
  3;78,79,80;,
  3;5,77,41;,
  3;76,81,39;,
  3;18,35,34;,
  3;35,18,20;,
  3;58,57,82;,
  3;1,22,2;,
  3;83,84,85;,
  3;86,33,30;,
  3;33,86,87;,
  3;15,43,38;,
  3;43,15,88;,
  3;13,38,40;,
  3;38,13,15;,
  3;36,13,40;,
  3;13,36,11;,
  3;89,11,36;,
  3;11,89,24;,
  3;90,91,2;,
  3;2,91,0;,
  3;53,63,54;,
  3;63,53,61;,
  3;48,66,51;,
  3;66,48,64;,
  3;40,39,37;,
  3;67,92,69;,
  3;56,39,81;,
  3;39,56,37;,
  3;37,36,40;,
  3;7,93,10;,
  3;70,28,68;,
  3;28,70,26;,
  3;56,68,28;,
  3;68,56,67;,
  3;92,56,81;,
  3;56,92,67;,
  3;76,92,81;,
  3;92,76,94;,
  3;77,94,76;,
  3;94,77,95;,
  3;95,5,4;,
  3;5,95,77;,
  3;21,46,45;,
  3;46,21,96;,
  3;5,42,3;,
  3;42,5,41;,
  3;97,6,98;,
  3;6,97,4;,
  3;65,80,79;,
  3;65,64,80;,
  3;99,74,73;,
  3;74,99,100;,
  3;1,23,22;,
  3;36,29,89;,
  3;29,36,27;,
  3;101,10,93;,
  3;10,101,71;,
  3;102,47,44;,
  3;47,102,103;,
  3;104,105,106;,
  3;107,108,109;,
  3;108,107,110;,
  3;111,112,113;,
  3;114,115,116;,
  3;115,114,117;,
  3;115,118,119;,
  3;118,115,117;,
  3;120,121,122;,
  3;121,120,123;,
  3;124,125,126;,
  3;127,116,128;,
  3;116,127,114;,
  3;129,130,131;,
  3;130,129,132;,
  3;133,134,135;,
  3;134,133,136;,
  3;136,137,134;,
  3;137,136,138;,
  3;139,130,140;,
  3;141,142,143;,
  3;142,141,144;,
  3;145,141,143;,
  3;141,145,146;,
  3;147,148,149;,
  3;148,147,150;,
  3;151,152,153;,
  3;152,151,154;,
  3;155,156,157;,
  3;156,155,158;,
  3;132,140,130;,
  3;140,132,159;,
  3;111,113,160;,
  3;161,162,163;,
  3;162,161,164;,
  3;165,166,167;,
  3;168,169,170;,
  3;168,171,169;,
  3;168,172,171;,
  3;171,173,174;,
  3;173,171,172;,
  3;157,175,155;,
  3;154,176,152;,
  3;154,177,176;,
  3;154,178,177;,
  3;179,143,142;,
  3;143,179,180;,
  3;181,182,183;,
  3;110,143,180;,
  3;179,142,184;,
  3;137,122,121;,
  3;122,137,138;,
  3;160,185,111;,
  3;104,106,186;,
  3;187,188,189;,
  3;190,135,191;,
  3;135,190,133;,
  3;118,146,192;,
  3;146,118,141;,
  3;117,141,118;,
  3;141,117,144;,
  3;139,117,114;,
  3;117,139,144;,
  3;193,114,127;,
  3;114,193,139;,
  3;194,106,195;,
  3;106,105,195;,
  3;156,163,162;,
  3;163,156,158;,
  3;151,166,165;,
  3;166,151,153;,
  3;144,140,142;,
  3;168,170,196;,
  3;159,142,140;,
  3;142,159,184;,
  3;140,144,139;,
  3;197,113,112;,
  3;113,197,198;,
  3;173,132,129;,
  3;132,173,172;,
  3;159,172,168;,
  3;172,159,132;,
  3;196,159,168;,
  3;159,196,184;,
  3;179,196,199;,
  3;196,179,184;,
  3;180,199,200;,
  3;199,180,179;,
  3;200,110,180;,
  3;110,200,108;,
  3;149,124,147;,
  3;124,149,201;,
  3;110,145,143;,
  3;145,110,107;,
  3;202,109,108;,
  3;109,202,203;,
  3;164,181,183;,
  3;181,164,161;,
  3;167,204,165;,
  3;205,178,206;,
  3;178,205,177;,
  3;186,125,104;,
  3;139,131,130;,
  3;131,139,193;,
  3;198,197,207;,
  3;150,208,148;,
  3;208,150,209;,
  3;80,210,78;,
  3;211,100,99;,
  3;206,212,205;,
  3;213,204,214;,
  3;62,215,60;,
  3;215,62,216;,
  3;216,217,215;,
  3;167,218,204;,
  3;218,214,204;,
  3;64,219,80;,
  3;219,64,220;,
  3;48,220,64;,
  3;220,48,221;,
  3;50,221,48;,
  3;221,50,222;,
  3;74,222,50;,
  3;222,74,223;,
  3;100,223,74;,
  3;223,100,224;,
  3;224,100,211;,
  3;211,99,225;,
  3;73,225,99;,
  3;225,73,226;,
  3;75,226,73;,
  3;226,75,72;,
  3;49,72,75;,
  3;72,49,55;,
  3;51,55,49;,
  3;55,51,53;,
  3;66,53,51;,
  3;53,66,61;,
  3;65,61,66;,
  3;61,65,62;,
  3;79,62,65;,
  3;62,79,216;,
  3;78,216,79;,
  3;216,78,217;,
  3;217,78,210;,
  3;210,80,219;,
  3;221,227,220;,
  3;220,228,219;,
  3;219,229,210;,
  3;211,230,224;,
  3;231,223,224;,
  3;232,222,223;,
  3;221,222,232;,
  3;204,233,165;,
  3;233,204,234;,
  3;234,204,213;,
  3;213,214,182;,
  3;218,182,214;,
  3;182,218,183;,
  3;167,183,218;,
  3;183,167,164;,
  3;166,164,167;,
  3;164,166,162;,
  3;153,162,166;,
  3;162,153,156;,
  3;152,156,153;,
  3;156,152,157;,
  3;175,152,176;,
  3;152,175,157;,
  3;177,175,176;,
  3;175,177,235;,
  3;205,235,177;,
  3;235,205,236;,
  3;236,205,212;,
  3;212,206,237;,
  3;178,237,206;,
  3;237,178,238;,
  3;154,238,178;,
  3;238,154,239;,
  3;151,239,154;,
  3;239,151,240;,
  3;165,240,151;,
  3;240,165,233;,
  3;239,241,238;,
  3;242,237,238;,
  3;237,243,212;,
  3;244,234,213;,
  3;245,233,234;,
  3;246,240,233;,
  3;241,239,240;,
  3;171,247,248;,
  3;247,171,174;,
  3;248,249,171;,
  3;169,249,250;,
  3;249,169,171;,
  3;251,252,253;,
  3;203,253,252;,
  3;253,203,202;,
  3;203,254,109;,
  3;201,125,124;,
  3;107,254,255;,
  3;254,107,109;,
  3;145,255,256;,
  3;255,145,107;,
  3;146,256,257;,
  3;256,146,145;,
  3;192,257,258;,
  3;257,192,146;,
  3;187,123,120;,
  3;123,187,189;,
  3;187,209,188;,
  3;209,187,208;,
  3;259,258,260;,
  3;258,259,192;,
  3;261,192,259;,
  3;192,261,118;,
  3;261,119,118;,
  3;261,262,119;,
  3;115,262,263;,
  3;262,115,119;,
  3;116,263,264;,
  3;263,116,115;,
  3;128,264,265;,
  3;264,128,116;,
  3;266,25,267;,
  3;25,266,14;,
  3;268,14,266;,
  3;14,268,12;,
  3;269,12,268;,
  3;12,269,16;,
  3;269,270,16;,
  3;270,15,16;,
  3;88,270,271;,
  3;270,88,15;,
  3;84,103,102;,
  3;103,84,83;,
  3;84,19,85;,
  3;19,84,17;,
  3;272,271,273;,
  3;271,272,88;,
  3;274,88,272;,
  3;88,274,43;,
  3;275,43,274;,
  3;43,275,42;,
  3;276,42,275;,
  3;42,276,3;,
  3;277,3,276;,
  3;3,277,6;,
  3;277,98,6;,
  3;278,98,279;,
  3;98,278,97;,
  3;279,280,278;,
  3;23,96,21;,
  3;281,282,283;,
  3;282,59,283;,
  3;59,282,284;,
  3;284,57,59;,
  3;18,285,19;,
  3;285,18,286;,
  3;34,286,18;,
  3;286,34,287;,
  3;31,287,34;,
  3;287,31,288;,
  3;33,288,31;,
  3;288,33,289;,
  3;87,289,33;,
  3;289,87,290;,
  3;135,291,191;,
  3;291,135,292;,
  3;134,292,135;,
  3;292,134,293;,
  3;137,293,134;,
  3;293,137,294;,
  3;121,294,137;,
  3;294,121,295;,
  3;123,295,121;,
  3;295,123,296;,
  3;189,296,123;,
  3;296,189,297;,
  3;120,260,187;,
  3;260,120,259;,
  3;122,259,120;,
  3;259,122,261;,
  3;138,261,122;,
  3;261,138,262;,
  3;136,262,138;,
  3;262,136,263;,
  3;133,263,136;,
  3;263,133,264;,
  3;190,264,133;,
  3;264,190,265;,
  3;30,267,86;,
  3;267,30,266;,
  3;32,266,30;,
  3;266,32,268;,
  3;35,268,32;,
  3;268,35,269;,
  3;20,269,35;,
  3;269,20,270;,
  3;17,270,20;,
  3;270,17,271;,
  3;84,271,17;,
  3;271,84,273;,
  3;102,273,84;,
  3;273,102,272;,
  3;44,272,102;,
  3;272,44,274;,
  3;46,274,44;,
  3;274,46,275;,
  3;96,275,46;,
  3;275,96,276;,
  3;23,276,96;,
  3;276,23,277;,
  3;1,277,23;,
  3;277,1,98;,
  3;0,98,1;,
  3;98,0,279;,
  3;91,279,0;,
  3;279,91,280;,
  3;57,298,82;,
  3;298,57,9;,
  3;284,9,57;,
  3;9,284,7;,
  3;282,7,284;,
  3;7,282,93;,
  3;281,93,282;,
  3;93,281,101;,
  3;197,247,207;,
  3;247,197,248;,
  3;112,248,197;,
  3;248,112,249;,
  3;111,249,112;,
  3;249,111,250;,
  3;185,250,111;,
  3;250,185,299;,
  3;105,251,195;,
  3;251,105,252;,
  3;104,252,105;,
  3;252,104,203;,
  3;125,203,104;,
  3;203,125,254;,
  3;106,300,186;,
  3;300,106,301;,
  3;194,301,106;,
  3;301,194,302;,
  3;113,303,160;,
  3;303,113,304;,
  3;198,304,113;,
  3;304,198,305;,
  3;59,306,283;,
  3;306,59,307;,
  3;58,307,59;,
  3;307,58,308;,
  3;2,309,90;,
  3;309,2,310;,
  3;22,310,2;,
  3;310,22,300;,
  3;21,300,22;,
  3;300,21,311;,
  3;45,311,21;,
  3;311,45,312;,
  3;47,312,45;,
  3;312,47,313;,
  3;103,313,47;,
  3;313,103,314;,
  3;83,314,103;,
  3;314,83,315;,
  3;85,315,83;,
  3;315,85,316;,
  3;19,316,85;,
  3;316,19,285;,
  3;126,311,124;,
  3;311,126,300;,
  3;201,254,125;,
  3;254,201,255;,
  3;149,255,201;,
  3;255,149,256;,
  3;148,256,149;,
  3;256,148,257;,
  3;208,257,148;,
  3;257,208,258;,
  3;187,258,208;,
  3;258,187,260;,
  3;188,297,189;,
  3;297,188,315;,
  3;209,315,188;,
  3;315,209,314;,
  3;150,314,209;,
  3;314,150,313;,
  3;147,313,150;,
  3;313,147,312;,
  3;124,312,147;,
  3;312,124,311;,
  3;317,297,315;,
  3;317,315,316;,
  3;294,292,293;,
  3;294,291,292;,
  3;291,296,297;,
  3;294,296,291;,
  3;294,295,296;,
  3;288,286,287;,
  3;288,285,286;,
  3;285,290,316;,
  3;288,290,285;,
  3;288,289,290;,
  3;310,318,309;,
  3;308,319,307;,
  3;307,320,306;,
  3;321,304,305;,
  3;303,304,322;,
  3;302,323,301;,
  3;300,301,324;,
  3;325,310,300;;

  MeshNormals {
   326;
   0.604705;0.403614;-0.686606;,
   0.565603;0.317411;-0.761147;,
   -0.506644;0.813225;-0.286316;,
   0.380787;0.283039;-0.880278;,
   0.469883;0.119783;-0.874564;,
   0.811490;-0.008392;-0.584306;,
   0.166413;0.512686;-0.842294;,
   0.415819;0.187702;0.889866;,
   -0.279381;0.421146;0.862892;,
   0.410650;0.795835;0.444987;,
   0.145643;0.405168;0.902567;,
   0.423166;-0.041964;0.905080;,
   0.924767;0.157164;0.346561;,
   0.961079;0.044630;0.272646;,
   0.342613;0.037766;0.938717;,
   0.893612;0.045396;-0.446538;,
   0.981215;0.096510;-0.167044;,
   0.286345;0.501641;-0.816311;,
   0.601921;-0.663439;-0.444455;,
   0.245884;-0.717484;-0.651734;,
   0.687234;0.535215;-0.491178;,
   -0.379393;0.313527;-0.870495;,
   -0.684066;0.529538;-0.501640;,
   0.689671;0.202927;-0.695107;,
   0.000000;0.044253;0.999020;,
   -0.000004;0.080488;0.996756;,
   -0.000000;-0.093846;0.995587;,
   0.389527;-0.073242;0.918098;,
   0.304457;-0.147246;0.941076;,
   0.000000;-0.077820;0.996967;,
   0.282534;0.591676;0.755045;,
   0.746180;-0.477616;0.463787;,
   0.704918;0.630917;0.324089;,
   0.264417;-0.600459;0.754674;,
   0.773381;-0.627097;-0.092906;,
   0.693726;0.695824;-0.185937;,
   0.433674;-0.046538;0.899867;,
   0.749562;-0.186151;0.635220;,
   0.912200;0.001144;-0.409745;,
   0.969583;-0.180831;0.164951;,
   0.964241;-0.041961;0.261683;,
   0.888846;-0.062563;-0.453915;,
   0.453512;0.079344;-0.887712;,
   0.479270;0.000381;-0.877668;,
   0.627191;-0.014496;-0.778731;,
   -0.467134;0.074765;-0.881020;,
   0.679111;0.082400;-0.729396;,
   -0.387969;-0.016022;-0.921533;,
   0.603220;0.796663;-0.038131;,
   -0.411491;0.859593;0.302945;,
   0.597577;0.598149;0.533966;,
   -0.414392;0.898024;-0.147755;,
   0.410650;0.795835;0.444987;,
   -0.593568;0.788118;-0.162936;,
   0.645024;0.711724;-0.278196;,
   -0.451573;0.831619;0.323254;,
   0.693863;-0.261677;0.670880;,
   0.720412;0.627822;0.294697;,
   -0.316685;0.947767;-0.038059;,
   -0.031269;0.997541;0.062728;,
   0.131567;0.380729;-0.915279;,
   -0.689569;0.377637;-0.617969;,
   -0.485414;0.075530;-0.871016;,
   -0.041477;0.656004;-0.753617;,
   0.457502;0.546294;-0.701608;,
   -0.268644;-0.072478;-0.960509;,
   -0.620237;0.462317;-0.633695;,
   0.634559;-0.087736;0.767879;,
   0.235847;-0.012207;0.971714;,
   -0.358851;-0.346358;0.866754;,
   -0.000000;-0.010681;0.999943;,
   0.000000;0.303613;0.952795;,
   -0.279381;0.421146;0.862892;,
   -0.205746;-0.429615;0.879261;,
   0.760318;-0.152598;0.631373;,
   -0.272089;0.282294;0.919934;,
   0.961935;-0.264756;-0.067715;,
   0.929597;-0.157174;-0.333387;,
   -0.157780;-0.914245;-0.373177;,
   -0.307002;-0.339524;-0.889086;,
   0.684798;-0.486035;-0.542974;,
   0.945099;-0.220491;0.241186;,
   0.636443;0.711122;-0.298741;,
   -0.454205;-0.247204;-0.855914;,
   0.303621;0.183491;-0.934957;,
   -0.160129;-0.772891;-0.614002;,
   0.032662;0.632422;0.773935;,
   0.000040;-0.735775;0.677226;,
   0.395337;-0.006866;-0.918511;,
   0.000000;-0.022888;0.999738;,
   -0.316685;0.947767;-0.038059;,
   0.636443;0.711122;-0.298741;,
   0.491308;-0.717127;0.494312;,
   0.083579;-0.108339;0.990594;,
   0.995364;-0.096132;-0.002956;,
   0.110693;-0.756638;-0.644396;,
   0.601411;0.204456;-0.772336;,
   0.131567;0.380729;-0.915279;,
   0.583415;0.257123;-0.770399;,
   -0.115213;-0.817172;0.564762;,
   0.618605;-0.649979;0.441425;,
   -0.049634;-0.122837;0.991185;,
   0.600205;-0.011444;-0.799764;,
   -0.446626;-0.035096;-0.894032;,
   -0.529468;0.363167;-0.766664;,
   -0.559672;0.428015;-0.709627;,
   0.546966;0.798084;-0.252763;,
   -0.376257;0.281549;-0.882701;,
   -0.442312;0.109863;-0.890107;,
   -0.166417;0.512697;-0.842287;,
   -0.816637;0.000763;-0.577151;,
   -0.629781;0.693484;0.349937;,
   -0.513561;0.225833;0.827801;,
   0.100594;0.993630;0.050798;,
   -0.421240;-0.041580;0.905996;,
   -0.919505;0.168986;0.354899;,
   -0.339891;0.038910;0.939660;,
   -0.959420;0.052263;0.277097;,
   -0.893671;0.054168;-0.445441;,
   -0.973016;0.138852;-0.184282;,
   -0.264816;0.501977;-0.823342;,
   -0.589101;-0.667972;-0.454724;,
   -0.654733;0.535153;-0.533794;,
   -0.242173;-0.717124;-0.653518;,
   0.438117;0.277689;-0.854952;,
   -0.583521;0.276932;-0.763422;,
   0.705963;0.540249;-0.457981;,
   0.000000;0.044253;0.999020;,
   -0.000004;0.080488;0.996756;,
   -0.000000;-0.093846;0.995587;,
   -0.389486;-0.073243;0.918115;,
   0.000000;-0.077820;0.996967;,
   -0.304457;-0.147246;0.941076;,
   -0.234347;0.605344;0.760685;,
   -0.741149;-0.527921;0.414727;,
   -0.213228;-0.691941;0.689748;,
   -0.755811;0.572986;0.316916;,
   -0.769870;-0.633977;-0.073299;,
   -0.709396;0.681737;-0.178863;,
   -0.433113;-0.045777;0.900177;,
   -0.749740;-0.186171;0.635004;,
   -0.912642;0.009918;-0.408639;,
   -0.969510;-0.181580;0.164557;,
   -0.888601;-0.064085;-0.454183;,
   -0.964241;-0.035857;0.262589;,
   -0.448148;0.079349;-0.890431;,
   -0.473790;0.003052;-0.880632;,
   0.454963;0.077054;-0.887170;,
   -0.695418;-0.001526;-0.718604;,
   -0.657701;0.074005;-0.749635;,
   0.392614;-0.020599;-0.919473;,
   -0.593613;0.804072;-0.033042;,
   0.519976;0.811521;0.266566;,
   0.400700;0.903458;-0.152325;,
   -0.734700;0.537171;0.414324;,
   -0.381828;0.814211;0.437343;,
   0.560602;0.803148;-0.201693;,
   0.524071;0.800219;0.291548;,
   -0.570755;0.767363;-0.292219;,
   -0.693863;-0.261677;0.670880;,
   0.272628;0.959680;-0.068467;,
   -0.127809;0.380757;-0.915799;,
   0.651131;0.384499;-0.654361;,
   0.041477;0.656004;-0.753617;,
   0.510125;0.039673;-0.859185;,
   -0.453910;0.552320;-0.699220;,
   0.608735;0.466922;-0.641425;,
   0.261684;-0.092314;-0.960729;,
   -0.634398;-0.087740;0.768011;,
   0.195448;0.402054;0.894513;,
   0.208024;-0.328870;0.921179;,
   -0.145643;0.405168;0.902567;,
   -0.235847;-0.012207;0.971714;,
   -0.000000;-0.010681;0.999943;,
   0.000000;0.303613;0.952795;,
   0.195448;0.402054;0.894513;,
   0.200541;0.330325;0.922317;,
   -0.001717;-0.422671;0.906282;,
   -0.929473;-0.016785;0.368508;,
   -0.960855;-0.269299;-0.065084;,
   -0.934263;-0.130469;-0.331858;,
   -0.442312;0.109863;-0.890107;,
   -0.145688;-0.724625;-0.673568;,
   0.537429;-0.376153;-0.754771;,
   -0.945570;-0.219749;0.240017;,
   -0.571076;0.755394;-0.321329;,
   0.705963;0.540249;-0.457981;,
   -0.426120;0.205609;-0.880992;,
   0.439496;-0.295255;-0.848332;,
   0.314640;-0.777023;-0.545194;,
   0.032662;0.632422;0.773935;,
   0.000040;-0.735775;0.677226;,
   -0.383806;-0.006104;-0.923394;,
   0.000000;-0.022888;0.999738;,
   0.272628;0.959680;-0.068467;,
   -0.571076;0.755394;-0.321329;,
   -0.257875;-0.783545;0.565295;,
   -0.284673;0.034334;0.958010;,
   -0.016863;0.981725;0.189556;,
   -0.995315;-0.096127;-0.010347;,
   -0.145688;-0.724625;-0.673568;,
   -0.656019;0.202175;-0.727162;,
   -0.127809;0.380757;-0.915799;,
   -0.557702;0.305909;-0.771614;,
   -0.681149;-0.463063;-0.567106;,
   -0.057886;-0.867432;0.494177;,
   -0.777505;-0.456930;0.432090;,
   -0.052006;-0.138853;0.988947;,
   -0.649050;-0.015259;-0.760593;,
   0.482636;-0.020600;-0.875579;,
   0.995364;-0.096132;-0.002956;,
   0.995364;-0.096132;-0.002956;,
   -0.995315;-0.096127;-0.010347;,
   -0.995315;-0.096127;-0.010347;,
   0.248761;-0.859216;-0.447063;,
   0.469883;0.119783;-0.874564;,
   -0.559121;-0.436387;-0.704947;,
   0.110693;-0.756638;-0.644396;,
   0.225943;-0.251789;-0.941038;,
   0.983106;0.051878;0.175529;,
   0.996562;-0.040435;0.072316;,
   0.983478;-0.170127;0.061867;,
   0.989606;-0.125882;-0.069521;,
   0.976648;0.074767;-0.201414;,
   0.992277;0.116727;-0.041961;,
   0.491308;-0.717127;0.494312;,
   -0.358851;-0.346358;0.866754;,
   0.998875;-0.035858;0.031042;,
   0.998875;-0.035858;0.031042;,
   0.998875;-0.035858;0.031042;,
   0.998875;-0.035858;0.031042;,
   0.998875;-0.035858;0.031042;,
   0.998875;-0.035858;0.031042;,
   -0.997929;-0.041199;0.049409;,
   -0.987614;0.022125;0.155334;,
   0.208024;-0.328870;0.921179;,
   -0.257875;-0.783545;0.565295;,
   -0.989600;0.090024;-0.112197;,
   -0.845047;0.140380;-0.515935;,
   -0.891039;-0.286903;-0.351761;,
   -0.986202;-0.152589;0.064207;,
   -0.998800;-0.036622;0.032521;,
   -0.998800;-0.036622;0.032521;,
   -0.998800;-0.036622;0.032521;,
   -0.998800;-0.036622;0.032521;,
   -0.998800;-0.036622;0.032521;,
   -0.998800;-0.036622;0.032521;,
   -0.049634;-0.122837;0.991185;,
   -0.172902;-0.074768;0.982097;,
   -0.394387;0.341813;0.853008;,
   -0.381828;0.814211;0.437343;,
   -0.570755;0.767363;-0.292219;,
   -0.591778;0.403578;-0.697799;,
   0.041477;0.656004;-0.753617;,
   -0.648365;0.184627;-0.738604;,
   -0.726922;0.143432;-0.671574;,
   -0.671071;0.076292;-0.737457;,
   -0.662287;0.001144;-0.749249;,
   -0.637339;-0.001526;-0.770582;,
   -0.260679;0.585538;-0.767589;,
   -0.506350;0.519546;-0.688246;,
   -0.621424;0.619898;-0.479122;,
   -0.715304;0.688508;-0.119571;,
   -0.767275;0.593220;0.243678;,
   -0.166814;0.815280;0.554520;,
   0.020523;0.766400;0.642036;,
   0.227373;0.659230;0.716741;,
   0.020523;0.766400;0.642036;,
   0.634953;0.729366;0.254677;,
   0.653217;0.738959;-0.165069;,
   0.639575;0.626701;-0.445185;,
   0.276695;0.601166;-0.749693;,
   0.593778;-0.005341;-0.804611;,
   0.477818;0.538284;-0.694219;,
   0.615751;-0.004959;-0.787925;,
   0.721293;0.079345;-0.688070;,
   0.690377;0.150307;-0.707663;,
