xof 0303txt 0032
template ColorRGBA {
 <35ff44e0-6c7c-11cf-8f52-0040333594a3>
 FLOAT red;
 FLOAT green;
 FLOAT blue;
 FLOAT alpha;
}

template ColorRGB {
 <d3e16e81-7835-11cf-8f52-0040333594a3>
 FLOAT red;
 FLOAT green;
 FLOAT blue;
}

template Material {
 <3d82ab4d-62da-11cf-ab39-0020af71e433>
 ColorRGBA faceColor;
 FLOAT power;
 ColorRGB specularColor;
 ColorRGB emissiveColor;
 [...]
}

template TextureFilename {
 <a42790e1-7810-11cf-8f52-0040333594a3>
 STRING filename;
}

template Frame {
 <3d82ab46-62da-11cf-ab39-0020af71e433>
 [...]
}

template Matrix4x4 {
 <f6f23f45-7686-11cf-8f52-0040333594a3>
 array FLOAT matrix[16];
}

template FrameTransformMatrix {
 <f6f23f41-7686-11cf-8f52-0040333594a3>
 Matrix4x4 frameMatrix;
}

template Vector {
 <3d82ab5e-62da-11cf-ab39-0020af71e433>
 FLOAT x;
 FLOAT y;
 FLOAT z;
}

template MeshFace {
 <3d82ab5f-62da-11cf-ab39-0020af71e433>
 DWORD nFaceVertexIndices;
 array DWORD faceVertexIndices[nFaceVertexIndices];
}

template Mesh {
 <3d82ab44-62da-11cf-ab39-0020af71e433>
 DWORD nVertices;
 array Vector vertices[nVertices];
 DWORD nFaces;
 array MeshFace faces[nFaces];
 [...]
}

template MeshNormals {
 <f6f23f43-7686-11cf-8f52-0040333594a3>
 DWORD nNormals;
 array Vector normals[nNormals];
 DWORD nFaceNormals;
 array MeshFace faceNormals[nFaceNormals];
}

template MeshMaterialList {
 <f6f23f42-7686-11cf-8f52-0040333594a3>
 DWORD nMaterials;
 DWORD nFaceIndexes;
 array DWORD faceIndexes[nFaceIndexes];
 [Material <3d82ab4d-62da-11cf-ab39-0020af71e433>]
}

template Coords2d {
 <f6f23f44-7686-11cf-8f52-0040333594a3>
 FLOAT u;
 FLOAT v;
}

template MeshTextureCoords {
 <f6f23f40-7686-11cf-8f52-0040333594a3>
 DWORD nTextureCoords;
 array Coords2d textureCoords[nTextureCoords];
}

template XSkinMeshHeader {
 <3cf169ce-ff7c-44ab-93c0-f78f62d172e2>
 WORD nMaxSkinWeightsPerVertex;
 WORD nMaxSkinWeightsPerFace;
 WORD nBones;
}

template SkinWeights {
 <6f0d123b-bad2-4167-a0d0-80224f25fabb>
 STRING transformNodeName;
 DWORD nWeights;
 array DWORD vertexIndices[nWeights];
 array FLOAT weights[nWeights];
 Matrix4x4 matrixOffset;
}

template AnimTicksPerSecond {
 <9e415a43-7ba6-4a73-8743-b73d47e88476>
 DWORD AnimTicksPerSecond;
}

template Animation {
 <3d82ab4f-62da-11cf-ab39-0020af71e433>
 [...]
}

template AnimationSet {
 <3d82ab50-62da-11cf-ab39-0020af71e433>
 [Animation <3d82ab4f-62da-11cf-ab39-0020af71e433>]
}

template FloatKeys {
 <10dd46a9-775b-11cf-8f52-0040333594a3>
 DWORD nValues;
 array FLOAT values[nValues];
}

template TimedFloatKeys {
 <f406b180-7b3b-11cf-8f52-0040333594a3>
 DWORD time;
 FloatKeys tfkeys;
}

template AnimationKey {
 <10dd46a8-775b-11cf-8f52-0040333594a3>
 DWORD keyType;
 DWORD nKeys;
 array TimedFloatKeys keys[nKeys];
}


Material _16_-_Defaultoo {
 1.000000;1.000000;1.000000;1.000000;;
 100.000000;
 0.200000;0.200000;0.200000;;
 0.000000;0.000000;0.000000;;

 TextureFilename {
  "ArticulatedShoulderpad.png";
 }
}

Frame Dummy01 {
 

 FrameTransformMatrix {
  1.000000,0.000000,0.000000,0.000000,0.000000,-0.000000,-1.000000,0.000000,0.000000,1.000000,-0.000000,0.000000,0.000000,0.000000,0.000000,1.000000;;
 }

 Frame Bip01 {
  

  FrameTransformMatrix {
   -0.087155,0.982405,-0.165183,0.000000,-0.000001,0.165814,0.986157,0.000000,0.996195,0.085949,-0.014450,0.000000,-0.010000,-0.012284,0.490453,1.000000;;
  }

  Frame Bip01_Pelvis {
   

   FrameTransformMatrix {
    0.000000,1.000000,-0.000001,0.000000,-0.000001,0.000001,1.000000,0.000000,1.000000,0.000000,0.000001,0.000000,0.000000,0.000000,0.000000,1.000000;;
   }

   Frame Bip01_Spine {
    

    FrameTransformMatrix {
     0.984686,0.000002,-0.174337,0.000000,-0.000001,1.000000,0.000004,0.000000,0.174337,-0.000004,0.984686,0.000000,0.051619,0.000000,-0.000083,1.000000;;
    }

    Frame Bip01_Spine1 {
     

     FrameTransformMatrix {
      0.997819,0.052687,0.039774,0.000000,-0.044862,0.983198,-0.176942,0.000000,-0.048428,0.174771,0.983417,0.000000,0.106484,-0.000015,-0.000083,1.000000;;
     }

     Frame Bip01_Neck {
      

      FrameTransformMatrix {
       0.966067,-0.020835,0.257451,0.000000,0.025191,0.999590,-0.013632,0.000000,-0.257061,0.019655,0.966195,0.000000,0.130511,-0.000001,0.004626,1.000000;;
      }

      Frame Bip01_Head {
       

       FrameTransformMatrix {
        0.989321,-0.051753,-0.136255,0.000000,0.064251,0.993958,0.088989,0.000000,0.130826,-0.096793,0.986669,0.000000,0.033674,-0.000000,0.000000,1.000000;;
       }
      }

      Frame Bip01_L_Clavicle {
       

       FrameTransformMatrix {
        -0.205975,0.976135,0.068811,0.000000,0.943873,0.216738,-0.249254,0.000000,-0.258220,0.013609,-0.965990,0.000000,-0.024734,0.015166,0.002017,1.000000;;
       }

       Frame Bip01_L_UpperArm {
        

        FrameTransformMatrix {
         0.385871,-0.777669,0.496320,0.000000,0.922466,0.332598,-0.196046,0.000000,-0.012616,0.533487,0.845714,0.000000,0.073469,0.000000,-0.000000,1.000000;;
        }

        Frame Bip01_L_Forearm {
         

         FrameTransformMatrix {
          0.943939,0.000000,-0.330119,0.000000,0.000000,1.000000,-0.000000,0.000000,0.330119,-0.000000,0.943939,0.000000,0.148340,0.000000,-0.000000,1.000000;;
         }

         Frame Bip01_L_Hand {
          

          FrameTransformMatrix {
           1.000000,0.000000,0.000000,0.000000,0.000000,0.000796,1.000000,0.000000,0.000000,-1.000000,0.000796,0.000000,0.131860,-0.000000,0.000000,1.000000;;
          }

          Frame Bip01_L_Finger0 {
           

           FrameTransformMatrix {
            0.690342,-0.181727,0.700288,0.000000,0.558537,0.749101,-0.356210,0.000000,-0.459853,0.637043,0.618637,0.000000,0.057681,-0.023605,-0.000272,1.000000;;
           }
          }

          Frame Bip01_L_Finger1 {
           

           FrameTransformMatrix {
            0.728079,-0.000546,0.685493,0.000000,0.000000,1.000000,0.000796,0.000000,-0.685493,-0.000580,0.728079,0.000000,0.084102,0.000000,0.000000,1.000000;;
           }
          }
         }
        }
       }
      }

      Frame Bip01_R_Clavicle {
       

       FrameTransformMatrix {
        -0.028509,-0.999573,-0.006461,0.000000,-0.965665,0.025871,0.258498,0.000000,-0.258220,0.013609,-0.965990,0.000000,-0.024080,-0.016250,0.001399,1.000000;;
       }

       Frame Bip01_R_UpperArm {
        

        FrameTransformMatrix {
         0.221390,0.975047,0.016433,0.000000,-0.974986,0.221654,-0.016512,0.000000,-0.019742,-0.012366,0.999728,0.000000,0.073469,0.000000,-0.000000,1.000000;;
        }

        Frame Bip01_R_Forearm {
         

         FrameTransformMatrix {
          0.915660,0.000000,-0.401954,0.000000,-0.000000,1.000000,-0.000000,0.000000,0.401954,-0.000000,0.915660,0.000000,0.148340,0.000000,-0.000000,1.000000;;
         }

         Frame Bip01_R_Hand {
          

          FrameTransformMatrix {
           0.975195,-0.000000,-0.221346,0.000000,-0.221346,0.000796,-0.975195,0.000000,0.000176,1.000000,0.000777,0.000000,0.131860,0.000000,0.000000,1.000000;;
          }

          Frame Bip01_R_Finger0 {
           

           FrameTransformMatrix {
            0.417774,-0.116941,0.900994,0.000000,-0.558537,0.749101,0.356210,0.000000,-0.716591,-0.652054,0.247639,0.000000,0.057681,0.023605,-0.000272,1.000000;;
           }
          }

          Frame Bip01_R_Finger1 {
           

           FrameTransformMatrix {
            0.352436,0.000745,0.935835,0.000000,0.000000,1.000000,-0.000796,0.000000,-0.935836,0.000281,0.352436,0.000000,0.084102,0.000000,0.000000,1.000000;;
           }
          }
         }
        }
       }
      }
     }

     Frame Bip01_BackPack {
      

      FrameTransformMatrix {
       0.180560,0.080500,-0.980264,0.000000,0.047560,0.994764,0.090451,0.000000,0.982413,-0.062954,0.175786,0.000000,0.063697,0.000003,-0.088856,1.000000;;
      }
     }
    }

    Frame Bip01_L_Thigh {
     

     FrameTransformMatrix {
      -0.888504,0.030427,0.457858,0.000000,-0.032107,-0.999476,0.004114,0.000000,0.457744,-0.011045,0.889016,0.000000,-0.050843,0.055225,-0.008917,1.000000;;
     }

     Frame Bip01_L_Calf {
      

      FrameTransformMatrix {
       0.942235,-0.000000,-0.334952,0.000000,-0.000000,1.000000,-0.000000,0.000000,0.334952,0.000000,0.942235,0.000000,0.237500,0.000000,-0.000000,1.000000;;
      }

      Frame Bip01_L_Foot {
       

       FrameTransformMatrix {
        0.924325,-0.026487,0.380687,0.000000,-0.068962,0.969570,0.234901,0.000000,-0.375325,-0.243378,0.894371,0.000000,0.206841,0.000000,0.000000,1.000000;;
       }

       Frame Bip01_L_Toe0 {
        

        FrameTransformMatrix {
         0.000000,0.000000,1.000000,0.000000,0.000000,1.000000,-0.000000,0.000000,-1.000000,0.000000,0.000000,0.000000,0.065373,0.000000,0.066450,1.000000;;
        }
       }
      }
     }
    }

    Frame Bip01_R_Thigh {
     

     FrameTransformMatrix {
      -0.996965,0.030321,-0.071704,0.000000,-0.029454,-0.999480,-0.013113,0.000000,-0.072065,-0.010961,0.997340,0.000000,-0.050843,-0.055225,-0.008917,1.000000;;
     }

     Frame Bip01_R_Calf {
      

      FrameTransformMatrix {
       0.730239,0.000000,-0.683192,0.000000,0.000000,1.000000,0.000000,0.000000,0.683192,-0.000000,0.730239,0.000000,0.237500,0.000000,0.000000,1.000000;;
      }

      Frame Bip01_R_Foot {
       

       FrameTransformMatrix {
        0.991957,0.087165,-0.091782,0.000000,-0.093276,0.993546,-0.064539,0.000000,0.085565,0.072581,0.993685,0.000000,0.206841,0.000000,0.000000,1.000000;;
       }

       Frame Bip01_R_Toe0 {
        

        FrameTransformMatrix {
         0.000000,0.000000,1.000000,0.000000,0.000000,1.000000,-0.000000,0.000000,-1.000000,0.000000,0.000000,0.000000,0.065373,0.000000,0.066450,1.000000;;
        }
       }
      }
     }
    }
   }

   Frame Bip01_DressFront {
    

    FrameTransformMatrix {
     -0.880185,-0.088339,0.466338,0.000000,0.121847,0.907542,0.401896,0.000000,-0.458725,0.410564,-0.788041,0.000000,-0.043935,0.001339,0.061057,1.000000;;
    }

    Frame Bip01_DressFront02 {
     

     FrameTransformMatrix {
      0.912593,0.000001,0.408870,0.000000,-0.000001,1.000000,-0.000000,0.000000,-0.408870,-0.000000,0.912593,0.000000,0.183378,-0.000000,-0.000120,1.000000;;
     }
    }
   }

   Frame Bip01_DressBack {
    

    FrameTransformMatrix {
     -0.886023,0.038029,0.462080,0.000000,0.191625,0.937561,0.290274,0.000000,-0.422190,0.345735,-0.837988,0.000000,-0.047673,-0.000048,-0.078302,1.000000;;
    }

    Frame Bip01_DressBack02 {
     

     FrameTransformMatrix {
      0.936852,0.174932,-0.302833,0.000000,-0.166408,0.984581,0.053939,0.000000,0.307600,-0.000139,0.951516,0.000000,0.176125,0.000000,-0.000103,1.000000;;
     }
    }
   }
  }

  Frame Bip01_Prop1 {
   

   FrameTransformMatrix {
    -0.233929,-0.108090,0.966227,0.000000,0.687222,0.684611,0.242967,0.000000,-0.687752,0.720850,-0.085868,0.000000,0.104667,-0.055270,-0.126340,1.000000;;
   }
  }

  Frame Bip01_Prop2 {
   

   FrameTransformMatrix {
    -0.163643,-0.967062,0.194966,0.000000,0.985576,-0.168906,-0.010564,0.000000,0.043147,0.190425,0.980753,0.000000,-0.140709,-0.103585,0.102365,1.000000;;
   }
  }
 }
}

Frame Translation_Data {
 

 FrameTransformMatrix {
  1.000000,0.000000,0.000000,0.000000,0.000000,-0.000000,-1.000000,0.000000,0.000000,1.000000,-0.000000,0.000000,0.000000,0.000000,0.000000,1.000000;;
 }
}

Frame Kate_ArticShoulder_R_ALT {
 

 FrameTransformMatrix {
  1.000000,0.000000,0.000000,0.000000,0.000000,1.000000,0.000000,0.000000,0.000000,0.000000,1.000000,0.000000,0.000000,-0.001215,0.093306,1.000000;;
 }

 Mesh Kate_ArticShoulder_R_ALT {
  325;
  -0.161057;0.800530;-0.014380;,
  -0.176390;0.773960;-0.012416;,
  -0.157471;0.768787;-0.010704;,
  -0.188001;0.793964;-0.019315;,
  -0.091937;0.815177;-0.002416;,
  -0.068839;0.784930;0.002183;,
  -0.057153;0.807551;-0.010636;,
  -0.101746;0.791354;0.007916;,
  -0.132378;0.806234;-0.002108;,
  -0.133293;0.800783;-0.006512;,
  -0.157612;0.772259;-0.008006;,
  -0.130471;0.751277;-0.005017;,
  -0.160167;0.803214;-0.011962;,
  -0.099610;0.833692;-0.036381;,
  -0.063198;0.819960;-0.037419;,
  -0.132466;0.821241;-0.038380;,
  -0.132888;0.816327;-0.039356;,
  -0.080355;0.762191;0.010853;,
  -0.102891;0.751866;0.004762;,
  -0.164076;0.810182;-0.043757;,
  -0.192076;0.801687;-0.048516;,
  -0.164307;0.808234;-0.043762;,
  -0.156416;0.794397;-0.021288;,
  -0.174656;0.773502;-0.020887;,
  -0.186293;0.787244;-0.025125;,
  -0.155366;0.768417;-0.019019;,
  -0.092741;0.802569;-0.014398;,
  -0.069099;0.780794;-0.005931;,
  -0.101006;0.784844;-0.007581;,
  -0.057908;0.800459;-0.015920;,
  -0.129018;0.795391;-0.014312;,
  -0.128505;0.751260;-0.012806;,
  -0.099154;0.817564;-0.039495;,
  -0.065244;0.810524;-0.039118;,
  -0.128381;0.806304;-0.040439;,
  -0.075301;0.757676;0.005316;,
  -0.100515;0.749357;-0.008785;,
  -0.160189;0.798068;-0.044616;,
  -0.190416;0.792229;-0.048517;,
  -0.176390;0.773960;-0.012416;,
  -0.186293;0.787244;-0.025125;,
  -0.174656;0.773502;-0.020887;,
  -0.188001;0.793964;-0.019315;,
  -0.192076;0.801687;-0.048516;,
  -0.190416;0.792229;-0.048517;,
  -0.063198;0.819960;-0.037419;,
  -0.057908;0.800459;-0.015920;,
  -0.065244;0.810524;-0.039118;,
  -0.057153;0.807551;-0.010636;,
  -0.068839;0.784930;0.002183;,
  -0.069099;0.780794;-0.005931;,
  -0.080355;0.762191;0.010853;,
  -0.075301;0.757676;0.005316;,
  -0.102895;0.748403;-0.001518;,
  -0.100515;0.749357;-0.008785;,
  -0.128505;0.751260;-0.012806;,
  -0.130471;0.751277;-0.005017;,
  -0.157471;0.768787;-0.010704;,
  -0.155366;0.768417;-0.019019;,
  -0.161048;0.800542;-0.082669;,
  -0.176489;0.773744;-0.082513;,
  -0.187968;0.793921;-0.077879;,
  -0.157130;0.768631;-0.086461;,
  -0.091941;0.815179;-0.094487;,
  -0.068843;0.784933;-0.099220;,
  -0.101751;0.791355;-0.104819;,
  -0.057155;0.807553;-0.086401;,
  -0.132379;0.806237;-0.094793;,
  -0.133284;0.800777;-0.090542;,
  -0.157575;0.772123;-0.088836;,
  -0.160165;0.803217;-0.084917;,
  -0.130676;0.761548;-0.092128;,
  -0.099610;0.833692;-0.060522;,
  -0.063199;0.819961;-0.059616;,
  -0.132466;0.821241;-0.058524;,
  -0.132889;0.816327;-0.057680;,
  -0.080362;0.762194;-0.107888;,
  -0.103178;0.751815;-0.101592;,
  -0.164072;0.810187;-0.053115;,
  -0.164300;0.808242;-0.053280;,
  -0.156419;0.794395;-0.075746;,
  -0.174448;0.773723;-0.073988;,
  -0.155029;0.768177;-0.078204;,
  -0.186333;0.787269;-0.072025;,
  -0.092741;0.802569;-0.082636;,
  -0.069099;0.780794;-0.091104;,
  -0.057908;0.800459;-0.081114;,
  -0.101006;0.784844;-0.089454;,
  -0.129020;0.795387;-0.082725;,
  -0.128460;0.761533;-0.084028;,
  -0.099154;0.817564;-0.057539;,
  -0.065244;0.810524;-0.057916;,
  -0.128381;0.806304;-0.056595;,
  -0.075301;0.757676;-0.102350;,
  -0.100857;0.749262;-0.088228;,
  -0.160189;0.798068;-0.052418;,
  -0.176489;0.773744;-0.082513;,
  -0.186333;0.787269;-0.072025;,
  -0.187968;0.793921;-0.077879;,
  -0.174448;0.773723;-0.073988;,
  -0.063199;0.819961;-0.059616;,
  -0.057908;0.800459;-0.081114;,
  -0.057155;0.807553;-0.086401;,
  -0.065244;0.810524;-0.057916;,
  -0.068843;0.784933;-0.099220;,
  -0.069099;0.780794;-0.091104;,
  -0.080362;0.762194;-0.107888;,
  -0.075301;0.757676;-0.102350;,
  -0.103444;0.748388;-0.095416;,
  -0.100857;0.749262;-0.088228;,
  -0.128460;0.761533;-0.084028;,
  -0.130676;0.761548;-0.092128;,
  -0.157130;0.768631;-0.086461;,
  -0.155029;0.768177;-0.078204;,
  -0.160189;0.798068;-0.044616;,
  -0.190416;0.792229;-0.048517;,
  -0.160189;0.798068;-0.052418;,
  -0.128381;0.806304;-0.040439;,
  -0.128381;0.806304;-0.056595;,
  -0.099154;0.817564;-0.039495;,
  -0.099154;0.817564;-0.057539;,
  -0.065244;0.810524;-0.039118;,
  -0.065244;0.810524;-0.057916;,
  0.084664;0.689968;-0.078880;,
  0.066031;0.694130;-0.126364;,
  0.073916;0.694426;-0.132490;,
  0.075095;0.689968;-0.078880;,
  0.040240;0.702881;-0.139390;,
  0.041514;0.704439;-0.147465;,
  -0.003427;0.713977;-0.125672;,
  -0.003169;0.715199;-0.133885;,
  -0.051293;0.731035;-0.119538;,
  -0.051293;0.732501;-0.126626;,
  -0.092834;0.759319;-0.093993;,
  -0.092598;0.759965;-0.099005;,
  0.084664;0.706369;-0.078880;,
  0.066822;0.710390;-0.124370;,
  0.075095;0.706369;-0.078880;,
  0.074707;0.710686;-0.130496;,
  0.042818;0.718009;-0.133604;,
  0.044092;0.719568;-0.141680;,
  -0.000146;0.729527;-0.121622;,
  0.000112;0.730749;-0.129834;,
  -0.044155;0.745167;-0.115259;,
  -0.044155;0.746633;-0.122348;,
  -0.078582;0.767257;-0.092299;,
  -0.078347;0.767903;-0.097312;,
  0.084664;0.689968;-0.078880;,
  0.074707;0.710686;-0.130496;,
  0.084664;0.706369;-0.078880;,
  0.073916;0.694426;-0.132490;,
  0.044092;0.719568;-0.141680;,
  0.041514;0.704439;-0.147465;,
  0.000112;0.730749;-0.129834;,
  -0.003169;0.715199;-0.133885;,
  -0.044155;0.746633;-0.122348;,
  -0.051293;0.732501;-0.126626;,
  -0.078347;0.767903;-0.097312;,
  -0.092598;0.759965;-0.099005;,
  -0.092834;0.759319;-0.093993;,
  -0.044155;0.745167;-0.115259;,
  -0.078582;0.767257;-0.092299;,
  -0.051293;0.731035;-0.119538;,
  -0.000146;0.729527;-0.121622;,
  -0.003427;0.713977;-0.125672;,
  0.042818;0.718009;-0.133604;,
  0.040240;0.702881;-0.139390;,
  0.066822;0.710390;-0.124370;,
  0.066031;0.694130;-0.126364;,
  0.075095;0.706369;-0.078880;,
  0.075095;0.689968;-0.078880;,
  0.087973;0.690788;-0.045193;,
  0.073533;0.694208;-0.022439;,
  0.077528;0.690788;-0.046145;,
  0.082595;0.694208;-0.015279;,
  0.043872;0.699980;-0.013579;,
  0.045165;0.699667;-0.002856;,
  -0.008144;0.712169;-0.006366;,
  -0.007873;0.713069;0.002060;,
  -0.058393;0.733474;-0.002832;,
  -0.058724;0.734902;0.005465;,
  -0.094720;0.759674;-0.003599;,
  -0.094720;0.759674;0.001461;,
  0.087973;0.707189;-0.045193;,
  0.073533;0.710608;-0.022439;,
  0.082595;0.710608;-0.015279;,
  0.077528;0.707189;-0.046145;,
  0.047196;0.716040;-0.013430;,
  0.048489;0.715727;-0.002707;,
  -0.003506;0.727603;-0.009412;,
  -0.003235;0.728502;-0.000986;,
  -0.054631;0.748854;-0.007110;,
  -0.054963;0.750282;0.001187;,
  -0.080453;0.767763;-0.005604;,
  -0.080453;0.767763;-0.000544;,
  0.087973;0.690788;-0.045193;,
  0.082595;0.710608;-0.015279;,
  0.082595;0.694208;-0.015279;,
  0.087973;0.707189;-0.045193;,
  0.048489;0.715727;-0.002707;,
  0.045165;0.699667;-0.002856;,
  -0.003235;0.728502;-0.000986;,
  -0.007873;0.713069;0.002060;,
  -0.054963;0.750282;0.001187;,
  -0.058724;0.734902;0.005465;,
  -0.080453;0.767763;-0.000544;,
  -0.094720;0.759674;0.001461;,
  -0.094720;0.759674;-0.003599;,
  -0.054631;0.748854;-0.007110;,
  -0.058393;0.733474;-0.002832;,
  -0.080453;0.767763;-0.005604;,
  -0.003506;0.727603;-0.009412;,
  -0.008144;0.712169;-0.006366;,
  0.047196;0.716040;-0.013430;,
  0.043872;0.699980;-0.013579;,
  0.073533;0.710608;-0.022439;,
  0.073533;0.694208;-0.022439;,
  0.077528;0.707189;-0.046145;,
  0.077528;0.690788;-0.046145;,
  0.077528;0.707189;-0.046145;,
  0.075095;0.689968;-0.078880;,
  0.077528;0.690788;-0.046145;,
  0.075095;0.706369;-0.078880;,
  0.077528;0.707189;-0.046145;,
  0.084664;0.706369;-0.078880;,
  0.075095;0.706369;-0.078880;,
  0.084664;0.706369;-0.078880;,
  0.077528;0.707189;-0.046145;,
  0.087973;0.707189;-0.045193;,
  0.087973;0.707189;-0.045193;,
  0.084664;0.689968;-0.078880;,
  0.084664;0.706369;-0.078880;,
  0.087973;0.690788;-0.045193;,
  0.077528;0.690788;-0.046145;,
  0.084664;0.689968;-0.078880;,
  0.087973;0.690788;-0.045193;,
  0.084664;0.689968;-0.078880;,
  0.077528;0.690788;-0.046145;,
  0.075095;0.689968;-0.078880;,
  -0.080355;0.762191;0.010853;,
  -0.102891;0.751866;0.004762;,
  -0.102895;0.748403;-0.001518;,
  -0.102895;0.748403;-0.001518;,
  -0.130542;0.754962;0.000213;,
  -0.130471;0.751277;-0.005017;,
  -0.130542;0.754962;0.000213;,
  -0.102895;0.748403;-0.001518;,
  -0.102891;0.751866;0.004762;,
  -0.130471;0.751277;-0.005017;,
  -0.132378;0.806234;-0.002108;,
  -0.133293;0.800783;-0.006512;,
  -0.132378;0.806234;-0.002108;,
  -0.130471;0.751277;-0.005017;,
  -0.130542;0.754962;0.000213;,
  -0.133293;0.800783;-0.006512;,
  -0.132466;0.821241;-0.038380;,
  -0.132888;0.816327;-0.039356;,
  -0.132466;0.821241;-0.038380;,
  -0.133293;0.800783;-0.006512;,
  -0.132378;0.806234;-0.002108;,
  -0.132888;0.816327;-0.039356;,
  -0.132466;0.821241;-0.058524;,
  -0.132889;0.816327;-0.057680;,
  -0.132466;0.821241;-0.058524;,
  -0.132888;0.816327;-0.039356;,
  -0.132466;0.821241;-0.038380;,
  -0.132889;0.816327;-0.057680;,
  -0.132379;0.806237;-0.094793;,
  -0.133284;0.800777;-0.090542;,
  -0.132379;0.806237;-0.094793;,
  -0.132889;0.816327;-0.057680;,
  -0.132466;0.821241;-0.058524;,
  -0.133284;0.800777;-0.090542;,
  -0.130679;0.765361;-0.097130;,
  -0.130676;0.761548;-0.092128;,
  -0.130679;0.765361;-0.097130;,
  -0.133284;0.800777;-0.090542;,
  -0.132379;0.806237;-0.094793;,
  -0.130676;0.761548;-0.092128;,
  -0.103178;0.751815;-0.101592;,
  -0.103444;0.748388;-0.095416;,
  -0.103178;0.751815;-0.101592;,
  -0.130676;0.761548;-0.092128;,
  -0.130679;0.765361;-0.097130;,
  -0.103444;0.748388;-0.095416;,
  -0.103178;0.751815;-0.101592;,
  -0.080362;0.762194;-0.107888;,
  -0.157471;0.768787;-0.010704;,
  -0.160167;0.803214;-0.011962;,
  -0.161057;0.800530;-0.014380;,
  -0.160167;0.803214;-0.011962;,
  -0.157471;0.768787;-0.010704;,
  -0.157612;0.772259;-0.008006;,
  -0.161057;0.800530;-0.014380;,
  -0.164076;0.810182;-0.043757;,
  -0.164307;0.808234;-0.043762;,
  -0.164076;0.810182;-0.043757;,
  -0.161057;0.800530;-0.014380;,
  -0.160167;0.803214;-0.011962;,
  -0.164307;0.808234;-0.043762;,
  -0.164072;0.810187;-0.053115;,
  -0.164300;0.808242;-0.053280;,
  -0.164072;0.810187;-0.053115;,
  -0.164307;0.808234;-0.043762;,
  -0.164076;0.810182;-0.043757;,
  -0.164300;0.808242;-0.053280;,
  -0.160165;0.803217;-0.084917;,
  -0.161048;0.800542;-0.082669;,
  -0.160165;0.803217;-0.084917;,
  -0.164300;0.808242;-0.053280;,
  -0.164072;0.810187;-0.053115;,
  -0.161048;0.800542;-0.082669;,
  -0.157575;0.772123;-0.088836;,
  -0.157130;0.768631;-0.086461;,
  -0.157575;0.772123;-0.088836;,
  -0.161048;0.800542;-0.082669;,
  -0.160165;0.803217;-0.084917;,
  -0.157130;0.768631;-0.086461;,
  -0.157575;0.772123;-0.088836;,
  -0.130676;0.761548;-0.092128;,
  -0.130471;0.751277;-0.005017;,
  -0.157612;0.772259;-0.008006;,
  -0.157471;0.768787;-0.010704;,
  -0.130679;0.765361;-0.097130;,
  -0.130542;0.754962;0.000213;;
  244;
  3;0,1,2;,
  3;1,0,3;,
  3;4,5,6;,
  3;5,4,7;,
  3;8,7,4;,
  3;9,10,11;,
  3;10,9,12;,
  3;6,13,4;,
  3;13,6,14;,
  3;13,8,4;,
  3;8,13,15;,
  3;16,12,9;,
  3;17,7,18;,
  3;7,17,5;,
  3;16,19,12;,
  3;0,20,3;,
  3;20,0,21;,
  3;22,23,24;,
  3;23,22,25;,
  3;26,27,28;,
  3;27,26,29;,
  3;30,26,28;,
  3;30,25,22;,
  3;25,30,31;,
  3;29,32,33;,
  3;32,29,26;,
  3;26,34,32;,
  3;34,26,30;,
  3;34,30,22;,
  3;35,28,27;,
  3;28,35,36;,
  3;28,36,30;,
  3;30,36,31;,
  3;34,22,37;,
  3;22,38,37;,
  3;38,22,24;,
  3;39,40,41;,
  3;40,39,42;,
  3;40,43,44;,
  3;43,40,42;,
  3;45,46,47;,
  3;46,45,48;,
  3;46,49,50;,
  3;49,46,48;,
  3;50,51,52;,
  3;51,50,49;,
  3;52,53,54;,
  3;53,52,51;,
  3;53,55,54;,
  3;55,53,56;,
  3;55,57,58;,
  3;57,55,56;,
  3;58,39,41;,
  3;39,58,57;,
  3;59,60,61;,
  3;60,59,62;,
  3;63,64,65;,
  3;64,63,66;,
  3;67,63,65;,
  3;68,69,70;,
  3;69,68,71;,
  3;66,72,73;,
  3;72,66,63;,
  3;67,72,63;,
  3;72,67,74;,
  3;75,68,70;,
  3;76,65,64;,
  3;65,76,77;,
  3;75,70,78;,
  3;59,20,79;,
  3;20,59,61;,
  3;80,81,82;,
  3;81,80,83;,
  3;84,85,86;,
  3;85,84,87;,
  3;88,87,84;,
  3;88,82,89;,
  3;82,88,80;,
  3;86,90,84;,
  3;90,86,91;,
  3;84,92,88;,
  3;92,84,90;,
  3;92,80,88;,
  3;93,87,94;,
  3;87,93,85;,
  3;87,88,94;,
  3;88,89,94;,
  3;92,95,80;,
  3;80,38,83;,
  3;38,80,95;,
  3;96,97,98;,
  3;97,96,99;,
  3;97,43,98;,
  3;43,97,44;,
  3;100,101,102;,
  3;101,100,103;,
  3;101,104,102;,
  3;104,101,105;,
  3;105,106,104;,
  3;106,105,107;,
  3;107,108,106;,
  3;108,107,109;,
  3;108,110,111;,
  3;110,108,109;,
  3;110,112,111;,
  3;112,110,113;,
  3;113,96,112;,
  3;96,113,99;,
  3;114,115,116;,
  3;117,116,118;,
  3;116,117,114;,
  3;119,118,120;,
  3;118,119,117;,
  3;121,120,122;,
  3;120,121,119;,
  3;21,79,20;,
  3;19,75,78;,
  3;75,19,16;,
  3;15,72,74;,
  3;72,15,13;,
  3;14,72,13;,
  3;72,14,73;,
  3;47,100,45;,
  3;100,47,103;,
  3;123,124,125;,
  3;124,123,126;,
  3;125,127,128;,
  3;127,125,124;,
  3;128,129,130;,
  3;129,128,127;,
  3;130,131,132;,
  3;131,130,129;,
  3;132,133,134;,
  3;133,132,131;,
  3;135,136,137;,
  3;136,135,138;,
  3;138,139,136;,
  3;139,138,140;,
  3;140,141,139;,
  3;141,140,142;,
  3;142,143,141;,
  3;143,142,144;,
  3;144,145,143;,
  3;145,144,146;,
  3;147,148,149;,
  3;148,147,150;,
  3;150,151,148;,
  3;151,150,152;,
  3;152,153,151;,
  3;153,152,154;,
  3;154,155,153;,
  3;155,154,156;,
  3;156,157,155;,
  3;157,156,158;,
  3;159,160,161;,
  3;160,159,162;,
  3;162,163,160;,
  3;163,162,164;,
  3;164,165,163;,
  3;165,164,166;,
  3;166,167,165;,
  3;167,166,168;,
  3;168,169,167;,
  3;169,168,170;,
  3;171,172,173;,
  3;172,171,174;,
  3;174,175,172;,
  3;175,174,176;,
  3;176,177,175;,
  3;177,176,178;,
  3;178,179,177;,
  3;179,178,180;,
  3;180,181,179;,
  3;181,180,182;,
  3;183,184,185;,
  3;184,183,186;,
  3;185,187,188;,
  3;187,185,184;,
  3;188,189,190;,
  3;189,188,187;,
  3;190,191,192;,
  3;191,190,189;,
  3;192,193,194;,
  3;193,192,191;,
  3;195,196,197;,
  3;196,195,198;,
  3;197,199,200;,
  3;199,197,196;,
  3;200,201,202;,
  3;201,200,199;,
  3;202,203,204;,
  3;203,202,201;,
  3;204,205,206;,
  3;205,204,203;,
  3;207,208,209;,
  3;208,207,210;,
  3;209,211,212;,
  3;211,209,208;,
  3;212,213,214;,
  3;213,212,211;,
  3;214,215,216;,
  3;215,214,213;,
  3;216,217,218;,
  3;217,216,215;,
  3;219,220,221;,
  3;220,219,222;,
  3;223,224,225;,
  3;226,227,228;,
  3;229,230,231;,
  3;230,229,232;,
  3;233,234,235;,
  3;236,237,238;,
  3;239,240,241;,
  3;242,243,244;,
  3;245,246,247;,
  3;248,249,250;,
  3;251,252,253;,
  3;254,255,256;,
  3;257,258,259;,
  3;260,261,262;,
  3;263,264,265;,
  3;266,267,268;,
  3;269,270,271;,
  3;272,273,274;,
  3;275,276,277;,
  3;278,279,280;,
  3;281,282,283;,
  3;284,285,286;,
  3;287,288,289;,
  3;290,291,292;,
  3;293,294,295;,
  3;296,297,298;,
  3;299,300,301;,
  3;302,303,304;,
  3;305,306,307;,
  3;308,309,310;,
  3;311,312,313;,
  3;314,315,316;,
  3;317,318,319;,
  3;320,321,322;,
  3;323,65,77;,
  3;65,323,67;,
  3;7,324,18;,
  3;324,7,8;;

  MeshNormals {
   325;
   -0.245455;0.616125;0.748426;,
   -0.133180;0.149283;0.979785;,
   -0.060227;0.108110;0.992313;,
   -0.290708;0.715017;0.635799;,
   0.103775;0.679287;0.726498;,
   0.242465;0.303380;0.921505;,
   0.324192;0.686337;0.651031;,
   -0.053889;0.195871;0.979148;,
   -0.262815;0.549048;0.793395;,
   -0.096155;0.508450;0.855706;,
   -0.124406;0.054182;0.990751;,
   -0.090364;0.024905;0.995597;,
   -0.161874;0.686027;0.709340;,
   -0.007458;0.976574;0.215055;,
   0.351525;0.918409;0.181538;,
   -0.358085;0.915409;0.183854;,
   -0.159833;0.971778;0.173497;,
   -0.032251;0.076702;0.996532;,
   -0.195432;-0.072455;0.978037;,
   -0.206383;0.972829;0.104927;,
   -0.275198;0.961388;0.000127;,
   -0.251591;0.955596;0.153423;,
   0.207521;-0.648503;-0.732379;,
   0.137711;-0.047302;-0.989342;,
   0.223920;-0.646203;-0.729577;,
   0.164414;-0.054932;-0.984861;,
   0.013160;-0.724752;-0.688884;,
   0.041962;-0.340270;-0.939391;,
   0.171852;-0.215148;-0.961342;,
   -0.119783;-0.750739;-0.649649;,
   0.205419;-0.543971;-0.813572;,
   0.171662;-0.048828;-0.983945;,
   0.102980;-0.990135;-0.095018;,
   -0.140104;-0.977819;-0.155692;,
   0.208919;-0.975656;-0.066700;,
   0.231027;-0.148773;-0.961506;,
   0.229073;-0.063324;-0.971347;,
   0.199892;-0.979624;-0.019503;,
   0.217125;-0.976109;-0.008300;,
   -0.550884;-0.834418;-0.016564;,
   -0.916259;-0.381642;0.121734;,
   -0.515928;-0.854567;-0.059446;,
   -0.923400;-0.356881;0.141311;,
   -0.979795;-0.200005;0.000534;,
   -0.984939;-0.172900;0.001152;,
   0.974177;-0.157969;-0.161323;,
   0.984016;-0.174917;0.033419;,
   0.967794;-0.177696;-0.178324;,
   0.992020;-0.123705;0.024356;,
   0.900115;-0.393053;0.187890;,
   0.904158;-0.361674;0.227357;,
   0.546259;-0.426444;0.720935;,
   0.538209;-0.424863;0.727889;,
   0.118900;-0.992811;-0.013753;,
   0.141799;-0.986405;-0.083054;,
   -0.306176;-0.948248;-0.084155;,
   -0.329840;-0.940533;-0.081255;,
   -0.386439;-0.920397;-0.059453;,
   -0.403049;-0.913304;-0.058550;,
   -0.271065;0.589759;-0.760729;,
   -0.186100;0.101568;-0.977267;,
   -0.287701;0.687341;-0.666927;,
   -0.174732;0.095001;-0.980022;,
   0.102293;0.679830;-0.726201;,
   0.239135;0.305042;-0.921826;,
   -0.054657;0.195424;-0.979195;,
   0.321897;0.686750;-0.651734;,
   -0.260511;0.553007;-0.791402;,
   -0.105161;0.506819;-0.855614;,
   -0.142568;0.062043;-0.987839;,
   -0.166148;0.685944;-0.708432;,
   -0.108639;0.032939;-0.993535;,
   -0.007710;0.976608;-0.214891;,
   0.350914;0.918544;-0.182036;,
   -0.358087;0.915414;-0.183821;,
   -0.160563;0.971563;-0.174027;,
   -0.036842;0.077814;-0.996287;,
   -0.214413;-0.071783;-0.974102;,
   -0.206768;0.972837;-0.104093;,
   -0.251769;0.955627;-0.152938;,
   0.207414;-0.649229;-0.731766;,
   0.137711;-0.047302;-0.989342;,
   0.164414;-0.055695;-0.984818;,
   0.223916;-0.646191;-0.729588;,
   0.013162;-0.724098;-0.689572;,
   0.042010;-0.340277;-0.939386;,
   -0.119909;-0.750633;-0.649748;,
   0.172040;-0.214383;-0.961479;,
   0.205624;-0.543243;-0.814006;,
   0.171559;-0.048826;-0.983963;,
   0.102979;-0.990121;-0.095160;,
   -0.139918;-0.977853;-0.155650;,
   0.209102;-0.975617;-0.066697;,
   0.231030;-0.148775;-0.961505;,
   0.229259;-0.064849;-0.971203;,
   0.199892;-0.979625;-0.019455;,
   -0.543827;-0.836903;0.062015;,
   -0.913447;-0.387673;-0.123792;,
   -0.922975;-0.355847;-0.146598;,
   -0.510482;-0.851461;0.120097;,
   0.974199;-0.157872;0.161284;,
   0.984035;-0.174774;-0.033593;,
   0.992029;-0.123588;-0.024583;,
   0.967816;-0.177620;0.178281;,
   0.900080;-0.392936;-0.188303;,
   0.904109;-0.361504;-0.227820;,
   0.543604;-0.428930;-0.721466;,
   0.536362;-0.423923;-0.729798;,
   -0.053848;-0.996772;0.059552;,
   -0.025324;-0.991240;0.129619;,
   -0.334433;-0.937525;0.095924;,
   -0.329244;-0.940106;0.088317;,
   -0.247698;-0.968722;0.014943;,
   -0.248055;-0.968616;0.015858;,
   0.222730;-0.974880;-0.000010;,
   0.189663;-0.981849;-0.000010;,
   0.222730;-0.974880;-0.000008;,
   0.308389;-0.951260;-0.000001;,
   0.308389;-0.951260;0.000001;,
   0.077575;-0.996987;0.000004;,
   0.077576;-0.996986;0.000002;,
   -0.203263;-0.979124;-0.000007;,
   -0.203260;-0.979125;-0.000012;,
   -0.002976;-0.996278;-0.086152;,
   -0.100296;-0.978854;-0.178287;,
   -0.104657;-0.979233;-0.173637;,
   -0.000000;-0.996181;-0.087311;,
   -0.251035;-0.941284;-0.225758;,
   -0.247861;-0.944323;-0.216377;,
   -0.318322;-0.935497;-0.153353;,
   -0.307684;-0.939390;-0.151251;,
   -0.509657;-0.842938;-0.172354;,
   -0.472529;-0.863226;-0.177642;,
   -0.608998;-0.782015;-0.132565;,
   -0.607663;-0.783549;-0.129604;,
   0.003138;0.996219;0.086824;,
   0.106143;0.976840;0.185788;,
   0.000000;0.996117;0.088046;,
   0.105694;0.979170;0.173365;,
   0.255880;0.939641;0.227158;,
   0.250650;0.943520;0.216665;,
   0.321738;0.934319;0.153405;,
   0.312390;0.937824;0.151325;,
   0.504202;0.846105;0.172879;,
   0.463928;0.867729;0.178374;,
   0.592816;0.794078;0.134196;,
   0.590816;0.796190;0.130455;,
   0.981544;-0.004608;-0.191183;,
   0.753545;0.046194;-0.655772;,
   0.981900;0.000000;-0.189402;,
   0.792829;0.062467;-0.606235;,
   0.140128;0.310037;-0.940341;,
   0.174759;0.314999;-0.932864;,
   -0.128967;0.285001;-0.949812;,
   -0.144216;0.282587;-0.948339;,
   -0.202157;0.370927;-0.906392;,
   -0.169211;0.379805;-0.909459;,
   -0.221636;0.515829;-0.827525;,
   -0.197875;0.531014;-0.823936;,
   0.218024;-0.505026;0.835113;,
   0.149073;-0.368537;0.917583;,
   0.201756;-0.536961;0.819126;,
   0.143819;-0.347381;0.926630;,
   0.102345;-0.275564;0.955819;,
   0.116386;-0.284127;0.951697;,
   -0.103673;-0.329284;0.938522;,
   -0.149738;-0.301722;0.941564;,
   -0.789891;-0.068028;0.609463;,
   -0.822313;-0.032823;0.568088;,
   -0.982497;0.005175;0.186205;,
   -0.982266;0.000000;0.187495;,
   -0.029847;-0.991065;0.129995;,
   -0.102823;-0.984547;0.141758;,
   -0.012814;-0.989978;0.140641;,
   -0.108459;-0.987869;0.111136;,
   -0.185545;-0.982606;0.007583;,
   -0.190842;-0.981621;0.000228;,
   -0.303576;-0.947123;0.103918;,
   -0.312328;-0.943308;0.112349;,
   -0.476843;-0.869466;0.129033;,
   -0.492048;-0.861667;0.124171;,
   -0.569236;-0.822055;0.013993;,
   -0.566903;-0.823784;0.000002;,
   0.029846;0.991066;-0.129992;,
   0.103772;0.984258;-0.143069;,
   0.110526;0.987632;-0.111204;,
   0.012814;0.989978;-0.140638;,
   0.185073;0.982683;-0.009041;,
   0.189919;0.981800;-0.000437;,
   0.303468;0.947187;-0.103653;,
   0.308734;0.944492;-0.112330;,
   0.473324;0.871325;-0.129451;,
   0.490434;0.862802;-0.122664;,
   0.568886;0.822199;-0.018888;,
   0.565572;0.824699;-0.000011;,
   0.984217;0.000000;0.176968;,
   0.736284;0.000000;0.676673;,
   0.791653;-0.010612;0.610879;,
   0.984217;0.000000;0.176968;,
   0.174538;-0.035362;0.984015;,
   0.178068;-0.027421;0.983636;,
   0.110450;0.142684;0.983586;,
   0.124407;0.163721;0.978631;,
   0.122937;0.231387;0.965063;,
   0.127291;0.228144;0.965271;,
   0.041040;0.205906;0.977711;,
   0.026265;0.196579;0.980136;,
   -0.118257;-0.118175;-0.985926;,
   -0.139538;-0.214187;-0.966775;,
   -0.142334;-0.224463;-0.964032;,
   -0.103888;-0.062771;-0.992606;,
   -0.124552;-0.163385;-0.978669;,
   -0.125555;-0.136838;-0.982604;,
   -0.218379;0.036167;-0.975194;,
   -0.216819;0.042609;-0.975282;,
   -0.707667;0.014043;-0.706407;,
   -0.790955;0.000000;-0.611875;,
   -0.986091;0.000000;-0.166205;,
   -0.986091;0.000000;-0.166205;,
   -0.997248;0.000000;0.074138;,
   -0.997248;0.000000;0.074138;,
   -0.997248;0.000000;0.074138;,
   -0.997248;0.000000;0.074138;,
   -0.000000;0.999686;-0.025044;,
   -0.000000;0.999686;-0.025044;,
   -0.000000;0.999686;-0.025044;,
   0.002237;0.999696;-0.024557;,
   0.002237;0.999696;-0.024557;,
   0.002237;0.999696;-0.024557;,
   0.995208;0.000000;-0.097781;,
   0.995208;0.000000;-0.097781;,
   0.995208;0.000000;-0.097781;,
   0.995208;0.000000;-0.097781;,
   -0.002237;-0.999696;0.024557;,
   -0.002237;-0.999696;0.024557;,
   -0.002237;-0.999696;0.024557;,
   0.000000;-0.999686;0.025044;,
   0.000000;-0.999686;0.025044;,
   0.000000;-0.999686;0.025044;,
   0.261366;-0.845337;0.465933;,
   0.261366;-0.845337;0.465933;,
   0.261366;-0.845337;0.465933;,
   -0.156234;-0.808418;0.567495;,
   -0.156234;-0.808418;0.567495;,
   -0.156234;-0.808418;0.567495;,
   -0.174746;-0.862180;0.475509;,
   -0.174746;-0.862180;0.475509;,
   -0.174746;-0.862180;0.475509;,
   -0.964777;-0.047188;0.258801;,
   -0.964777;-0.047188;0.258801;,
   -0.964777;-0.047188;0.258801;,
   -0.999313;-0.035286;0.011309;,
   -0.999313;-0.035286;0.011309;,
   -0.999313;-0.035286;0.011309;,
   -0.996415;0.080553;0.025846;,
   -0.996415;0.080553;0.025846;,
   -0.996415;0.080553;0.025846;,
   -0.990948;0.123186;0.053356;,
   -0.990948;0.123186;0.053356;,
   -0.990948;0.123186;0.053356;,
   -0.996314;0.085778;0.000015;,
   -0.996314;0.085778;0.000015;,
   -0.996314;0.085778;0.000015;,
   -0.996323;0.085678;-0.000011;,
   -0.996323;0.085678;-0.000011;,
   -0.996323;0.085678;-0.000011;,
   -0.990768;0.126763;-0.048069;,
   -0.990768;0.126763;-0.048069;,
   -0.990768;0.126763;-0.048069;,
   -0.996192;0.079697;-0.035348;,
   -0.996192;0.079697;-0.035348;,
   -0.996192;0.079697;-0.035348;,
   -0.996755;-0.064315;-0.048410;,
   -0.996755;-0.064315;-0.048410;,
   -0.996755;-0.064315;-0.048410;,
   -0.970242;-0.026597;-0.240673;,
   -0.970242;-0.026597;-0.240673;,
   -0.970242;-0.026597;-0.240673;,
   -0.431798;-0.780632;-0.451846;,
   -0.431798;-0.780632;-0.451846;,
   -0.431798;-0.780632;-0.451846;,
   -0.440092;-0.714245;-0.544218;,
   -0.440092;-0.714245;-0.544218;,
   -0.440092;-0.714245;-0.544218;,
   0.259348;-0.849179;-0.460036;,
   0.259348;-0.849179;-0.460036;,
   0.259348;-0.849179;-0.460036;,
   -0.914749;-0.057017;0.399978;,
   -0.914749;-0.057017;0.399978;,
   -0.914749;-0.057017;0.399978;,
   -0.996011;-0.076296;0.046267;,
   -0.996011;-0.076296;0.046267;,
   -0.996011;-0.076296;0.046267;,
   -0.983363;0.116539;0.139341;,
   -0.983363;0.116539;0.139341;,
   -0.983363;0.116539;0.139341;,
   -0.970954;0.179124;0.158628;,
   -0.970954;0.179124;0.158628;,
   -0.970954;0.179124;0.158628;,
   -0.993205;0.116375;-0.000694;,
   -0.993205;0.116375;-0.000694;,
   -0.993205;0.116375;-0.000694;,
   -0.993010;0.118029;-0.000344;,
   -0.993010;0.118029;-0.000344;,
   -0.993010;0.118029;-0.000344;,
   -0.969548;0.188269;-0.156624;,
   -0.969548;0.188269;-0.156624;,
   -0.969548;0.188269;-0.156624;,
   -0.980675;0.127464;-0.148421;,
   -0.980675;0.127464;-0.148421;,
   -0.980675;0.127464;-0.148421;,
   -0.992446;-0.122540;0.005879;,
   -0.992446;-0.122540;0.005879;,
   -0.992446;-0.122540;0.005879;,
   -0.919120;-0.027007;-0.393050;,
   -0.919120;-0.027007;-0.393050;,
   -0.919120;-0.027007;-0.393050;,
   -0.314259;-0.560915;-0.765908;,
   -0.314259;-0.560915;-0.765908;,
   -0.314259;-0.560915;-0.765908;,
   -0.495990;-0.545331;0.675728;,
   -0.495990;-0.545331;0.675728;,
   -0.495990;-0.545331;0.675728;,
   -0.237930;-0.022438;-0.971023;,
   -0.224289;-0.028715;0.974100;;
   244;
   3;0,1,2;,
   3;1,0,3;,
   3;4,5,6;,
   3;5,4,7;,
   3;8,7,4;,
   3;9,10,11;,
   3;10,9,12;,
   3;6,13,4;,
   3;13,6,14;,
   3;13,8,4;,
   3;8,13,15;,
   3;16,12,9;,
   3;17,7,18;,
   3;7,17,5;,
   3;16,19,12;,
   3;0,20,3;,
   3;20,0,21;,
   3;22,23,24;,
   3;23,22,25;,
   3;26,27,28;,
   3;27,26,29;,
   3;30,26,28;,
   3;30,25,22;,
   3;25,30,31;,
   3;29,32,33;,
   3;32,29,26;,
   3;26,34,32;,
   3;34,26,30;,
   3;34,30,22;,
   3;35,28,27;,
   3;28,35,36;,
   3;28,36,30;,
   3;30,36,31;,
   3;34,22,37;,
   3;22,38,37;,
   3;38,22,24;,
   3;39,40,41;,
   3;40,39,42;,
   3;40,43,44;,
   3;43,40,42;,
   3;45,46,47;,
   3;46,45,48;,
   3;46,49,50;,
   3;49,46,48;,
   3;50,51,52;,
   3;51,50,49;,
   3;52,53,54;,
   3;53,52,51;,
   3;53,55,54;,
   3;55,53,56;,
   3;55,57,58;,
   3;57,55,56;,
   3;58,39,41;,
   3;39,58,57;,
   3;59,60,61;,
   3;60,59,62;,
   3;63,64,65;,
   3;64,63,66;,
   3;67,63,65;,
   3;68,69,70;,
   3;69,68,71;,
   3;66,72,73;,
   3;72,66,63;,
   3;67,72,63;,
   3;72,67,74;,
   3;75,68,70;,
   3;76,65,64;,
   3;65,76,77;,
   3;75,70,78;,
   3;59,20,79;,
   3;20,59,61;,
   3;80,81,82;,
   3;81,80,83;,
   3;84,85,86;,
   3;85,84,87;,
   3;88,87,84;,
   3;88,82,89;,
   3;82,88,80;,
   3;86,90,84;,
   3;90,86,91;,
   3;84,92,88;,
   3;92,84,90;,
   3;92,80,88;,
   3;93,87,94;,
   3;87,93,85;,
   3;87,88,94;,
   3;88,89,94;,
   3;92,95,80;,
   3;80,38,83;,
   3;38,80,95;,
   3;96,97,98;,
   3;97,96,99;,
   3;97,43,98;,
   3;43,97,44;,
   3;100,101,102;,
   3;101,100,103;,
   3;101,104,102;,
   3;104,101,105;,
   3;105,106,104;,
   3;106,105,107;,
   3;107,108,106;,
   3;108,107,109;,
   3;108,110,111;,
   3;110,108,109;,
   3;110,112,111;,
   3;112,110,113;,
   3;113,96,112;,
   3;96,113,99;,
   3;114,115,116;,
   3;117,116,118;,
   3;116,117,114;,
   3;119,118,120;,
   3;118,119,117;,
   3;121,120,122;,
   3;120,121,119;,
   3;21,79,20;,
   3;19,75,78;,
   3;75,19,16;,
   3;15,72,74;,
   3;72,15,13;,
   3;14,72,13;,
   3;72,14,73;,
   3;47,100,45;,
   3;100,47,103;,
   3;123,124,125;,
   3;124,123,126;,
   3;125,127,128;,
   3;127,125,124;,
   3;128,129,130;,
   3;129,128,127;,
   3;130,131,132;,
   3;131,130,129;,
   3;132,133,134;,
   3;133,132,131;,
   3;135,136,137;,
   3;136,135,138;,
   3;138,139,136;,
   3;139,138,140;,
   3;140,141,139;,
   3;141,140,142;,
   3;142,143,141;,
   3;143,142,144;,
   3;144,145,143;,
   3;145,144,146;,
   3;147,148,149;,
   3;148,147,150;,
   3;150,151,148;,
   3;151,150,152;,
   3;152,153,151;,
   3;153,152,154;,
   3;154,155,153;,
   3;155,154,156;,
   3;156,157,155;,
   3;157,156,158;,
   3;159,160,161;,
   3;160,159,162;,
   3;162,163,160;,
   3;163,162,164;,
   3;164,165,163;,
   3;165,164,166;,
   3;166,167,165;,
   3;167,166,168;,
   3;168,169,167;,
