xof 0303txt 0032
template ColorRGBA {
 <35ff44e0-6c7c-11cf-8f52-0040333594a3>
 FLOAT red;
 FLOAT green;
 FLOAT blue;
 FLOAT alpha;
}

template ColorRGB {
 <d3e16e81-7835-11cf-8f52-0040333594a3>
 FLOAT red;
 FLOAT green;
 FLOAT blue;
}

template Material {
 <3d82ab4d-62da-11cf-ab39-0020af71e433>
 ColorRGBA faceColor;
 FLOAT power;
 ColorRGB specularColor;
 ColorRGB emissiveColor;
 [...]
}

template TextureFilename {
 <a42790e1-7810-11cf-8f52-0040333594a3>
 STRING filename;
}

template Frame {
 <3d82ab46-62da-11cf-ab39-0020af71e433>
 [...]
}

template Matrix4x4 {
 <f6f23f45-7686-11cf-8f52-0040333594a3>
 array FLOAT matrix[16];
}

template FrameTransformMatrix {
 <f6f23f41-7686-11cf-8f52-0040333594a3>
 Matrix4x4 frameMatrix;
}

template Vector {
 <3d82ab5e-62da-11cf-ab39-0020af71e433>
 FLOAT x;
 FLOAT y;
 FLOAT z;
}

template MeshFace {
 <3d82ab5f-62da-11cf-ab39-0020af71e433>
 DWORD nFaceVertexIndices;
 array DWORD faceVertexIndices[nFaceVertexIndices];
}

template Mesh {
 <3d82ab44-62da-11cf-ab39-0020af71e433>
 DWORD nVertices;
 array Vector vertices[nVertices];
 DWORD nFaces;
 array MeshFace faces[nFaces];
 [...]
}

template MeshNormals {
 <f6f23f43-7686-11cf-8f52-0040333594a3>
 DWORD nNormals;
 array Vector normals[nNormals];
 DWORD nFaceNormals;
 array MeshFace faceNormals[nFaceNormals];
}

template MeshMaterialList {
 <f6f23f42-7686-11cf-8f52-0040333594a3>
 DWORD nMaterials;
 DWORD nFaceIndexes;
 array DWORD faceIndexes[nFaceIndexes];
 [Material <3d82ab4d-62da-11cf-ab39-0020af71e433>]
}

template Coords2d {
 <f6f23f44-7686-11cf-8f52-0040333594a3>
 FLOAT u;
 FLOAT v;
}

template MeshTextureCoords {
 <f6f23f40-7686-11cf-8f52-0040333594a3>
 DWORD nTextureCoords;
 array Coords2d textureCoords[nTextureCoords];
}

template XSkinMeshHeader {
 <3cf169ce-ff7c-44ab-93c0-f78f62d172e2>
 WORD nMaxSkinWeightsPerVertex;
 WORD nMaxSkinWeightsPerFace;
 WORD nBones;
}

template SkinWeights {
 <6f0d123b-bad2-4167-a0d0-80224f25fabb>
 STRING transformNodeName;
 DWORD nWeights;
 array DWORD vertexIndices[nWeights];
 array FLOAT weights[nWeights];
 Matrix4x4 matrixOffset;
}

template AnimTicksPerSecond {
 <9e415a43-7ba6-4a73-8743-b73d47e88476>
 DWORD AnimTicksPerSecond;
}

template Animation {
 <3d82ab4f-62da-11cf-ab39-0020af71e433>
 [...]
}

template AnimationSet {
 <3d82ab50-62da-11cf-ab39-0020af71e433>
 [Animation <3d82ab4f-62da-11cf-ab39-0020af71e433>]
}

template FloatKeys {
 <10dd46a9-775b-11cf-8f52-0040333594a3>
 DWORD nValues;
 array FLOAT values[nValues];
}

template TimedFloatKeys {
 <f406b180-7b3b-11cf-8f52-0040333594a3>
 DWORD time;
 FloatKeys tfkeys;
}

template AnimationKey {
 <10dd46a8-775b-11cf-8f52-0040333594a3>
 DWORD keyType;
 DWORD nKeys;
 array TimedFloatKeys keys[nKeys];
}


Material _08_-_Default {
 1.000000;1.000000;1.000000;1.000000;;
 100.000000;
 0.200000;0.200000;0.200000;;
 0.000000;0.000000;0.000000;;

 TextureFilename {
  "Necklace_MammalTeeth.png";
 }
}

Frame Dummy01 {
 

 FrameTransformMatrix {
  1.000000,0.000000,0.000000,0.000000,0.000000,-0.000000,-1.000000,0.000000,0.000000,1.000000,-0.000000,0.000000,0.000000,0.000000,0.000000,1.000000;;
 }

 Frame Bip01 {
  

  FrameTransformMatrix {
   -0.087155,0.982405,-0.165183,0.000000,-0.000001,0.165814,0.986157,0.000000,0.996195,0.085949,-0.014450,0.000000,-0.010000,-0.012284,0.490453,1.000000;;
  }

  Frame Bip01_Pelvis {
   

   FrameTransformMatrix {
    0.000000,1.000000,-0.000001,0.000000,-0.000001,0.000001,1.000000,0.000000,1.000000,0.000000,0.000001,0.000000,0.000000,0.000000,0.000000,1.000000;;
   }

   Frame Bip01_Spine {
    

    FrameTransformMatrix {
     0.984686,0.000002,-0.174337,0.000000,-0.000001,1.000000,0.000004,0.000000,0.174337,-0.000004,0.984686,0.000000,0.051619,0.000000,-0.000083,1.000000;;
    }

    Frame Bip01_Spine1 {
     

     FrameTransformMatrix {
      0.997819,0.052687,0.039774,0.000000,-0.044862,0.983198,-0.176942,0.000000,-0.048428,0.174771,0.983417,0.000000,0.106484,-0.000015,-0.000083,1.000000;;
     }

     Frame Bip01_Neck {
      

      FrameTransformMatrix {
       0.966067,-0.020835,0.257451,0.000000,0.025191,0.999590,-0.013632,0.000000,-0.257061,0.019655,0.966195,0.000000,0.130511,-0.000001,0.004626,1.000000;;
      }

      Frame Bip01_Head {
       

       FrameTransformMatrix {
        0.989321,-0.051753,-0.136255,0.000000,0.064251,0.993958,0.088989,0.000000,0.130826,-0.096793,0.986669,0.000000,0.033674,-0.000000,-0.000000,1.000000;;
       }
      }

      Frame Bip01_L_Clavicle {
       

       FrameTransformMatrix {
        -0.205975,0.976135,0.068811,0.000000,0.943873,0.216738,-0.249254,0.000000,-0.258220,0.013609,-0.965990,0.000000,-0.024734,0.015166,0.002017,1.000000;;
       }

       Frame Bip01_L_UpperArm {
        

        FrameTransformMatrix {
         0.385871,-0.777669,0.496320,0.000000,0.922466,0.332598,-0.196046,0.000000,-0.012616,0.533487,0.845714,0.000000,0.087086,-0.000000,0.000000,1.000000;;
        }

        Frame Bip01_L_Forearm {
         

         FrameTransformMatrix {
          0.943939,0.000000,-0.330119,0.000000,0.000000,1.000000,-0.000000,0.000000,0.330119,-0.000000,0.943939,0.000000,0.137062,-0.000000,0.000000,1.000000;;
         }

         Frame Bip01_L_Hand {
          

          FrameTransformMatrix {
           1.000000,-0.000000,0.000000,0.000000,0.000000,0.000796,1.000000,0.000000,0.000000,-1.000000,0.000796,0.000000,0.137062,0.000000,0.000000,1.000000;;
          }

          Frame Bip01_L_Finger0 {
           

           FrameTransformMatrix {
            0.690342,-0.181727,0.700288,0.000000,0.558537,0.749101,-0.356210,0.000000,-0.459853,0.637043,0.618637,0.000000,0.057681,-0.023605,-0.000272,1.000000;;
           }
          }

          Frame Bip01_L_Finger1 {
           

           FrameTransformMatrix {
            0.728079,-0.000546,0.685493,0.000000,0.000000,1.000000,0.000796,0.000000,-0.685493,-0.000580,0.728079,0.000000,0.084102,0.000000,0.000000,1.000000;;
           }
          }
         }
        }
       }
      }

      Frame Bip01_R_Clavicle {
       

       FrameTransformMatrix {
        -0.028509,-0.999573,-0.006461,0.000000,-0.965665,0.025871,0.258498,0.000000,-0.258220,0.013609,-0.965990,0.000000,-0.024080,-0.016250,0.001399,1.000000;;
       }

       Frame Bip01_R_UpperArm {
        

        FrameTransformMatrix {
         0.221390,0.975047,0.016433,0.000000,-0.974986,0.221654,-0.016512,0.000000,-0.019742,-0.012366,0.999729,0.000000,0.087086,0.000000,0.000000,1.000000;;
        }

        Frame Bip01_R_Forearm {
         

         FrameTransformMatrix {
          0.915660,-0.000000,-0.401954,0.000000,-0.000000,1.000000,-0.000000,0.000000,0.401954,-0.000000,0.915660,0.000000,0.137062,0.000000,-0.000000,1.000000;;
         }

         Frame Bip01_R_Hand {
          

          FrameTransformMatrix {
           0.975195,-0.000000,-0.221346,0.000000,-0.221346,0.000796,-0.975195,0.000000,0.000176,1.000000,0.000777,0.000000,0.137062,0.000000,0.000000,1.000000;;
          }

          Frame Bip01_R_Finger0 {
           

           FrameTransformMatrix {
            0.417774,-0.116941,0.900994,0.000000,-0.558537,0.749101,0.356210,0.000000,-0.716591,-0.652054,0.247639,0.000000,0.057681,0.023605,-0.000272,1.000000;;
           }
          }

          Frame Bip01_R_Finger1 {
           

           FrameTransformMatrix {
            0.352436,0.000745,0.935835,0.000000,-0.000000,1.000000,-0.000796,0.000000,-0.935836,0.000281,0.352436,0.000000,0.084102,0.000000,0.000000,1.000000;;
           }
          }
         }
        }
       }
      }
     }

     Frame Bip01_BackPack {
      

      FrameTransformMatrix {
       0.180560,0.080500,-0.980264,0.000000,0.047560,0.994764,0.090451,0.000000,0.982413,-0.062954,0.175786,0.000000,0.063697,0.000003,-0.088856,1.000000;;
      }
     }
    }

    Frame Bip01_L_Thigh {
     

     FrameTransformMatrix {
      -0.888504,0.030427,0.457858,0.000000,-0.032107,-0.999476,0.004114,0.000000,0.457744,-0.011045,0.889016,0.000000,-0.050843,0.055225,-0.008917,1.000000;;
     }

     Frame Bip01_L_Calf {
      

      FrameTransformMatrix {
       0.942235,-0.000000,-0.334952,0.000000,-0.000000,1.000000,-0.000000,0.000000,0.334952,0.000000,0.942235,0.000000,0.237500,0.000000,-0.000000,1.000000;;
      }

      Frame Bip01_L_Foot {
       

       FrameTransformMatrix {
        0.924325,-0.026487,0.380687,0.000000,-0.068962,0.969570,0.234901,0.000000,-0.375325,-0.243378,0.894371,0.000000,0.206841,-0.000000,0.000000,1.000000;;
       }

       Frame Bip01_L_Toe0 {
        

        FrameTransformMatrix {
         0.000000,0.000000,1.000000,0.000000,0.000000,1.000000,-0.000000,0.000000,-1.000000,0.000000,0.000000,0.000000,0.065373,0.000000,0.066450,1.000000;;
        }
       }
      }
     }
    }

    Frame Bip01_R_Thigh {
     

     FrameTransformMatrix {
      -0.996965,0.030321,-0.071704,0.000000,-0.029454,-0.999480,-0.013113,0.000000,-0.072065,-0.010961,0.997340,0.000000,-0.050843,-0.055225,-0.008917,1.000000;;
     }

     Frame Bip01_R_Calf {
      

      FrameTransformMatrix {
       0.730239,0.000000,-0.683192,0.000000,0.000000,1.000000,0.000000,0.000000,0.683192,-0.000000,0.730239,0.000000,0.237500,0.000000,0.000000,1.000000;;
      }

      Frame Bip01_R_Foot {
       

       FrameTransformMatrix {
        0.991957,0.087165,-0.091782,0.000000,-0.093276,0.993546,-0.064539,0.000000,0.085565,0.072581,0.993685,0.000000,0.206841,-0.000000,0.000000,1.000000;;
       }

       Frame Bip01_R_Toe0 {
        

        FrameTransformMatrix {
         0.000000,0.000000,1.000000,0.000000,0.000000,1.000000,-0.000000,0.000000,-1.000000,0.000000,0.000000,0.000000,0.065373,0.000000,0.066450,1.000000;;
        }
       }
      }
     }
    }
   }

   Frame Bip01_DressFront {
    

    FrameTransformMatrix {
     -0.880185,-0.088339,0.466338,0.000000,0.121847,0.907542,0.401896,0.000000,-0.458725,0.410564,-0.788041,0.000000,-0.043935,0.001339,0.061057,1.000000;;
    }

    Frame Bip01_DressFront02 {
     

     FrameTransformMatrix {
      0.912593,0.000001,0.408870,0.000000,-0.000001,1.000000,-0.000000,0.000000,-0.408870,-0.000000,0.912593,0.000000,0.183378,-0.000000,-0.000120,1.000000;;
     }
    }
   }

   Frame Bip01_DressBack {
    

    FrameTransformMatrix {
     -0.886023,0.038029,0.462080,0.000000,0.191625,0.937561,0.290274,0.000000,-0.422190,0.345735,-0.837988,0.000000,-0.047673,-0.000048,-0.078302,1.000000;;
    }

    Frame Bip01_DressBack02 {
     

     FrameTransformMatrix {
      0.936852,0.174932,-0.302833,0.000000,-0.166408,0.984581,0.053939,0.000000,0.307600,-0.000139,0.951516,0.000000,0.176125,0.000000,-0.000103,1.000000;;
     }
    }
   }
  }

  Frame Bip01_Prop1 {
   

   FrameTransformMatrix {
    -0.233929,-0.108090,0.966226,0.000000,0.687222,0.684611,0.242967,0.000000,-0.687752,0.720850,-0.085868,0.000000,0.108125,-0.048422,-0.137969,1.000000;;
   }
  }

  Frame Bip01_Prop2 {
   

   FrameTransformMatrix {
    -0.163643,-0.967062,0.194966,0.000000,0.985576,-0.168906,-0.010564,0.000000,0.043147,0.190425,0.980753,0.000000,-0.138405,-0.102098,0.114818,1.000000;;
   }
  }
 }
}

Frame Translation_Data {
 

 FrameTransformMatrix {
  1.000000,0.000000,0.000000,0.000000,0.000000,1.000000,0.000000,0.000000,0.000000,0.000000,1.000000,0.000000,0.000000,-0.000000,0.000000,1.000000;;
 }
}

Frame M_NecklaceLong_Teeth {
 

 FrameTransformMatrix {
  1.000000,0.000000,0.000000,0.000000,0.000000,1.000000,0.000000,0.000000,0.000000,0.000000,1.000000,0.000000,0.000000,0.000000,0.000000,1.000000;;
 }

 Mesh M_NecklaceLong_Teeth {
  764;
  0.030251;0.805618;0.073399;,
  0.032061;0.804820;0.076008;,
  0.033238;0.805020;0.072722;,
  0.029699;0.804770;0.077479;,
  0.037975;0.804884;0.062646;,
  0.035692;0.805298;0.062342;,
  0.037636;0.805213;0.054238;,
  0.039969;0.804663;0.054834;,
  0.040953;0.804611;0.051831;,
  0.038454;0.805184;0.051537;,
  0.038319;0.804316;0.048195;,
  0.040968;0.803859;0.048144;,
  -0.000193;0.807245;0.079034;,
  -0.000227;0.806180;0.081888;,
  0.003995;0.806029;0.081165;,
  0.017821;0.805359;0.078955;,
  0.015849;0.806352;0.077467;,
  -0.030232;0.805618;0.073228;,
  -0.033292;0.804598;0.075592;,
  -0.029535;0.804586;0.077339;,
  -0.034462;0.804729;0.072111;,
  -0.039008;0.804657;0.052257;,
  -0.039056;0.804714;0.062363;,
  -0.035966;0.805379;0.062342;,
  -0.041255;0.804652;0.054790;,
  -0.042323;0.804643;0.051837;,
  -0.042327;0.803982;0.048024;,
  -0.003875;0.805884;0.081268;,
  -0.018396;0.805204;0.079076;,
  -0.016235;0.806352;0.077467;,
  -0.041566;0.801501;0.038275;,
  -0.038873;0.801710;0.038142;,
  -0.037762;0.795867;0.027903;,
  -0.040251;0.796008;0.028352;,
  -0.039488;0.790543;0.022053;,
  -0.036978;0.790810;0.022257;,
  -0.035626;0.786395;0.016001;,
  -0.038079;0.784994;0.014680;,
  -0.035947;0.777352;0.007135;,
  -0.033933;0.780341;0.009745;,
  -0.031550;0.771160;0.001278;,
  -0.033174;0.767245;-0.001909;,
  -0.030067;0.754705;-0.012977;,
  -0.028352;0.757926;-0.011137;,
  -0.024112;0.743442;-0.021469;,
  -0.026217;0.741930;-0.021932;,
  -0.022863;0.731912;-0.028573;,
  -0.020252;0.732100;-0.029097;,
  -0.015278;0.721617;-0.035736;,
  -0.017915;0.721353;-0.035178;,
  -0.009837;0.706297;-0.042266;,
  -0.008249;0.709098;-0.041927;,
  -0.000094;0.702372;-0.044884;,
  0.000066;0.697693;-0.045878;,
  0.010488;0.706646;-0.041914;,
  0.008261;0.709231;-0.041792;,
  0.015485;0.721790;-0.035524;,
  0.019176;0.721749;-0.034606;,
  0.023879;0.731957;-0.028268;,
  0.020246;0.732201;-0.029006;,
  0.023772;0.743346;-0.021572;,
  0.026632;0.741431;-0.022096;,
  0.029472;0.753710;-0.013499;,
  0.027287;0.757495;-0.011396;,
  0.030488;0.770555;0.000891;,
  0.032311;0.766169;-0.002645;,
  0.035063;0.776790;0.006787;,
  0.033069;0.779918;0.009473;,
  0.034953;0.786179;0.016018;,
  0.037286;0.784932;0.014873;,
  0.038539;0.790263;0.022577;,
  0.036066;0.790433;0.022683;,
  0.036743;0.795330;0.028581;,
  0.039269;0.795446;0.028954;,
  0.040496;0.801038;0.038649;,
  0.037896;0.801245;0.038568;,
  0.013771;0.695143;-0.042159;,
  0.019100;0.698081;-0.039791;,
  0.009117;0.708349;-0.039493;,
  0.019262;0.703155;-0.039930;,
  0.008426;0.713030;-0.037645;,
  0.019100;0.698081;-0.039791;,
  0.012606;0.694818;-0.044471;,
  0.021094;0.699498;-0.040699;,
  0.005133;0.709928;-0.040132;,
  0.010160;0.698136;-0.043975;,
  0.021094;0.699498;-0.040699;,
  0.014600;0.696235;-0.045379;,
  0.012606;0.694818;-0.044471;,
  0.012408;0.699745;-0.045064;,
  0.009723;0.709147;-0.041846;,
  0.017979;0.702817;-0.042589;,
  0.013771;0.695143;-0.042159;,
  0.019928;0.699173;-0.043011;,
  0.009032;0.713828;-0.039997;,
  0.019928;0.699173;-0.043011;,
  0.005738;0.710726;-0.042484;,
  0.014600;0.696235;-0.045379;,
  0.009723;0.709147;-0.041846;,
  0.009117;0.708349;-0.039493;,
  0.022680;0.707014;-0.036621;,
  0.026799;0.711396;-0.034080;,
  0.014858;0.718582;-0.035072;,
  0.025604;0.716310;-0.034540;,
  0.013084;0.721967;-0.033312;,
  0.026799;0.711396;-0.034080;,
  0.021848;0.706281;-0.038983;,
  0.028410;0.713262;-0.034935;,
  0.011092;0.719665;-0.036044;,
  0.018568;0.708824;-0.038881;,
  0.028410;0.713262;-0.034935;,
  0.023459;0.708148;-0.039839;,
  0.021848;0.706281;-0.038983;,
  0.020386;0.710937;-0.039911;,
  0.015427;0.719411;-0.037423;,
  0.024692;0.715518;-0.037254;,
  0.022680;0.707014;-0.036621;,
  0.027578;0.712530;-0.037297;,
  0.013653;0.722795;-0.035663;,
  0.027578;0.712530;-0.037297;,
  0.011661;0.720494;-0.038396;,
  0.023459;0.708148;-0.039839;,
  0.015427;0.719411;-0.037423;,
  0.014858;0.718582;-0.035072;,
  0.029046;0.718796;-0.031246;,
  0.032099;0.723414;-0.027784;,
  0.019634;0.727212;-0.029258;,
  0.030155;0.728105;-0.027866;,
  0.017275;0.730788;-0.027569;,
  0.032099;0.723414;-0.027784;,
  0.028591;0.718241;-0.033755;,
  0.033454;0.725597;-0.028240;,
  0.015493;0.727897;-0.030963;,
  0.024939;0.720217;-0.033779;,
  0.033454;0.725597;-0.028240;,
  0.029946;0.720423;-0.034210;,
  0.028591;0.718241;-0.033755;,
  0.026475;0.722694;-0.034357;,
  0.020574;0.728888;-0.031493;,
  0.029667;0.727522;-0.030738;,
  0.029046;0.718796;-0.031246;,
  0.032999;0.725041;-0.030749;,
  0.017933;0.731977;-0.029736;,
  0.032999;0.725041;-0.030749;,
  0.016151;0.729086;-0.033130;,
  0.029946;0.720423;-0.034210;,
  0.020574;0.728888;-0.031493;,
  0.019634;0.727212;-0.029258;,
  0.034980;0.730120;-0.024334;,
  0.038029;0.734843;-0.021015;,
  0.024948;0.739163;-0.022186;,
  0.035939;0.739472;-0.021028;,
  0.021879;0.742498;-0.020225;,
  0.038029;0.734843;-0.021015;,
  0.034438;0.729540;-0.026820;,
  0.039296;0.737065;-0.021533;,
  0.020091;0.738843;-0.023609;,
  0.030730;0.731403;-0.026698;,
  0.039296;0.737065;-0.021533;,
  0.035706;0.731762;-0.027338;,
  0.034438;0.729540;-0.026820;,
  0.032162;0.733924;-0.027346;,
  0.025454;0.740082;-0.024315;,
  0.035350;0.738862;-0.023876;,
  0.034980;0.730120;-0.024334;,
  0.038755;0.736486;-0.024019;,
  0.022409;0.743699;-0.022420;,
  0.038755;0.736486;-0.024019;,
  0.020622;0.740043;-0.025804;,
  0.035706;0.731762;-0.027338;,
  0.025454;0.740082;-0.024315;,
  0.024948;0.739163;-0.022186;,
  0.037255;0.741262;-0.016342;,
  0.039891;0.745761;-0.013580;,
  0.028560;0.749560;-0.015260;,
  0.039891;0.745761;-0.013580;,
  0.037976;0.749916;-0.013952;,
  0.025027;0.752126;-0.013644;,
  0.039891;0.745761;-0.013580;,
  0.036837;0.740573;-0.018558;,
  0.041037;0.747740;-0.014159;,
  0.023585;0.750030;-0.015712;,
  0.033472;0.742230;-0.018669;,
  0.037255;0.741262;-0.016342;,
  0.041037;0.747740;-0.014159;,
  0.037982;0.742551;-0.019137;,
  0.036837;0.740573;-0.018558;,
  0.034769;0.744472;-0.019381;,
  0.028988;0.749909;-0.017068;,
  0.037525;0.749175;-0.016494;,
  0.037255;0.741262;-0.016342;,
  0.040619;0.747051;-0.016375;,
  0.025558;0.753068;-0.015686;,
  0.040619;0.747051;-0.016375;,
  0.024116;0.750972;-0.017754;,
  0.037982;0.742551;-0.019137;,
  0.028988;0.749909;-0.017068;,
  0.028560;0.749560;-0.015260;,
  0.028560;0.749560;-0.015260;,
  0.040052;0.752197;-0.009171;,
  0.041687;0.756049;-0.005440;,
  0.030934;0.759059;-0.008050;,
  0.041687;0.756049;-0.005440;,
  0.039525;0.759836;-0.005349;,
  0.027790;0.761676;-0.006139;,
  0.041687;0.756049;-0.005440;,
  0.040031;0.751942;-0.011397;,
  0.042636;0.758079;-0.005454;,
  0.026834;0.757948;-0.009409;,
  0.036731;0.753255;-0.011723;,
  0.040052;0.752197;-0.009171;,
  0.042636;0.758079;-0.005454;,
  0.040979;0.753972;-0.011411;,
  0.040031;0.751942;-0.011397;,
  0.037813;0.755565;-0.011790;,
  0.031543;0.759910;-0.009515;,
  0.039523;0.759592;-0.007889;,
  0.040052;0.752197;-0.009171;,
  0.042615;0.757825;-0.007680;,
  0.028468;0.762974;-0.007776;,
  0.042615;0.757825;-0.007680;,
  0.027512;0.759246;-0.011046;,
  0.040979;0.753972;-0.011411;,
  0.031543;0.759910;-0.009515;,
  0.030934;0.759059;-0.008050;,
  0.030934;0.759059;-0.008050;,
  0.043445;0.782388;0.037941;,
  0.043972;0.783529;0.042801;,
  0.033825;0.783757;0.041253;,
  0.041026;0.785476;0.044542;,
  0.031226;0.784234;0.043096;,
  0.043972;0.783529;0.042801;,
  0.043348;0.783425;0.036905;,
  0.044155;0.785266;0.043910;,
  0.030891;0.783527;0.040000;,
  0.040126;0.783528;0.036240;,
  0.044155;0.785266;0.043910;,
  0.043499;0.785185;0.037279;,
  0.043348;0.783425;0.036905;,
  0.040332;0.785533;0.037465;,
  0.033865;0.785801;0.040769;,
  0.040883;0.786726;0.042546;,
  0.043445;0.782388;0.037941;,
  0.044026;0.786326;0.042138;,
  0.031265;0.786276;0.042604;,
  0.044026;0.786326;0.042138;,
  0.030930;0.785569;0.039508;,
  0.043499;0.785185;0.037279;,
  0.033865;0.785801;0.040769;,
  0.033825;0.783757;0.041253;,
  0.041698;0.760352;-0.001468;,
  0.043065;0.764270;0.002512;,
  0.031791;0.766508;0.000023;,
  0.040525;0.767942;0.002779;,
  0.029322;0.769109;0.001365;,
  0.043065;0.764270;0.002512;,
  0.041679;0.760184;-0.003760;,
  0.043857;0.766426;0.002580;,
  0.028267;0.766097;-0.001453;,
  0.038190;0.761248;-0.004020;,
  0.043857;0.766426;0.002580;,
  0.042471;0.762341;-0.003692;,
  0.041679;0.760184;-0.003760;,
  0.039093;0.763704;-0.003995;,
  0.032356;0.767962;-0.001602;,
  0.040522;0.767801;0.000166;,
  0.041698;0.760352;-0.001468;,
  0.043838;0.766259;0.000288;,
  0.029901;0.770605;-0.000205;,
  0.043838;0.766259;0.000288;,
  0.028846;0.767593;-0.003023;,
  0.042471;0.762341;-0.003692;,
  0.032356;0.767962;-0.001602;,
  0.031791;0.766508;0.000023;,
  0.042803;0.769352;0.004383;,
  0.044517;0.772763;0.007908;,
  0.034070;0.774638;0.007341;,
  0.042231;0.776013;0.008651;,
  0.032013;0.776880;0.008988;,
  0.044517;0.772763;0.007908;,
  0.042470;0.769289;0.002333;,
  0.045201;0.774724;0.007950;,
  0.030725;0.774248;0.006494;,
  0.039302;0.770185;0.002628;,
  0.045201;0.774724;0.007950;,
  0.043153;0.771251;0.002375;,
  0.042470;0.769289;0.002333;,
  0.040074;0.772420;0.002629;,
  0.034326;0.776025;0.005874;,
  0.041866;0.775987;0.006315;,
  0.042803;0.769352;0.004383;,
  0.044867;0.774662;0.005901;,
  0.032288;0.778304;0.007570;,
  0.044867;0.774662;0.005901;,
  0.031000;0.775672;0.005076;,
  0.043153;0.771251;0.002375;,
  0.034326;0.776025;0.005874;,
  0.034070;0.774638;0.007341;,
  0.044316;0.777549;0.012303;,
  0.046066;0.780778;0.015724;,
  0.036092;0.783087;0.014961;,
  0.044015;0.784085;0.016320;,
  0.034195;0.785361;0.016582;,
  0.046066;0.780778;0.015724;,
  0.044044;0.777557;0.010251;,
  0.046832;0.782700;0.015702;,
  0.032861;0.782876;0.014036;,
  0.041026;0.778570;0.010475;,
  0.046832;0.782700;0.015702;,
  0.044810;0.779479;0.010229;,
  0.044044;0.777557;0.010251;,
  0.041893;0.780763;0.010403;,
  0.036453;0.784497;0.013446;,
  0.043722;0.784138;0.013980;,
  0.044316;0.777549;0.012303;,
  0.046560;0.782707;0.013651;,
  0.034565;0.786786;0.015086;,
  0.046560;0.782707;0.013651;,
  0.033230;0.784302;0.012539;,
  0.044810;0.779479;0.010229;,
  0.036453;0.784497;0.013446;,
  0.036092;0.783087;0.014961;,
  0.045347;0.784829;0.019762;,
  0.047141;0.787881;0.022985;,
  0.037485;0.789480;0.023287;,
  0.045061;0.790875;0.023885;,
  0.035709;0.791462;0.025100;,
  0.047141;0.787881;0.022985;,
  0.044893;0.784896;0.017843;,
  0.047751;0.789757;0.022977;,
  0.034348;0.789111;0.022701;,
  0.041996;0.785661;0.018379;,
  0.047751;0.789757;0.022977;,
  0.045504;0.786772;0.017834;,
  0.044893;0.784896;0.017843;,
  0.042682;0.787804;0.018325;,
  0.037599;0.790900;0.021879;,
  0.044557;0.790994;0.021695;,
  0.045347;0.784829;0.019762;,
  0.047298;0.789824;0.021057;,
  0.035833;0.792897;0.023709;,
  0.047298;0.789824;0.021057;,
  0.034472;0.790546;0.021309;,
  0.045504;0.786772;0.017834;,
  0.037599;0.790900;0.021879;,
  0.037485;0.789480;0.023287;,
  0.046377;0.791503;0.028689;,
  0.047752;0.794207;0.032102;,
  0.038571;0.795809;0.031473;,
  0.045696;0.797028;0.032909;,
  0.036705;0.797611;0.033117;,
  0.047752;0.794207;0.032102;,
  0.046149;0.791680;0.026829;,
  0.048338;0.795989;0.032266;,
  0.035657;0.795523;0.030569;,
  0.043348;0.792407;0.027078;,
  0.048338;0.795989;0.032266;,
  0.046735;0.793461;0.026993;,
  0.046149;0.791680;0.026829;,
  0.044012;0.794444;0.027222;,
  0.038833;0.797240;0.030234;,
  0.045449;0.797271;0.030791;,
  0.046377;0.791503;0.028689;,
  0.048110;0.796166;0.030406;,
  0.036974;0.799055;0.031896;,
  0.048110;0.796166;0.030406;,
  0.035926;0.796967;0.029348;,
  0.046735;0.793461;0.026993;,
  0.038833;0.797240;0.030234;,
  0.038571;0.795809;0.031473;,
  0.047750;0.798359;0.038243;,
  0.049448;0.799829;0.042124;,
  0.040449;0.801438;0.042859;,
  0.047566;0.802188;0.043931;,
  0.038805;0.802589;0.045109;,
  0.049448;0.799829;0.042124;,
  0.047367;0.799100;0.036594;,
  0.050072;0.801442;0.042776;,
  0.037515;0.801427;0.042193;,
  0.044666;0.799676;0.037301;,
  0.050072;0.801442;0.042776;,
  0.047991;0.800713;0.037246;,
  0.047367;0.799100;0.036594;,
  0.045368;0.801533;0.038007;,
  0.040625;0.803158;0.042130;,
  0.047143;0.803071;0.042064;,
  0.047750;0.798359;0.038243;,
  0.049689;0.802184;0.041126;,
  0.038989;0.804316;0.044401;,
  0.049689;0.802184;0.041126;,
  0.037699;0.803154;0.041484;,
  0.047991;0.800713;0.037246;,
  0.040625;0.803158;0.042130;,
  0.040449;0.801438;0.042859;,
  0.004127;0.692225;-0.043387;,
  -0.000483;0.697076;-0.042401;,
  -0.005035;0.691998;-0.044791;,
  -0.004952;0.687234;-0.046296;,
  -0.007699;0.689107;-0.048030;,
  -0.004279;0.683126;-0.049192;,
  0.003917;0.706704;-0.042645;,
  0.003090;0.705748;-0.044489;,
  0.002963;0.705272;-0.041725;,
  -0.000437;0.689788;-0.044925;,
  -0.004952;0.687234;-0.046296;,
  -0.002954;0.705873;-0.041218;,
  0.004305;0.692894;-0.047266;,
  -0.000279;0.697847;-0.046872;,
  0.004259;0.705761;-0.044211;,
  -0.007699;0.689107;-0.048030;,
  -0.004006;0.706303;-0.044063;,
  -0.004857;0.692667;-0.048670;,
  -0.004809;0.706063;-0.042894;,
  0.006989;0.689472;-0.045779;,
  0.004252;0.688064;-0.048424;,
  -0.002828;0.706349;-0.043982;,
  -0.000276;0.690394;-0.048439;,
  0.003748;0.683228;-0.047989;,
  -0.000276;0.690394;-0.048439;,
  0.004252;0.688064;-0.048424;,
  -0.000346;0.685102;-0.047703;,
  -0.004791;0.687840;-0.049810;,
  -0.003342;0.707647;-0.042398;,
  0.004945;0.705558;-0.042813;,
  0.004091;0.687458;-0.044910;,
  -0.000437;0.689788;-0.044925;,
  0.003748;0.683228;-0.047989;,
  0.004091;0.687458;-0.044910;,
  -0.000346;0.685102;-0.047703;,
  -0.004791;0.687840;-0.049810;,
  -0.004279;0.683126;-0.049192;,
  -0.007699;0.689107;-0.048030;,
  0.006989;0.689472;-0.045779;,
  0.006989;0.689472;-0.045779;,
  -0.013771;0.695143;-0.042159;,
  -0.009117;0.708349;-0.039493;,
  -0.019100;0.698081;-0.039791;,
  -0.008426;0.713030;-0.037645;,
  -0.019262;0.703155;-0.039930;,
  -0.019100;0.698081;-0.039791;,
  -0.021094;0.699498;-0.040699;,
  -0.012606;0.694818;-0.044471;,
  -0.005133;0.709928;-0.040132;,
  -0.010160;0.698136;-0.043975;,
  -0.021094;0.699498;-0.040699;,
  -0.014600;0.696235;-0.045379;,
  -0.012408;0.699745;-0.045064;,
  -0.012606;0.694818;-0.044471;,
  -0.017979;0.702817;-0.042589;,
  -0.009723;0.709147;-0.041846;,
  -0.013771;0.695143;-0.042159;,
  -0.019928;0.699173;-0.043011;,
  -0.009032;0.713828;-0.039997;,
  -0.019928;0.699173;-0.043011;,
  -0.005738;0.710726;-0.042484;,
  -0.014600;0.696235;-0.045379;,
  -0.009723;0.709147;-0.041846;,
  -0.009117;0.708349;-0.039493;,
  -0.022680;0.707014;-0.036621;,
  -0.014858;0.718582;-0.035072;,
  -0.026799;0.711396;-0.034080;,
  -0.013084;0.721967;-0.033312;,
  -0.025604;0.716310;-0.034540;,
  -0.026799;0.711396;-0.034080;,
  -0.028410;0.713262;-0.034935;,
  -0.021848;0.706281;-0.038983;,
  -0.011092;0.719665;-0.036044;,
  -0.018568;0.708824;-0.038881;,
  -0.028410;0.713262;-0.034935;,
  -0.023459;0.708148;-0.039839;,
  -0.020386;0.710937;-0.039911;,
  -0.021848;0.706281;-0.038983;,
  -0.024692;0.715518;-0.037254;,
  -0.015427;0.719411;-0.037423;,
  -0.022680;0.707014;-0.036621;,
  -0.027578;0.712530;-0.037297;,
  -0.013653;0.722795;-0.035663;,
  -0.027578;0.712530;-0.037297;,
  -0.011661;0.720494;-0.038396;,
  -0.023459;0.708148;-0.039839;,
  -0.015427;0.719411;-0.037423;,
  -0.014858;0.718582;-0.035072;,
  -0.029046;0.718796;-0.031246;,
  -0.019634;0.727212;-0.029258;,
  -0.032099;0.723414;-0.027784;,
  -0.017275;0.730788;-0.027569;,
  -0.030155;0.728105;-0.027866;,
  -0.032099;0.723414;-0.027784;,
  -0.033454;0.725597;-0.028240;,
  -0.028591;0.718241;-0.033755;,
  -0.015493;0.727897;-0.030963;,
  -0.024939;0.720217;-0.033779;,
  -0.033454;0.725597;-0.028240;,
  -0.029946;0.720423;-0.034210;,
  -0.026475;0.722694;-0.034357;,
  -0.028591;0.718241;-0.033755;,
  -0.029667;0.727522;-0.030738;,
  -0.020574;0.728888;-0.031493;,
  -0.029046;0.718796;-0.031246;,
  -0.032999;0.725041;-0.030749;,
  -0.017933;0.731977;-0.029736;,
  -0.032999;0.725041;-0.030749;,
  -0.016151;0.729086;-0.033130;,
  -0.029946;0.720423;-0.034210;,
  -0.020574;0.728888;-0.031493;,
  -0.019634;0.727212;-0.029258;,
  -0.034980;0.730120;-0.024334;,
  -0.024948;0.739163;-0.022186;,
  -0.038029;0.734843;-0.021015;,
  -0.021879;0.742498;-0.020225;,
  -0.035939;0.739472;-0.021028;,
  -0.038029;0.734843;-0.021015;,
  -0.039296;0.737065;-0.021533;,
  -0.034438;0.729540;-0.026820;,
  -0.020091;0.738843;-0.023609;,
  -0.030730;0.731403;-0.026698;,
  -0.039296;0.737065;-0.021533;,
  -0.035706;0.731762;-0.027338;,
  -0.032162;0.733924;-0.027346;,
  -0.034438;0.729540;-0.026820;,
  -0.035350;0.738862;-0.023876;,
  -0.025454;0.740082;-0.024315;,
  -0.034980;0.730120;-0.024334;,
  -0.038755;0.736486;-0.024019;,
  -0.022409;0.743699;-0.022420;,
  -0.038755;0.736486;-0.024019;,
  -0.020622;0.740043;-0.025804;,
  -0.035706;0.731762;-0.027338;,
  -0.025454;0.740082;-0.024315;,
  -0.024948;0.739163;-0.022186;,
  -0.038300;0.741262;-0.016342;,
  -0.029605;0.749560;-0.015260;,
  -0.040936;0.745761;-0.013580;,
  -0.040936;0.745761;-0.013580;,
  -0.026072;0.752126;-0.013644;,
  -0.039021;0.749916;-0.013952;,
  -0.040936;0.745761;-0.013580;,
  -0.042082;0.747740;-0.014159;,
  -0.037882;0.740573;-0.018558;,
  -0.024630;0.750030;-0.015712;,
  -0.038300;0.741262;-0.016342;,
  -0.034517;0.742230;-0.018669;,
  -0.042082;0.747740;-0.014159;,
  -0.039027;0.742551;-0.019137;,
  -0.035814;0.744472;-0.019381;,
  -0.037882;0.740573;-0.018558;,
  -0.038570;0.749175;-0.016494;,
  -0.030033;0.749909;-0.017068;,
  -0.038300;0.741262;-0.016342;,
  -0.041664;0.747051;-0.016375;,
  -0.026603;0.753068;-0.015686;,
  -0.041664;0.747051;-0.016375;,
  -0.025161;0.750972;-0.017754;,
  -0.039027;0.742551;-0.019137;,
  -0.030033;0.749909;-0.017068;,
  -0.029605;0.749560;-0.015260;,
  -0.029605;0.749560;-0.015260;,
  -0.041067;0.752197;-0.009171;,
  -0.031950;0.759059;-0.008050;,
  -0.042703;0.756049;-0.005440;,
  -0.042703;0.756049;-0.005440;,
  -0.028806;0.761676;-0.006139;,
  -0.040541;0.759836;-0.005349;,
  -0.042703;0.756049;-0.005440;,
  -0.043652;0.758079;-0.005454;,
  -0.041046;0.751942;-0.011397;,
  -0.027850;0.757948;-0.009409;,
  -0.041067;0.752197;-0.009171;,
  -0.037747;0.753255;-0.011723;,
  -0.043652;0.758079;-0.005454;,
  -0.041995;0.753972;-0.011411;,
  -0.038829;0.755565;-0.011790;,
  -0.041046;0.751942;-0.011397;,
  -0.040539;0.759592;-0.007889;,
  -0.032559;0.759910;-0.009515;,
  -0.041067;0.752197;-0.009171;,
  -0.043631;0.757825;-0.007680;,
  -0.029484;0.762974;-0.007776;,
  -0.043631;0.757825;-0.007680;,
  -0.028528;0.759246;-0.011046;,
  -0.041995;0.753972;-0.011411;,
  -0.032559;0.759910;-0.009515;,
  -0.031950;0.759059;-0.008050;,
  -0.031950;0.759059;-0.008050;,
  -0.043445;0.782388;0.037941;,
  -0.033825;0.783757;0.041253;,
  -0.043972;0.783529;0.042801;,
  -0.031226;0.784234;0.043096;,
  -0.041026;0.785476;0.044542;,
  -0.043972;0.783529;0.042801;,
  -0.044155;0.785266;0.043910;,
  -0.043348;0.783425;0.036905;,
  -0.030891;0.783527;0.040000;,
  -0.040126;0.783528;0.036240;,
  -0.044155;0.785266;0.043910;,
  -0.043499;0.785185;0.037279;,
  -0.040332;0.785533;0.037465;,
  -0.043348;0.783425;0.036905;,
  -0.040883;0.786726;0.042546;,
  -0.033865;0.785801;0.040769;,
  -0.043445;0.782388;0.037941;,
  -0.044026;0.786326;0.042138;,
  -0.031265;0.786276;0.042604;,
  -0.044026;0.786326;0.042138;,
  -0.030930;0.785569;0.039508;,
  -0.043499;0.785185;0.037279;,
  -0.033865;0.785801;0.040769;,
  -0.033825;0.783757;0.041253;,
  -0.042824;0.760352;-0.001468;,
  -0.032917;0.766508;0.000023;,
  -0.044191;0.764270;0.002512;,
  -0.030448;0.769109;0.001365;,
  -0.041651;0.767942;0.002779;,
  -0.044191;0.764270;0.002512;,
  -0.044982;0.766426;0.002580;,
  -0.042805;0.760184;-0.003760;,
  -0.029393;0.766097;-0.001453;,
  -0.039316;0.761248;-0.004020;,
  -0.044982;0.766426;0.002580;,
  -0.043596;0.762341;-0.003692;,
  -0.040218;0.763704;-0.003995;,
  -0.042805;0.760184;-0.003760;,
  -0.041647;0.767801;0.000166;,
  -0.033481;0.767962;-0.001602;,
  -0.042824;0.760352;-0.001468;,
  -0.044963;0.766259;0.000288;,
  -0.031026;0.770605;-0.000205;,
  -0.044963;0.766259;0.000288;,
  -0.029971;0.767593;-0.003023;,
  -0.043596;0.762341;-0.003692;,
  -0.033481;0.767962;-0.001602;,
  -0.032917;0.766508;0.000023;,
  -0.044538;0.769352;0.004383;,
  -0.035805;0.774638;0.007341;,
  -0.046252;0.772763;0.007908;,
  -0.033747;0.776880;0.008988;,
  -0.043965;0.776013;0.008651;,
  -0.046252;0.772763;0.007908;,
  -0.046935;0.774724;0.007950;,
  -0.044205;0.769289;0.002333;,
  -0.032459;0.774248;0.006494;,
  -0.041037;0.770185;0.002628;,
  -0.046935;0.774724;0.007950;,
  -0.044888;0.771251;0.002375;,
  -0.041809;0.772420;0.002629;,
  -0.044205;0.769289;0.002333;,
  -0.043601;0.775987;0.006315;,
  -0.036061;0.776025;0.005874;,
  -0.044538;0.769352;0.004383;,
  -0.046602;0.774662;0.005901;,
  -0.034023;0.778304;0.007570;,
  -0.046602;0.774662;0.005901;,
  -0.032735;0.775672;0.005076;,
  -0.044888;0.771251;0.002375;,
  -0.036061;0.776025;0.005874;,
  -0.035805;0.774638;0.007341;,
  -0.045985;0.777462;0.011969;,
  -0.037760;0.783001;0.014627;,
  -0.047734;0.780691;0.015390;,
  -0.035864;0.785274;0.016249;,
  -0.045683;0.783998;0.015986;,
  -0.047734;0.780691;0.015390;,
  -0.048500;0.782613;0.015368;,
  -0.045713;0.777470;0.009918;,
  -0.034529;0.782790;0.013702;,
  -0.042694;0.778483;0.010141;,
  -0.048500;0.782613;0.015368;,
  -0.046478;0.779392;0.009896;,
  -0.043561;0.780676;0.010069;,
  -0.045713;0.777470;0.009918;,
  -0.045391;0.784051;0.013646;,
  -0.038121;0.784410;0.013112;,
  -0.045985;0.777462;0.011969;,
  -0.048228;0.782621;0.013317;,
  -0.036233;0.786699;0.014752;,
  -0.048228;0.782621;0.013317;,
  -0.034898;0.784215;0.012206;,
  -0.046478;0.779392;0.009896;,
  -0.038121;0.784410;0.013112;,
  -0.037760;0.783001;0.014627;,
  -0.046948;0.785189;0.019541;,
  -0.039086;0.789841;0.023066;,
  -0.048742;0.788241;0.022764;,
  -0.037311;0.791823;0.024878;,
  -0.046662;0.791236;0.023663;,
  -0.048742;0.788241;0.022764;,
  -0.049353;0.790118;0.022755;,
  -0.046495;0.785257;0.017621;,
  -0.035949;0.789472;0.022479;,
  -0.043597;0.786022;0.018157;,
  -0.049353;0.790118;0.022755;,
  -0.047105;0.787133;0.017613;,
  -0.044283;0.788165;0.018104;,
  -0.046495;0.785257;0.017621;,
  -0.046159;0.791355;0.021473;,
  -0.039201;0.791261;0.021657;,
  -0.046948;0.785189;0.019541;,
  -0.048899;0.790185;0.020836;,
  -0.037434;0.793258;0.023487;,
  -0.048899;0.790185;0.020836;,
  -0.036073;0.790907;0.021088;,
  -0.047105;0.787133;0.017613;,
  -0.039201;0.791261;0.021657;,
  -0.039086;0.789841;0.023066;,
  -0.048029;0.792191;0.028687;,
  -0.040223;0.796498;0.031471;,
  -0.049404;0.794896;0.032100;,
  -0.038357;0.798300;0.033115;,
  -0.047348;0.797717;0.032907;,
  -0.049404;0.794896;0.032100;,
  -0.049990;0.796677;0.032264;,
  -0.047801;0.792369;0.026827;,
  -0.037309;0.796212;0.030567;,
  -0.045000;0.793096;0.027076;,
  -0.049990;0.796677;0.032264;,
  -0.048387;0.794150;0.026991;,
  -0.045664;0.795132;0.027220;,
  -0.047801;0.792369;0.026827;,
  -0.047101;0.797960;0.030789;,
  -0.040485;0.797929;0.030232;,
  -0.048029;0.792191;0.028687;,
  -0.049762;0.796855;0.030404;,
  -0.038625;0.799744;0.031894;,
  -0.049762;0.796855;0.030404;,
  -0.037577;0.797656;0.029346;,
  -0.048387;0.794150;0.026991;,
  -0.040485;0.797929;0.030232;,
  -0.040223;0.796498;0.031471;,
  -0.047750;0.798359;0.038243;,
  -0.040449;0.801438;0.042859;,
  -0.049448;0.799829;0.042124;,
  -0.038805;0.802589;0.045109;,
  -0.047566;0.802188;0.043931;,
  -0.049448;0.799829;0.042124;,
  -0.050072;0.801442;0.042776;,
  -0.047367;0.799100;0.036594;,
  -0.037515;0.801427;0.042193;,
  -0.044666;0.799676;0.037301;,
  -0.050072;0.801442;0.042776;,
  -0.047991;0.800713;0.037246;,
  -0.045368;0.801533;0.038007;,
  -0.047367;0.799100;0.036594;,
  -0.047143;0.803071;0.042064;,
  -0.040625;0.803158;0.042130;,
  -0.047750;0.798359;0.038243;,
  -0.049689;0.802184;0.041126;,
  -0.038989;0.804316;0.044401;,
  -0.049689;0.802184;0.041126;,
  -0.037699;0.803154;0.041484;,
  -0.047991;0.800713;0.037246;,
  -0.040625;0.803158;0.042130;,
  -0.040449;0.801438;0.042859;,
  0.003995;0.806029;0.081165;,
  0.004312;0.787437;0.092812;,
  0.008061;0.787286;0.092089;,
  0.004312;0.787437;0.092812;,
  0.003995;0.806029;0.081165;,
  -0.000227;0.806180;0.081888;,
  -0.000227;0.806180;0.081888;,
  -0.006495;0.788980;0.089135;,
  -0.003318;0.789275;0.089754;,
  -0.006495;0.788980;0.089135;,
  -0.000227;0.806180;0.081888;,
  -0.003875;0.805884;0.081268;;
  858;
  3;0,1,2;,
  3;1,0,3;,
  3;0,4,5;,
  3;4,0,2;,
  3;6,4,7;,
  3;4,6,5;,
  3;6,8,9;,
  3;8,6,7;,
  3;10,8,11;,
  3;8,10,9;,
  3;12,13,14;,
  3;12,15,16;,
  3;15,12,14;,
  3;0,15,3;,
  3;15,0,16;,
  3;17,18,19;,
  3;18,17,20;,
  3;21,22,23;,
  3;22,21,24;,
  3;17,22,20;,
  3;22,17,23;,
  3;21,25,24;,
  3;25,21,26;,
  3;12,27,13;,
  3;12,28,27;,
  3;28,12,29;,
  3;17,28,29;,
  3;28,17,19;,
  3;21,30,26;,
  3;30,21,31;,
  3;32,30,31;,
  3;30,32,33;,
  3;32,34,33;,
  3;34,32,35;,
  3;36,34,35;,
  3;34,36,37;,
  3;36,38,37;,
  3;38,36,39;,
  3;40,38,39;,
  3;38,40,41;,
  3;40,42,41;,
  3;42,40,43;,
  3;44,42,43;,
  3;42,44,45;,
  3;44,46,45;,
  3;46,44,47;,
  3;48,46,47;,
  3;46,48,49;,
  3;48,50,49;,
  3;50,48,51;,
  3;52,50,51;,
  3;50,52,53;,
  3;52,54,53;,
  3;54,52,55;,
  3;56,54,55;,
  3;54,56,57;,
  3;56,58,57;,
  3;58,56,59;,
  3;60,58,59;,
  3;58,60,61;,
  3;60,62,61;,
  3;62,60,63;,
  3;64,62,63;,
  3;62,64,65;,
  3;64,66,65;,
  3;66,64,67;,
  3;68,66,67;,
  3;66,68,69;,
  3;68,70,69;,
  3;70,68,71;,
  3;72,70,71;,
  3;70,72,73;,
  3;72,74,73;,
  3;74,72,75;,
  3;10,74,75;,
  3;74,10,11;,
  3;76,77,78;,
  3;77,79,80;,
  3;81,82,83;,
  3;84,85,76;,
  3;77,86,79;,
  3;85,87,88;,
  3;87,85,89;,
  3;89,90,91;,
  3;81,92,82;,
  3;91,87,89;,
  3;87,91,93;,
  3;94,79,91;,
  3;79,94,80;,
  3;82,95,83;,
  3;85,96,89;,
  3;96,85,84;,
  3;79,93,91;,
  3;93,79,86;,
  3;76,85,88;,
  3;82,97,95;,
  3;84,98,96;,
  3;98,84,99;,
  3;80,98,99;,
  3;98,80,94;,
  3;89,96,90;,
  3;90,94,91;,
  3;77,80,78;,
  3;78,84,76;,
  3;100,101,102;,
  3;101,103,104;,
  3;105,106,107;,
  3;108,109,100;,
  3;101,110,103;,
  3;109,111,112;,
  3;111,109,113;,
  3;113,114,115;,
  3;105,116,106;,
  3;115,111,113;,
  3;111,115,117;,
  3;118,103,115;,
  3;103,118,104;,
  3;106,119,107;,
  3;109,120,113;,
  3;120,109,108;,
  3;103,117,115;,
  3;117,103,110;,
  3;100,109,112;,
  3;106,121,119;,
  3;108,122,120;,
  3;122,108,123;,
  3;104,122,123;,
  3;122,104,118;,
  3;113,120,114;,
  3;114,118,115;,
  3;101,104,102;,
  3;102,108,100;,
  3;124,125,126;,
  3;125,127,128;,
  3;129,130,131;,
  3;132,133,124;,
  3;125,134,127;,
  3;133,135,136;,
  3;135,133,137;,
  3;137,138,139;,
  3;129,140,130;,
  3;139,135,137;,
  3;135,139,141;,
  3;142,127,139;,
  3;127,142,128;,
  3;130,143,131;,
  3;133,144,137;,
  3;144,133,132;,
  3;127,141,139;,
  3;141,127,134;,
  3;124,133,136;,
  3;130,145,143;,
  3;132,146,144;,
  3;146,132,147;,
  3;128,146,147;,
  3;146,128,142;,
  3;137,144,138;,
  3;138,142,139;,
  3;125,128,126;,
  3;126,132,124;,
  3;148,149,150;,
  3;149,151,152;,
  3;153,154,155;,
  3;156,157,148;,
  3;149,158,151;,
  3;157,159,160;,
  3;159,157,161;,
  3;161,162,163;,
  3;153,164,154;,
  3;163,159,161;,
  3;159,163,165;,
  3;166,151,163;,
  3;151,166,152;,
  3;154,167,155;,
  3;157,168,161;,
  3;168,157,156;,
  3;151,165,163;,
  3;165,151,158;,
  3;148,157,160;,
  3;154,169,167;,
  3;156,170,168;,
  3;170,156,171;,
  3;152,170,171;,
  3;170,152,166;,
  3;161,168,162;,
  3;162,166,163;,
  3;149,152,150;,
  3;150,156,148;,
  3;172,173,174;,
  3;175,176,177;,
  3;178,179,180;,
  3;181,182,183;,
  3;175,184,176;,
  3;182,185,186;,
  3;185,182,187;,
  3;187,188,189;,
  3;178,190,179;,
  3;189,185,187;,
  3;185,189,191;,
  3;192,176,189;,
  3;176,192,177;,
  3;179,193,180;,
  3;182,194,187;,
  3;194,182,181;,
  3;176,191,189;,
  3;191,176,184;,
  3;183,182,186;,
  3;179,195,193;,
  3;181,196,194;,
  3;196,181,197;,
  3;177,196,197;,
  3;196,177,192;,
  3;187,194,188;,
  3;188,192,189;,
  3;175,177,198;,
  3;198,181,183;,
  3;199,200,201;,
  3;202,203,204;,
  3;205,206,207;,
  3;208,209,210;,
  3;202,211,203;,
  3;209,212,213;,
  3;212,209,214;,
  3;214,215,216;,
  3;205,217,206;,
  3;216,212,214;,
  3;212,216,218;,
  3;219,203,216;,
  3;203,219,204;,
  3;206,220,207;,
  3;209,221,214;,
  3;221,209,208;,
  3;203,218,216;,
  3;218,203,211;,
  3;210,209,213;,
  3;206,222,220;,
  3;208,223,221;,
  3;223,208,224;,
  3;204,223,224;,
