xof 0303txt 0032
template ColorRGBA {
 <35ff44e0-6c7c-11cf-8f52-0040333594a3>
 FLOAT red;
 FLOAT green;
 FLOAT blue;
 FLOAT alpha;
}

template ColorRGB {
 <d3e16e81-7835-11cf-8f52-0040333594a3>
 FLOAT red;
 FLOAT green;
 FLOAT blue;
}

template Material {
 <3d82ab4d-62da-11cf-ab39-0020af71e433>
 ColorRGBA faceColor;
 FLOAT power;
 ColorRGB specularColor;
 ColorRGB emissiveColor;
 [...]
}

template TextureFilename {
 <a42790e1-7810-11cf-8f52-0040333594a3>
 STRING filename;
}

template Frame {
 <3d82ab46-62da-11cf-ab39-0020af71e433>
 [...]
}

template Matrix4x4 {
 <f6f23f45-7686-11cf-8f52-0040333594a3>
 array FLOAT matrix[16];
}

template FrameTransformMatrix {
 <f6f23f41-7686-11cf-8f52-0040333594a3>
 Matrix4x4 frameMatrix;
}

template Vector {
 <3d82ab5e-62da-11cf-ab39-0020af71e433>
 FLOAT x;
 FLOAT y;
 FLOAT z;
}

template MeshFace {
 <3d82ab5f-62da-11cf-ab39-0020af71e433>
 DWORD nFaceVertexIndices;
 array DWORD faceVertexIndices[nFaceVertexIndices];
}

template Mesh {
 <3d82ab44-62da-11cf-ab39-0020af71e433>
 DWORD nVertices;
 array Vector vertices[nVertices];
 DWORD nFaces;
 array MeshFace faces[nFaces];
 [...]
}

template MeshNormals {
 <f6f23f43-7686-11cf-8f52-0040333594a3>
 DWORD nNormals;
 array Vector normals[nNormals];
 DWORD nFaceNormals;
 array MeshFace faceNormals[nFaceNormals];
}

template MeshMaterialList {
 <f6f23f42-7686-11cf-8f52-0040333594a3>
 DWORD nMaterials;
 DWORD nFaceIndexes;
 array DWORD faceIndexes[nFaceIndexes];
 [Material <3d82ab4d-62da-11cf-ab39-0020af71e433>]
}

template Coords2d {
 <f6f23f44-7686-11cf-8f52-0040333594a3>
 FLOAT u;
 FLOAT v;
}

template MeshTextureCoords {
 <f6f23f40-7686-11cf-8f52-0040333594a3>
 DWORD nTextureCoords;
 array Coords2d textureCoords[nTextureCoords];
}

template XSkinMeshHeader {
 <3cf169ce-ff7c-44ab-93c0-f78f62d172e2>
 WORD nMaxSkinWeightsPerVertex;
 WORD nMaxSkinWeightsPerFace;
 WORD nBones;
}

template SkinWeights {
 <6f0d123b-bad2-4167-a0d0-80224f25fabb>
 STRING transformNodeName;
 DWORD nWeights;
 array DWORD vertexIndices[nWeights];
 array FLOAT weights[nWeights];
 Matrix4x4 matrixOffset;
}

template AnimTicksPerSecond {
 <9e415a43-7ba6-4a73-8743-b73d47e88476>
 DWORD AnimTicksPerSecond;
}

template Animation {
 <3d82ab4f-62da-11cf-ab39-0020af71e433>
 [...]
}

template AnimationSet {
 <3d82ab50-62da-11cf-ab39-0020af71e433>
 [Animation <3d82ab4f-62da-11cf-ab39-0020af71e433>]
}

template FloatKeys {
 <10dd46a9-775b-11cf-8f52-0040333594a3>
 DWORD nValues;
 array FLOAT values[nValues];
}

template TimedFloatKeys {
 <f406b180-7b3b-11cf-8f52-0040333594a3>
 DWORD time;
 FloatKeys tfkeys;
}

template AnimationKey {
 <10dd46a8-775b-11cf-8f52-0040333594a3>
 DWORD keyType;
 DWORD nKeys;
 array TimedFloatKeys keys[nKeys];
}


Material Material__2 {
 1.000000;1.000000;1.000000;1.000000;;
 10.000000;
 0.000000;0.000000;0.000000;;
 0.000000;0.000000;0.000000;;

 TextureFilename {
  "FarmPig_Boar.png";
 }
}

Frame Dummy01 {
 

 FrameTransformMatrix {
  1.000000,0.000000,0.000000,0.000000,0.000000,-0.000000,-1.000000,0.000000,0.000000,1.000000,-0.000000,0.000000,0.000000,0.000000,0.000000,1.000000;;
 }

 Frame Bip01 {
  

  FrameTransformMatrix {
   -0.010166,0.499896,-0.866026,0.000000,0.069597,0.864324,0.498097,0.000000,0.997523,-0.055209,-0.043578,0.000000,0.014890,-0.182061,0.347961,1.000000;;
  }

  Frame Bip01_Pelvis {
   

   FrameTransformMatrix {
    -0.000000,0.996195,0.087154,0.000000,0.043618,-0.087071,0.995247,0.000000,0.999048,0.003801,-0.043452,0.000000,0.000000,0.000000,0.000000,1.000000;;
   }

   Frame Bip01_Spine {
    

    FrameTransformMatrix {
     0.857710,-0.096893,0.504920,0.000000,0.124702,0.991962,-0.021476,0.000000,-0.498781,0.081384,0.862899,0.000000,0.067699,-0.005923,0.000123,1.000000;;
    }

    Frame Bip01_L_Thigh {
     

     FrameTransformMatrix {
      -0.038382,-0.050324,0.997995,0.000000,0.120267,-0.991704,-0.045381,0.000000,0.991999,0.118284,0.044116,0.000000,-0.064665,0.058475,0.039151,1.000000;;
     }

     Frame Bip01_L_Calf {
      

      FrameTransformMatrix {
       0.748331,0.000000,-0.663326,0.000000,-0.000000,1.000000,0.000000,0.000000,0.663326,0.000000,0.748331,0.000000,0.158690,0.000000,0.000000,1.000000;;
      }

      Frame Bip01_L_Foot {
       

       FrameTransformMatrix {
        0.484897,-0.043093,-0.873509,0.000000,0.071932,0.997366,-0.009273,0.000000,0.871608,-0.058337,0.486720,0.000000,0.097615,-0.000000,0.000000,1.000000;;
       }

       Frame Bip01_L_Toe0 {
        

        FrameTransformMatrix {
         -0.343156,-0.036835,0.938556,0.000000,0.061626,0.996195,0.061629,0.000000,-0.937255,0.078987,-0.339580,0.000000,0.015109,0.000000,0.080718,1.000000;;
        }
       }
      }
     }
    }

    Frame Bip01_R_Thigh {
     

     FrameTransformMatrix {
      0.497109,0.023665,0.867365,0.000000,-0.053824,-0.996862,0.058046,0.000000,0.866017,-0.075540,-0.494275,0.000000,-0.052740,-0.063603,0.029135,1.000000;;
     }

     Frame Bip01_R_Calf {
      

      FrameTransformMatrix {
       0.879099,0.000000,-0.476639,0.000000,0.000000,1.000000,-0.000000,0.000000,0.476639,0.000000,0.879099,0.000000,0.158690,0.000000,-0.000000,1.000000;;
      }

      Frame Bip01_R_Foot {
       

       FrameTransformMatrix {
        0.552188,-0.023845,-0.833379,0.000000,0.070177,0.997373,0.017961,0.000000,0.830761,-0.068401,0.552411,0.000000,0.097615,0.000000,0.000000,1.000000;;
       }

       Frame Bip01_R_Toe0 {
        

        FrameTransformMatrix {
         0.258818,0.084189,0.962251,0.000000,0.000003,0.996194,-0.087159,0.000000,-0.965927,0.022561,0.257833,0.000000,0.015109,-0.000000,0.080718,1.000000;;
        }
       }
      }
     }
    }

    Frame Bip01_Spine1 {
     

     FrameTransformMatrix {
      0.992407,-0.087121,0.086827,0.000000,0.090514,0.995247,-0.035937,0.000000,-0.083283,0.043523,0.995575,0.000000,0.196911,-0.000010,-0.000231,1.000000;;
     }

     Frame Bip01_Neck {
      

      FrameTransformMatrix {
       0.842449,0.087157,0.531681,0.000000,-0.073743,0.996195,-0.046458,0.000000,-0.533706,-0.000070,0.845670,0.000000,0.291459,0.000000,-0.000080,1.000000;;
      }

      Frame Bip01_Head {
       

       FrameTransformMatrix {
        -0.121165,0.021732,-0.992394,0.000000,0.034434,0.999251,0.017678,0.000000,0.992035,-0.032030,-0.121822,0.000000,0.118671,0.000000,0.000000,1.000000;;
       }

       Frame Bip01_Jaw {
        

        FrameTransformMatrix {
         0.050098,0.000003,0.998744,0.000000,-0.000003,1.000000,-0.000003,0.000000,-0.998744,-0.000003,0.050098,0.000000,0.007437,0.000000,0.031577,1.000000;;
        }
       }

       Frame Bip01_RightEar {
        

        FrameTransformMatrix {
         0.082255,-0.010797,0.996553,0.000000,0.663685,0.746553,-0.046692,0.000000,-0.743476,0.665238,0.068573,0.000000,0.065067,-0.068974,-0.014558,1.000000;;
        }
       }

       Frame Bip01_LeftEar {
        

        FrameTransformMatrix {
         0.085949,0.088007,0.992405,0.000000,-0.695442,0.718574,-0.003494,0.000000,-0.713423,-0.689860,0.122965,0.000000,0.065064,0.068976,-0.014564,1.000000;;
        }
       }
      }

      Frame Bip01_L_Clavicle {
       

       FrameTransformMatrix {
        0.887839,0.029943,0.459179,0.000000,0.459693,-0.102396,-0.882155,0.000000,0.020604,0.994293,-0.104676,0.000000,-0.018941,0.057315,0.018272,1.000000;;
       }

       Frame Bip01_L_UpperArm {
        

        FrameTransformMatrix {
         0.052067,-0.971701,-0.230403,0.000000,0.077062,-0.226119,0.971047,0.000000,-0.995666,-0.068315,0.063108,0.000000,0.140904,0.000000,0.000000,1.000000;;
        }

        Frame Bip01_L_Forearm {
         

         FrameTransformMatrix {
          0.057552,0.000000,-0.998342,0.000000,-0.000000,1.000000,-0.000000,0.000000,0.998343,-0.000000,0.057552,0.000000,0.114361,0.000000,0.000000,1.000000;;
         }

         Frame Bip01_L_Hand {
          

          FrameTransformMatrix {
           0.999018,0.042204,0.013500,0.000000,-0.042386,0.999010,0.013489,0.000000,-0.012918,-0.014048,0.999818,0.000000,0.090209,0.000000,0.000000,1.000000;;
          }

          Frame Bip01_L_Finger0 {
           

           FrameTransformMatrix {
            0.996195,0.000069,-0.087156,0.000000,0.000000,1.000000,0.000796,0.000000,0.087156,-0.000793,0.996195,0.000000,0.070715,0.000000,0.000000,1.000000;;
           }
          }
         }
        }
       }
      }

      Frame Bip01_R_Clavicle {
       

       FrameTransformMatrix {
        0.642976,-0.178895,0.744700,0.000000,-0.750577,0.046256,0.659162,0.000000,-0.152368,-0.982780,-0.104533,0.000000,-0.028606,-0.053152,0.018280,1.000000;;
       }

       Frame Bip01_R_UpperArm {
        

        FrameTransformMatrix {
         0.395704,0.915899,-0.067431,0.000000,-0.228807,0.027212,-0.973092,0.000000,-0.889419,0.400485,0.220332,0.000000,0.140904,0.000000,-0.000000,1.000000;;
        }

        Frame Bip01_R_Forearm {
         

         FrameTransformMatrix {
          0.072826,-0.000000,-0.997345,0.000000,-0.000000,1.000000,0.000000,0.000000,0.997345,-0.000000,0.072826,0.000000,0.114361,0.000000,0.000000,1.000000;;
         }

         Frame Bip01_R_Hand {
          

          FrameTransformMatrix {
           0.211561,0.006915,0.977341,0.000000,0.121567,0.992023,-0.033334,0.000000,-0.969775,0.125864,0.209033,0.000000,0.090209,0.000000,0.000000,1.000000;;
          }

          Frame Bip01_R_Finger0 {
           

           FrameTransformMatrix {
            0.996385,0.000068,0.084948,0.000000,0.000000,1.000000,-0.000796,0.000000,-0.084948,0.000793,0.996385,0.000000,0.070715,0.000000,0.000000,1.000000;;
           }
          }
         }
        }
       }
      }
     }
    }

    Frame Bip01_Tail {
     

     FrameTransformMatrix {
      -0.826116,-0.090713,-0.556151,0.000000,-0.047333,0.994640,-0.091925,0.000000,0.561509,-0.049616,-0.825982,0.000000,-0.095054,-0.004145,-0.008780,1.000000;;
     }
    }

    Frame Bip01_Belly {
     

     FrameTransformMatrix {
      -0.000108,0.504485,0.863420,0.000000,-0.000405,0.863420,-0.504485,0.000000,-1.000000,-0.000404,0.000111,0.000000,0.159357,0.000000,0.095430,1.000000;;
     }
    }
   }
  }
 }
}

Frame Translation_Data {
 

 FrameTransformMatrix {
  -0.000000,0.000000,-1.000000,0.000000,-1.000000,-0.000000,0.000000,0.000000,-0.000000,1.000000,0.000000,0.000000,0.000000,0.000000,0.000000,1.000000;;
 }
}

Frame FarmPig_BoarBody {
 

 FrameTransformMatrix {
  1.000000,0.000000,0.000000,0.000000,0.000000,1.000000,0.000000,0.000000,0.000000,0.000000,1.000000,0.000000,0.000000,0.000000,0.023808,1.000000;;
 }

 Mesh FarmPig_BoarBody {
  582;
  0.000000;0.319079;-0.682923;,
  -0.019841;0.357759;-0.693251;,
  -0.000000;0.366206;-0.695211;,
  -0.031752;0.342434;-0.688821;,
  -0.036915;0.325162;-0.684250;,
  0.000000;0.452783;0.097154;,
  -0.061676;0.426855;-0.059629;,
  -0.062372;0.425473;0.086233;,
  0.000000;0.444393;-0.059771;,
  -0.114148;0.349488;0.081829;,
  -0.114007;0.346524;-0.059510;,
  -0.113826;0.245212;0.059265;,
  -0.126436;0.251746;-0.058510;,
  -0.110773;0.248862;0.084636;,
  -0.051181;0.404829;0.195108;,
  0.000000;0.428991;0.195353;,
  -0.100517;0.339597;0.192206;,
  -0.113626;0.251148;0.195060;,
  -0.127627;0.244782;0.104858;,
  -0.043084;0.366906;0.258357;,
  -0.000000;0.385091;0.258539;,
  -0.073889;0.317567;0.258356;,
  -0.074279;0.250706;0.261240;,
  -0.000006;0.321268;0.276353;,
  -0.057752;-0.003182;0.233044;,
  -0.030706;-0.002771;0.194184;,
  -0.036777;-0.002814;0.235887;,
  -0.077401;-0.003184;0.213376;,
  -0.053450;-0.002655;0.178166;,
  -0.078828;-0.002855;0.191426;,
  0.000000;0.317501;-0.675235;,
  -0.032421;0.302680;-0.669921;,
  -0.032100;0.319938;-0.671527;,
  -0.017972;0.288459;-0.667812;,
  -0.096807;0.177667;0.058614;,
  -0.116429;0.171828;-0.058482;,
  -0.092300;0.188237;0.095466;,
  -0.106214;0.191132;0.195082;,
  -0.119959;0.183834;0.124653;,
  -0.062393;0.191897;0.242150;,
  -0.058354;0.233027;0.257751;,
  -0.054462;0.246741;0.263038;,
  -0.086382;0.129649;-0.117772;,
  -0.071436;0.130151;-0.006475;,
  -0.089507;0.133903;0.196058;,
  -0.090746;0.121608;0.170044;,
  -0.058463;0.142657;0.228638;,
  -0.037140;0.190485;0.243762;,
  -0.020142;0.142273;0.233215;,
  -0.026509;0.182484;0.243338;,
  0.000001;0.188258;0.233869;,
  -0.014265;0.179795;0.244011;,
  -0.000002;0.170982;0.124143;,
  -0.018613;0.122636;0.174803;,
  -0.007841;0.174046;0.118513;,
  -0.053824;0.112301;0.157210;,
  -0.059472;0.173480;0.116031;,
  -0.018613;0.122636;0.174803;,
  -0.000002;0.170982;0.124143;,
  -0.084870;0.115314;0.202325;,
  -0.088625;0.112229;0.173115;,
  -0.058813;0.117057;0.228658;,
  -0.027436;0.115710;0.233112;,
  -0.021148;0.112610;0.177805;,
  -0.021148;0.112610;0.177805;,
  -0.078998;0.040121;0.213297;,
  -0.080586;0.037504;0.196145;,
  -0.059114;0.041746;0.232122;,
  -0.035945;0.040709;0.234912;,
  -0.031853;0.037999;0.199511;,
  -0.054783;0.038310;0.184064;,
  -0.031853;0.037999;0.199511;,
  -0.079128;0.035101;0.215109;,
  -0.059277;0.032157;0.233982;,
  -0.036319;0.033424;0.236528;,
  -0.077401;-0.003184;0.213376;,
  -0.078828;-0.002855;0.191426;,
  -0.057752;-0.003182;0.233044;,
  -0.036777;-0.002814;0.235887;,
  -0.030706;-0.002771;0.194184;,
  -0.053450;-0.002655;0.178166;,
  -0.030706;-0.002771;0.194184;,
  -0.061157;0.426345;-0.193518;,
  0.000000;0.443770;-0.193417;,
  -0.119213;0.353998;-0.193575;,
  -0.133271;0.272469;-0.193776;,
  -0.122090;0.196960;-0.194258;,
  -0.089351;0.152098;-0.194898;,
  0.000000;0.143169;-0.195005;,
  0.000000;0.121151;-0.118015;,
  -0.057192;0.437595;-0.295291;,
  0.000000;0.453827;-0.295633;,
  -0.111188;0.368706;-0.292579;,
  -0.124807;0.297234;-0.284508;,
  -0.118583;0.230247;-0.274354;,
  -0.103553;0.190725;-0.274634;,
  -0.036692;0.171567;-0.278910;,
  -0.000000;0.172698;-0.277933;,
  -0.055360;0.445476;-0.341800;,
  0.000000;0.463993;-0.341408;,
  -0.111341;0.377396;-0.349674;,
  -0.126809;0.297513;-0.355457;,
  -0.128442;0.238732;-0.351068;,
  -0.126187;0.233760;-0.281656;,
  -0.120557;0.187030;-0.342754;,
  -0.117181;0.189114;-0.283091;,
  -0.069976;-0.003345;-0.314158;,
  -0.048258;-0.003181;-0.338123;,
  -0.053003;-0.002906;-0.317170;,
  -0.090949;-0.003184;-0.339177;,
  -0.087305;-0.002841;-0.317572;,
  -0.051935;0.450274;-0.392807;,
  0.000000;0.467342;-0.395627;,
  -0.103479;0.382750;-0.404887;,
  -0.118887;0.298715;-0.413791;,
  -0.117920;0.238423;-0.406920;,
  -0.109685;0.184706;-0.387942;,
  -0.068465;-0.002861;-0.364043;,
  -0.052713;-0.002633;-0.358568;,
  -0.087165;-0.002620;-0.359936;,
  -0.083367;0.170975;-0.278706;,
  -0.024249;0.170164;-0.339870;,
  -0.000001;0.175980;-0.339994;,
  -0.000001;0.175980;-0.339994;,
  -0.034054;0.171080;-0.382412;,
  -0.000000;0.181932;-0.395163;,
  -0.024249;0.170164;-0.339870;,
  -0.071607;0.179666;-0.396500;,
  -0.092192;0.105571;-0.300670;,
  -0.095297;0.105550;-0.326223;,
  -0.072385;0.105701;-0.296143;,
  -0.052246;0.105305;-0.300048;,
  -0.044962;0.105310;-0.324528;,
  -0.050200;0.103804;-0.347345;,
  -0.044962;0.105310;-0.324528;,
  -0.068198;0.105188;-0.354032;,
  -0.089473;0.104030;-0.349066;,
  -0.091099;0.091148;-0.301278;,
  -0.094393;0.098015;-0.326205;,
  -0.072261;0.090182;-0.296895;,
  -0.053695;0.090897;-0.300631;,
  -0.045952;0.097431;-0.324572;,
  -0.045952;0.097431;-0.324572;,
  -0.085505;0.034692;-0.313772;,
  -0.089229;0.036562;-0.333950;,
  -0.071025;0.034198;-0.310033;,
  -0.054537;0.034531;-0.313374;,
  -0.050006;0.036384;-0.332999;,
  -0.054260;0.038896;-0.351537;,
  -0.050006;0.036384;-0.332999;,
  -0.068535;0.039641;-0.357051;,
  -0.085449;0.038885;-0.352805;,
  -0.087305;-0.002841;-0.317572;,
  -0.089503;0.032588;-0.334378;,
  -0.090949;-0.003184;-0.339177;,
  -0.085892;0.026033;-0.314955;,
  -0.069976;-0.003345;-0.314158;,
  -0.071021;0.025244;-0.311329;,
  -0.054243;0.025969;-0.314643;,
  -0.053003;-0.002906;-0.317170;,
  -0.049614;0.032490;-0.333548;,
  -0.048258;-0.003181;-0.338123;,
  -0.049614;0.032490;-0.333548;,
  -0.068465;-0.002861;-0.364043;,
  -0.052713;-0.002633;-0.358568;,
  -0.087165;-0.002620;-0.359936;,
  -0.048258;-0.003181;-0.338123;,
  0.000000;0.284598;-0.667325;,
  -0.054039;0.271077;-0.516335;,
  -0.080713;0.288986;-0.501638;,
  -0.088325;0.300844;-0.513516;,
  -0.052142;0.261261;-0.491057;,
  0.000000;0.247941;-0.487128;,
  0.000000;0.264340;-0.517410;,
  0.000000;0.459685;-0.503845;,
  -0.043477;0.442890;-0.505590;,
  -0.080019;0.393857;-0.510296;,
  -0.089139;0.333738;-0.511498;,
  -0.051964;0.266306;-0.591999;,
  -0.066153;0.294063;-0.589810;,
  0.000000;0.260067;-0.592436;,
  -0.027715;0.392762;-0.585109;,
  0.000000;0.402122;-0.585125;,
  -0.051455;0.366839;-0.585067;,
  -0.058568;0.330776;-0.620098;,
  -0.019686;0.359008;-0.671252;,
  -0.000000;0.366194;-0.671957;,
  -0.031321;0.344210;-0.670027;,
  -0.037626;0.327455;-0.668525;,
  -0.103756;0.255213;-0.443299;,
  -0.068451;0.225602;-0.449037;,
  0.000000;0.217228;-0.448714;,
  -0.037626;0.327455;-0.668525;,
  0.000000;0.319079;-0.682923;,
  0.000000;0.325494;-0.666640;,
  -0.036915;0.325162;-0.684250;,
  -0.000000;0.366194;-0.671957;,
  -0.019841;0.357759;-0.693251;,
  -0.019686;0.359008;-0.671252;,
  -0.000000;0.366206;-0.695211;,
  -0.064402;0.156055;0.058878;,
  -0.015814;0.125497;-0.004807;,
  -0.013187;0.151384;0.059270;,
  -0.058568;0.330776;-0.620098;,
  0.000000;0.317501;-0.675235;,
  -0.032100;0.319938;-0.671527;,
  0.000000;0.329418;-0.622120;,
  0.000000;0.329418;-0.622120;,
  -0.058568;0.330776;-0.620098;,
  -0.102370;0.232965;-0.434149;,
  -0.116167;0.405913;-0.509292;,
  -0.089664;0.445327;-0.489299;,
  -0.098486;0.437076;-0.517953;,
  -0.106122;0.419614;-0.483374;,
  -0.066441;0.464889;-0.496736;,
  -0.069574;0.459005;-0.525172;,
  -0.045501;0.445721;-0.525440;,
  -0.047208;0.458592;-0.490015;,
  -0.070076;0.434067;-0.478097;,
  -0.092562;0.406237;-0.474323;,
  -0.098487;0.384392;-0.506687;,
  -0.076863;0.397483;-0.473109;,
  -0.073894;0.377823;-0.500527;,
  -0.060108;0.425877;-0.473293;,
  -0.032427;0.447991;-0.485463;,
  -0.029824;0.433803;-0.518826;,
  -0.045501;0.445721;-0.525440;,
  -0.061758;0.409434;-0.511721;,
  -0.077965;0.417335;-0.517037;,
  -0.029824;0.433803;-0.518826;,
  -0.073894;0.377823;-0.500527;,
  -0.098487;0.384392;-0.506687;,
  -0.099592;0.373487;-0.571680;,
  -0.091448;0.392150;-0.613883;,
  -0.060162;0.417094;-0.602669;,
  -0.060162;0.417094;-0.602669;,
  -0.091448;0.392150;-0.613883;,
  -0.099592;0.373487;-0.571680;,
  0.019862;0.357759;-0.693251;,
  0.031753;0.342432;-0.688822;,
  0.036916;0.325162;-0.684250;,
  0.061677;0.426855;-0.059629;,
  0.062372;0.425473;0.086233;,
  0.114148;0.349488;0.081829;,
  0.114007;0.346524;-0.059510;,
  0.113826;0.245212;0.059265;,
  0.126436;0.251746;-0.058509;,
  0.110773;0.248862;0.084636;,
  0.051180;0.404829;0.195108;,
  0.100517;0.339596;0.192206;,
  0.113626;0.251148;0.195060;,
  0.127627;0.244782;0.104858;,
  0.043084;0.366906;0.258357;,
  0.073893;0.317573;0.258351;,
  0.074312;0.250721;0.261221;,
  0.030706;-0.002771;0.194184;,
  0.057752;-0.003182;0.233044;,
  0.036777;-0.002814;0.235887;,
  0.077401;-0.003184;0.213376;,
  0.053450;-0.002655;0.178166;,
  0.078827;-0.002855;0.191426;,
  0.000000;0.317501;-0.675235;,
  0.032422;0.302680;-0.669921;,
  0.017973;0.288459;-0.667812;,
  0.032101;0.319938;-0.671527;,
  0.096807;0.177667;0.058614;,
  0.116429;0.171828;-0.058482;,
  0.092300;0.188237;0.095466;,
  0.106214;0.191132;0.195082;,
  0.119958;0.183834;0.124653;,
  0.062438;0.191888;0.242124;,
  0.071436;0.130151;-0.006475;,
  0.086382;0.129649;-0.117772;,
  0.089507;0.133903;0.196058;,
  0.090746;0.121608;0.170044;,
  0.058463;0.142657;0.228638;,
  0.020137;0.142255;0.233204;,
  -0.000002;0.170982;0.124143;,
  0.018613;0.122636;0.174803;,
  0.000001;0.188258;0.233869;,
  0.014139;0.179654;0.244350;,
  0.053824;0.112301;0.157210;,
  0.059472;0.173480;0.116031;,
  0.013187;0.151384;0.059270;,
  0.064402;0.156055;0.058878;,
  0.007843;0.174042;0.118507;,
  0.084870;0.115314;0.202325;,
  0.088625;0.112229;0.173115;,
  0.058813;0.117057;0.228658;,
  0.027436;0.115710;0.233112;,
  0.021147;0.112610;0.177805;,
  0.018613;0.122636;0.174803;,
  0.021147;0.112610;0.177805;,
  0.078998;0.040121;0.213297;,
  0.080586;0.037504;0.196145;,
  0.059113;0.041746;0.232122;,
  0.035945;0.040709;0.234912;,
  0.031852;0.037999;0.199511;,
  0.054783;0.038309;0.184064;,
  0.031852;0.037999;0.199511;,
  0.079128;0.035101;0.215109;,
  0.059277;0.032157;0.233982;,
  0.036319;0.033424;0.236528;,
  0.077401;-0.003184;0.213376;,
  0.078827;-0.002855;0.191426;,
  0.057752;-0.003182;0.233044;,
  0.036777;-0.002814;0.235887;,
  0.030706;-0.002771;0.194184;,
  0.053450;-0.002655;0.178166;,
  0.030706;-0.002771;0.194184;,
  0.061157;0.426345;-0.193518;,
  0.119213;0.353998;-0.193575;,
  0.133271;0.272471;-0.193765;,
  0.122091;0.196960;-0.194258;,
  0.089351;0.152097;-0.194898;,
  0.000000;0.143169;-0.195005;,
  0.000000;0.121151;-0.118015;,
  0.057192;0.437595;-0.295291;,
  0.111189;0.368706;-0.292583;,
  0.124807;0.297242;-0.288613;,
  0.118597;0.230275;-0.274381;,
  0.103553;0.190724;-0.274633;,
  -0.000000;0.172698;-0.277933;,
  0.036641;0.171567;-0.278912;,
  0.055361;0.445476;-0.341800;,
  0.111341;0.377396;-0.349674;,
  0.126810;0.297513;-0.355453;,
  0.128443;0.238732;-0.351068;,
  0.126171;0.233836;-0.281605;,
  0.120558;0.187030;-0.342754;,
  0.117181;0.189114;-0.283091;,
  0.048267;-0.003181;-0.338123;,
  0.069985;-0.003345;-0.314158;,
  0.053012;-0.002906;-0.317170;,
  0.090958;-0.003184;-0.339177;,
  0.087314;-0.002841;-0.317572;,
  0.051935;0.450274;-0.392807;,
  0.103479;0.382750;-0.404887;,
  0.118888;0.298715;-0.413791;,
  0.117920;0.238423;-0.406919;,
  0.109686;0.184706;-0.387942;,
  0.068475;-0.002861;-0.364043;,
  0.087174;-0.002620;-0.359936;,
  0.052722;-0.002633;-0.358568;,
  0.083368;0.170974;-0.278706;,
  0.024199;0.170163;-0.339869;,
  -0.000001;0.175980;-0.339994;,
  -0.000001;0.175980;-0.339994;,
  0.034003;0.171079;-0.382411;,
  0.024199;0.170163;-0.339869;,
  -0.000000;0.181932;-0.395163;,
  0.071608;0.179667;-0.396500;,
  0.092201;0.105572;-0.300670;,
  0.095307;0.105550;-0.326223;,
  0.072394;0.105701;-0.296143;,
  0.052256;0.105303;-0.300048;,
  0.044972;0.105308;-0.324528;,
  0.050210;0.103802;-0.347345;,
  0.044972;0.105308;-0.324528;,
  0.068207;0.105188;-0.354032;,
  0.089482;0.104031;-0.349066;,
  0.091109;0.091148;-0.301278;,
  0.094402;0.098015;-0.326205;,
  0.072271;0.090182;-0.296895;,
  0.053705;0.090897;-0.300631;,
  0.045962;0.097431;-0.324572;,
  0.045962;0.097431;-0.324572;,
  0.085514;0.034692;-0.313772;,
  0.089238;0.036562;-0.333950;,
  0.071034;0.034198;-0.310033;,
  0.054546;0.034531;-0.313374;,
  0.050015;0.036384;-0.332999;,
  0.054269;0.038896;-0.351536;,
  0.050015;0.036384;-0.332999;,
  0.068544;0.039641;-0.357051;,
  0.085459;0.038885;-0.352805;,
  0.087314;-0.002841;-0.317572;,
  0.089512;0.032588;-0.334377;,
  0.085901;0.026033;-0.314955;,
  0.090958;-0.003184;-0.339177;,
  0.069985;-0.003345;-0.314158;,
  0.071030;0.025244;-0.311329;,
  0.054252;0.025969;-0.314643;,
  0.053012;-0.002906;-0.317170;,
  0.049623;0.032490;-0.333548;,
  0.048267;-0.003181;-0.338123;,
  0.049623;0.032490;-0.333548;,
  0.068475;-0.002861;-0.364043;,
  0.052722;-0.002633;-0.358568;,
  0.087174;-0.002620;-0.359936;,
  0.048267;-0.003181;-0.338123;,
  0.000000;0.284598;-0.667325;,
  0.054040;0.271077;-0.516335;,
  0.080714;0.288986;-0.501638;,
  0.052143;0.261261;-0.491057;,
  0.088326;0.300844;-0.513516;,
  0.000000;0.247941;-0.487128;,
  0.000000;0.264340;-0.517410;,
  0.043478;0.442889;-0.505590;,
  0.080020;0.393857;-0.510296;,
  0.089140;0.333738;-0.511498;,
  0.051965;0.266306;-0.591999;,
  0.066154;0.294063;-0.589810;,
  0.000000;0.260067;-0.592436;,
  0.027716;0.392762;-0.585109;,
  0.051456;0.366839;-0.585067;,
  0.058569;0.330776;-0.620098;,
  0.019706;0.359007;-0.671252;,
  0.031324;0.344208;-0.670026;,
  0.037627;0.327455;-0.668525;,
  0.103756;0.255213;-0.443299;,
  0.068452;0.225602;-0.449037;,
  0.000000;0.217228;-0.448714;,
  0.037627;0.327455;-0.668525;,
  0.036916;0.325162;-0.684250;,
  0.019862;0.357759;-0.693251;,
  0.019706;0.359007;-0.671252;,
  0.058569;0.330776;-0.620098;,
  0.032101;0.319938;-0.671527;,
  0.058569;0.330776;-0.620098;,
  0.102371;0.232965;-0.434149;,
  0.116348;0.405903;-0.509292;,
  0.089845;0.445317;-0.489299;,
  0.106303;0.419603;-0.483373;,
  0.098668;0.437065;-0.517953;,
  0.066622;0.464879;-0.496736;,
  0.069755;0.458994;-0.525172;,
  0.045682;0.445711;-0.525440;,
  0.047389;0.458581;-0.490015;,
  0.070258;0.434056;-0.478097;,
  0.092743;0.406227;-0.474323;,
  0.098668;0.384382;-0.506686;,
  0.077044;0.397473;-0.473109;,
  0.074075;0.377812;-0.500527;,
  0.060289;0.425867;-0.473293;,
  0.032608;0.447980;-0.485463;,
  0.030006;0.433793;-0.518826;,
  0.045682;0.445711;-0.525440;,
  0.061939;0.409424;-0.511721;,
  0.030006;0.433793;-0.518826;,
  0.078146;0.417325;-0.517037;,
  0.074075;0.377812;-0.500527;,
  0.098668;0.384382;-0.506686;,
  0.103291;0.371998;-0.571681;,
  0.091629;0.392139;-0.613883;,
  0.060344;0.417083;-0.602669;,
  0.060344;0.417083;-0.602669;,
  0.091629;0.392139;-0.613883;,
  0.103291;0.371998;-0.571681;,
  0.020056;0.410508;0.200228;,
  0.004290;0.426530;0.251049;,
  -0.004898;0.401129;0.214911;,
  0.024056;0.435281;0.235323;,
  -0.015865;0.435055;0.235487;,
  -0.020264;0.417062;0.193491;,
  0.003979;0.445876;0.215396;,
  0.003160;0.427538;0.183454;,
  0.003160;0.427538;0.183454;,
  0.003979;0.445876;0.215396;,
  0.000212;0.473770;0.243146;,
  0.020000;0.467897;0.231609;,
  -0.014571;0.458627;0.230976;,
  0.008165;0.452958;0.215493;,
  0.008165;0.452958;0.215493;,
  -0.010689;0.487089;0.203545;,
  0.007031;0.478231;0.200061;,
  -0.020534;0.472383;0.212676;,
  0.002511;0.458620;0.208892;,
  0.002511;0.458620;0.208892;,
  -0.011398;0.441881;0.189733;,
  0.001402;0.445247;0.202978;,
  -0.026183;0.443260;0.200234;,
  -0.016006;0.454161;0.215536;,
  -0.016006;0.454161;0.215536;,
  -0.013353;0.425887;0.268673;,
  0.049453;0.202557;0.247256;,
  0.037536;0.190508;0.244136;,
  0.026264;0.283824;0.273955;,
  0.013911;0.268818;0.289007;,
  0.034202;0.268061;0.283623;,
  0.014204;0.285281;0.275657;,
  0.049056;0.265994;0.268379;,
  0.037199;0.239787;0.292839;,
  0.013911;0.240656;0.299018;,
  0.054246;0.237415;0.275957;,
  0.034202;0.210068;0.291774;,
  0.013911;0.210825;0.297158;,
  0.049056;0.208001;0.277065;,
  0.054511;0.205216;0.256935;,
  0.058276;0.233118;0.258256;,
  0.049453;0.202557;0.247256;,
  0.000002;0.240137;0.295327;,
  0.000002;0.209966;0.293359;,
  0.025842;0.186376;0.280483;,
  0.013640;0.186862;0.283678;,
  0.034577;0.185160;0.271834;,
  0.037742;0.183443;0.259704;,
  0.037536;0.190508;0.244136;,
  0.026315;0.182079;0.243697;,
  0.000002;0.185389;0.276791;,
  0.013909;0.175210;0.261141;,
  0.014139;0.179654;0.244350;,
  0.000002;0.180007;0.259770;,
  0.000002;0.268515;0.285175;,
  0.000001;0.188258;0.233869;,
  -0.013908;0.268831;0.288999;,
  -0.026084;0.284138;0.273681;,
  -0.034199;0.268061;0.283623;,
  -0.014226;0.285359;0.275325;,
  -0.037195;0.239787;0.292839;,
  -0.013908;0.240656;0.299018;,
  -0.054243;0.237415;0.275957;,
  -0.049052;0.265994;0.268379;,
  -0.054462;0.246741;0.263038;,
  -0.058354;0.233027;0.257751;,
  -0.034199;0.210068;0.291774;,
  -0.013908;0.210825;0.297158;,
  -0.049052;0.208001;0.277065;,
  -0.054502;0.205204;0.256946;,
  -0.025839;0.186376;0.280483;,
  -0.013637;0.186862;0.283678;,
  -0.034574;0.185160;0.271834;,
  -0.037735;0.183440;0.259682;,
  -0.049236;0.202476;0.246803;,
  -0.037140;0.190485;0.243762;,
  -0.013916;0.175208;0.261130;,
  -0.026509;0.182484;0.243338;,
  -0.014265;0.179795;0.244011;,
  0.054622;0.245994;0.263244;,
  -0.000038;0.280351;0.275941;,
  0.049056;0.265994;0.268379;,
  0.054622;0.245994;0.263244;,
  0.026264;0.283824;0.273955;,
  0.014204;0.285281;0.275657;,
  -0.000038;0.280351;0.275941;,
  -0.049052;0.265994;0.268379;,
  -0.026084;0.284138;0.273681;,
  -0.014226;0.285359;0.275325;,
  -0.049236;0.202476;0.246803;,
  0.026315;0.182079;0.243697;,
  0.058276;0.233118;0.258256;,
  -0.016701;0.124025;-0.029124;,
  0.000002;0.124322;-0.022642;,
  0.016701;0.124025;-0.029124;,
  0.000002;0.124322;-0.022642;,
  0.015814;0.125497;-0.004807;,
  -0.000002;0.170982;0.124143;,
  -0.004158;0.140438;0.059692;,
  -0.000000;0.109014;0.000039;,
  0.004158;0.140438;0.059692;,
  -0.000002;0.170982;0.124143;,
  0.012650;0.114798;-0.030650;,
  0.000002;0.124322;-0.022642;,
  0.016701;0.124025;-0.029124;,
  -0.012650;0.114798;-0.030650;,
  0.000002;0.124322;-0.022642;,
  0.012650;0.114798;-0.030650;,
  -0.012650;0.114798;-0.030650;,
  -0.016701;0.124025;-0.029124;,
  0.000002;0.124322;-0.022642;,
  -0.013084;0.148985;0.059262;,
  -0.007841;0.174046;0.118513;,
  -0.013187;0.151384;0.059270;,
  -0.013623;0.117530;-0.002536;,
  0.007843;0.174042;0.118507;,
  0.004158;0.140438;0.059692;,
  0.013084;0.149807;0.057236;,
  -0.000002;0.170982;0.124143;,
  -0.000000;0.109014;0.000039;,
  0.013623;0.117530;-0.002536;,
  0.012650;0.114798;-0.030650;,
  -0.000000;0.105588;-0.024349;,
  -0.012650;0.114798;-0.030650;,
  -0.015814;0.125497;-0.004807;,
  -0.012650;0.114798;-0.030650;,
  -0.016701;0.124025;-0.029124;,
  -0.000000;0.105588;-0.024349;,
  0.012650;0.114798;-0.030650;,
  -0.000000;0.105588;-0.024349;,
  0.015814;0.125497;-0.004807;,
  0.013187;0.151384;0.059270;,
  0.016701;0.124025;-0.029124;;
  840;
  3;0,1,2;,
  3;0,3,1;,
  3;0,4,3;,
  3;5,6,7;,
  3;6,5,8;,
  3;9,6,10;,
  3;6,9,7;,
  3;11,10,12;,
  3;10,11,9;,
  3;9,11,13;,
  3;14,5,7;,
  3;5,14,15;,
  3;16,7,9;,
  3;7,16,14;,
  3;9,17,16;,
  3;17,9,18;,
  3;19,15,14;,
  3;15,19,20;,
  3;19,16,21;,
  3;16,19,14;,
  3;21,17,22;,
  3;17,21,16;,
  3;23,20,19;,
  3;23,19,21;,
  3;24,25,26;,
  3;27,25,24;,
  3;27,28,25;,
  3;29,28,27;,
  3;30,31,32;,
  3;31,30,33;,
  3;12,34,11;,
  3;34,12,35;,
  3;11,36,13;,
  3;36,11,34;,
  3;18,37,17;,
  3;37,18,38;,
  3;37,22,17;,
  3;22,37,39;,
  3;22,40,41;,
  3;35,42,43;,
  3;38,44,37;,
  3;44,38,45;,
  3;37,46,39;,
  3;46,37,44;,
  3;47,48,49;,
  3;47,46,48;,
  3;39,46,47;,
  3;48,50,51;,
  3;48,52,50;,
  3;53,52,48;,
  3;54,55,56;,
  3;54,57,55;,
  3;54,58,57;,
  3;38,55,45;,
  3;55,38,56;,
  3;38,36,56;,
  3;45,59,44;,
  3;59,45,60;,
  3;44,61,46;,
  3;61,44,59;,
  3;46,62,48;,
  3;62,46,61;,
  3;48,63,53;,
  3;63,48,62;,
  3;57,64,55;,
  3;55,60,45;,
  3;60,65,59;,
  3;65,60,66;,
  3;59,67,61;,
  3;67,59,65;,
  3;61,68,62;,
  3;68,61,67;,
  3;62,69,63;,
  3;69,62,68;,
  3;64,70,55;,
  3;70,64,71;,
  3;55,66,60;,
  3;66,55,70;,
  3;66,72,65;,
  3;65,73,67;,
  3;73,65,72;,
  3;67,74,68;,
  3;74,67,73;,
  3;68,74,69;,
  3;66,75,72;,
  3;75,66,76;,
  3;72,77,73;,
  3;77,72,75;,
  3;73,78,74;,
  3;78,73,77;,
  3;74,79,69;,
  3;79,74,78;,
  3;71,80,70;,
  3;80,71,81;,
  3;70,76,66;,
  3;76,70,80;,
  3;8,82,6;,
  3;82,8,83;,
  3;6,84,10;,
  3;84,6,82;,
  3;10,85,12;,
  3;85,10,84;,
  3;12,86,35;,
  3;86,12,85;,
  3;35,87,42;,
  3;87,35,86;,
  3;42,88,89;,
  3;88,42,87;,
  3;83,90,82;,
  3;90,83,91;,
  3;82,92,84;,
  3;92,82,90;,
  3;84,93,85;,
  3;93,84,92;,
  3;85,94,86;,
  3;94,85,93;,
  3;86,95,87;,
  3;95,86,94;,
  3;88,96,97;,
  3;91,98,90;,
  3;98,91,99;,
  3;90,100,92;,
  3;100,90,98;,
  3;92,101,93;,
  3;101,92,100;,
  3;93,102,103;,
  3;102,93,101;,
  3;103,104,105;,
  3;104,103,102;,
  3;106,107,108;,
  3;106,109,107;,
  3;110,109,106;,
  3;99,111,98;,
  3;111,99,112;,
  3;98,113,100;,
  3;113,98,111;,
  3;100,114,101;,
  3;114,100,113;,
  3;101,115,102;,
  3;115,101,114;,
  3;102,116,104;,
  3;116,102,115;,
  3;107,117,118;,
  3;109,117,107;,
  3;109,119,117;,
  3;93,103,94;,
  3;94,105,95;,
  3;105,94,103;,
  3;95,105,120;,
  3;97,121,122;,
  3;121,97,96;,
  3;123,124,125;,
  3;124,123,126;,
  3;127,125,124;,
  3;104,128,105;,
  3;128,104,129;,
  3;105,130,120;,
  3;130,105,128;,
  3;120,131,96;,
  3;131,120,130;,
  3;96,132,121;,
  3;132,96,131;,
  3;126,133,124;,
  3;133,126,134;,
  3;124,135,127;,
  3;135,124,133;,
  3;127,136,116;,
  3;136,127,135;,
  3;116,129,104;,
  3;129,116,136;,
  3;129,137,128;,
  3;137,129,138;,
  3;128,139,130;,
  3;139,128,137;,
  3;130,140,131;,
  3;140,130,139;,
  3;131,141,132;,
  3;141,131,140;,
  3;134,142,133;,
  3;136,138,129;,
  3;138,143,137;,
  3;143,138,144;,
  3;137,145,139;,
  3;145,137,143;,
  3;139,146,140;,
  3;146,139,145;,
  3;140,147,141;,
  3;147,140,146;,
  3;142,148,133;,
  3;148,142,149;,
  3;133,150,135;,
  3;150,133,148;,
  3;135,151,136;,
  3;151,135,150;,
  3;136,144,138;,
  3;144,136,151;,
  3;152,153,154;,
  3;153,152,155;,
  3;156,155,152;,
  3;155,156,157;,
  3;158,156,159;,
  3;156,158,157;,
  3;160,159,161;,
  3;159,160,158;,
  3;149,162,148;,
  3;148,163,150;,
  3;163,148,164;,
  3;150,165,151;,
  3;165,150,163;,
  3;151,154,153;,
  3;154,151,165;,
  3;151,153,144;,
  3;144,155,143;,
  3;155,144,153;,
  3;143,157,145;,
  3;157,143,155;,
  3;157,146,145;,
  3;146,157,158;,
  3;158,147,146;,
  3;147,158,160;,
  3;164,162,166;,
  3;162,164,148;,
  3;167,33,30;,
  3;168,169,170;,
  3;169,168,171;,
  3;172,168,173;,
  3;168,172,171;,
  3;174,111,112;,
  3;111,174,175;,
  3;175,113,111;,
  3;113,175,176;,
  3;169,177,170;,
  3;170,178,168;,
  3;178,170,179;,
  3;168,180,173;,
  3;180,168,178;,
  3;174,181,175;,
  3;181,174,182;,
  3;175,183,176;,
  3;183,175,181;,
  3;176,184,177;,
  3;184,176,183;,
  3;177,179,170;,
  3;179,177,184;,
  3;179,33,178;,
  3;33,179,31;,
  3;178,167,180;,
  3;167,178,33;,
  3;182,185,181;,
  3;185,182,186;,
  3;181,187,183;,
  3;187,181,185;,
  3;183,188,184;,
  3;188,183,187;,
  3;184,31,179;,
  3;31,184,32;,
  3;176,114,113;,
  3;114,176,177;,
  3;177,189,114;,
  3;189,177,169;,
  3;169,190,189;,
  3;190,169,171;,
  3;172,190,171;,
  3;190,172,191;,
  3;192,193,194;,
  3;193,192,195;,
  3;196,197,198;,
  3;197,196,199;,
  3;198,3,187;,
  3;3,198,197;,
  3;187,4,188;,
  3;4,187,3;,
  3;43,34,35;,
  3;34,43,200;,
  3;200,201,202;,
  3;201,200,43;,
  3;96,95,120;,
  3;96,87,95;,
  3;87,96,88;,
  3;203,204,205;,
  3;204,203,206;,
  3;207,192,194;,
  3;192,207,208;,
  3;115,209,116;,
  3;116,190,127;,
  3;190,116,209;,
  3;209,189,190;,
  3;115,189,209;,
  3;189,115,114;,
  3;210,211,212;,
  3;211,210,213;,
  3;212,214,215;,
  3;214,212,211;,
  3;216,214,217;,
  3;214,216,215;,
  3;214,218,217;,
  3;218,214,211;,
  3;218,213,219;,
  3;213,218,211;,
  3;219,210,220;,
  3;210,219,213;,
  3;220,221,219;,
  3;221,220,222;,
  3;219,223,218;,
  3;223,219,221;,
  3;223,217,218;,
  3;217,223,224;,
  3;217,225,216;,
  3;225,217,224;,
  3;226,227,228;,
  3;227,226,229;,
  3;228,230,231;,
  3;230,228,227;,
  3;232,228,231;,
  3;228,232,233;,
  3;233,226,228;,
  3;226,233,234;,
  3;216,235,215;,
  3;215,236,212;,
  3;236,215,235;,
  3;212,237,210;,
  3;237,212,236;,
  3;210,237,220;,
  3;0,2,238;,
  3;0,238,239;,
  3;0,239,240;,
  3;241,5,242;,
  3;5,241,8;,
  3;243,241,242;,
  3;241,243,244;,
  3;245,244,243;,
  3;244,245,246;,
  3;245,243,247;,
  3;248,5,15;,
  3;5,248,242;,
  3;249,242,248;,
  3;242,249,243;,
  3;243,250,251;,
  3;250,243,249;,
  3;252,15,20;,
  3;15,252,248;,
  3;252,249,248;,
  3;249,252,253;,
  3;253,250,249;,
  3;250,253,254;,
  3;23,252,20;,
  3;23,253,252;,
  3;255,256,257;,
  3;255,258,256;,
  3;259,258,255;,
  3;260,258,259;,
  3;261,262,263;,
  3;262,261,264;,
  3;246,265,266;,
  3;265,246,245;,
  3;245,267,265;,
  3;267,245,247;,
  3;251,268,269;,
  3;268,251,250;,
  3;268,254,270;,
  3;254,268,250;,
  3;266,271,272;,
  3;269,273,274;,
  3;273,269,268;,
  3;268,275,273;,
  3;275,268,270;,
  3;276,277,278;,
  3;276,279,277;,
  3;276,280,279;,
  3;269,281,282;,
  3;281,269,274;,
  3;282,283,284;,
  3;283,282,285;,
  3;269,282,267;,
  3;274,286,287;,
  3;286,274,273;,
  3;273,288,286;,
  3;288,273,275;,
  3;275,289,288;,
  3;289,275,276;,
  3;276,290,289;,
  3;290,276,278;,
  3;291,281,292;,
  3;281,274,287;,
  3;287,293,294;,
  3;293,287,286;,
  3;286,295,293;,
  3;295,286,288;,
  3;288,296,295;,
  3;296,288,289;,
  3;289,297,296;,
  3;297,289,290;,
  3;292,298,299;,
  3;298,292,281;,
  3;281,294,298;,
  3;294,281,287;,
  3;294,293,300;,
  3;293,301,300;,
  3;301,293,295;,
  3;295,302,301;,
  3;302,295,296;,
  3;296,297,302;,
  3;294,303,304;,
  3;303,294,300;,
  3;300,305,303;,
  3;305,300,301;,
  3;301,306,305;,
  3;306,301,302;,
  3;302,307,306;,
  3;307,302,297;,
  3;299,308,309;,
  3;308,299,298;,
  3;298,304,308;,
  3;304,298,294;,
  3;8,310,83;,
  3;310,8,241;,
  3;241,311,310;,
  3;311,241,244;,
  3;244,312,311;,
  3;312,244,246;,
  3;246,313,312;,
  3;313,246,266;,
  3;266,314,313;,
  3;314,266,272;,
  3;272,315,314;,
  3;315,272,316;,
  3;83,317,91;,
  3;317,83,310;,
  3;310,318,317;,
  3;318,310,311;,
  3;311,319,318;,
  3;319,311,312;,
  3;312,320,319;,
  3;320,312,313;,
  3;313,321,320;,
  3;321,313,314;,
  3;315,322,323;,
  3;91,324,99;,
  3;324,91,317;,
  3;317,325,324;,
  3;325,317,318;,
  3;318,326,325;,
  3;326,318,319;,
  3;319,327,326;,
  3;327,319,328;,
  3;328,329,327;,
  3;329,328,330;,
  3;331,332,333;,
  3;334,332,331;,
  3;335,332,334;,
  3;99,336,112;,
  3;336,99,324;,
  3;324,337,336;,
  3;337,324,325;,
  3;325,338,337;,
  3;338,325,326;,
  3;326,339,338;,
  3;339,326,327;,
  3;327,340,339;,
  3;340,327,329;,
  3;334,341,342;,
  3;341,331,343;,
  3;334,331,341;,
  3;319,320,328;,
  3;320,330,328;,
  3;330,320,321;,
  3;321,344,330;,
  3;322,345,323;,
  3;345,322,346;,
  3;347,348,349;,
  3;348,347,350;,
  3;351,348,350;,
  3;329,352,353;,
  3;352,329,330;,
  3;330,354,352;,
  3;354,330,344;,
  3;344,355,354;,
  3;355,344,323;,
  3;323,356,355;,
  3;356,323,345;,
  3;349,357,358;,
  3;357,349,348;,
  3;348,359,357;,
  3;359,348,351;,
  3;351,360,359;,
  3;360,351,340;,
  3;340,353,360;,
  3;353,340,329;,
  3;353,361,362;,
  3;361,353,352;,
  3;352,363,361;,
  3;363,352,354;,
  3;354,364,363;,
  3;364,354,355;,
  3;355,365,364;,
  3;365,355,356;,
  3;358,357,366;,
  3;360,353,362;,
  3;362,367,368;,
  3;367,362,361;,
  3;361,369,367;,
  3;369,361,363;,
  3;363,370,369;,
  3;370,363,364;,
  3;364,371,370;,
  3;371,364,365;,
  3;366,372,373;,
  3;372,366,357;,
  3;357,374,372;,
  3;374,357,359;,
  3;359,375,374;,
  3;375,359,360;,
  3;360,368,375;,
  3;368,360,362;,
  3;376,377,378;,
  3;377,376,379;,
  3;380,378,381;,
  3;378,380,376;,
  3;382,380,381;,
  3;380,382,383;,
  3;384,383,382;,
  3;383,384,385;,
  3;373,372,386;,
  3;372,387,388;,
  3;387,372,374;,
  3;374,389,387;,
  3;389,374,375;,
  3;375,379,389;,
  3;379,375,377;,
  3;375,368,377;,
  3;368,378,377;,
  3;378,368,367;,
  3;367,381,378;,
  3;381,367,369;,
  3;381,370,382;,
  3;370,381,369;,
  3;382,371,384;,
  3;371,382,370;,
  3;388,386,372;,
  3;386,388,390;,
  3;391,261,263;,
  3;392,393,394;,
  3;393,392,395;,
  3;396,392,394;,
  3;392,396,397;,
  3;336,174,112;,
  3;174,336,398;,
  3;337,398,336;,
  3;398,337,399;,
  3;393,395,400;,
  3;395,401,402;,
  3;401,395,392;,
  3;392,403,401;,
  3;403,392,397;,
  3;174,404,182;,
  3;404,174,398;,
  3;398,405,404;,
  3;405,398,399;,
  3;399,406,405;,
  3;406,399,400;,
  3;400,402,406;,
  3;402,400,395;,
  3;402,263,262;,
  3;263,402,401;,
  3;401,391,263;,
  3;391,401,403;,
  3;182,407,186;,
  3;407,182,404;,
  3;404,408,407;,
  3;408,404,405;,
  3;405,409,408;,
  3;409,405,406;,
  3;406,262,264;,
  3;262,406,402;,
  3;338,399,337;,
  3;399,338,400;,
  3;410,400,338;,
  3;400,410,393;,
  3;411,393,410;,
  3;393,411,394;,
  3;411,396,394;,
  3;396,411,412;,
  3;193,413,194;,
  3;413,193,414;,
  3;196,415,199;,
  3;415,196,416;,
  3;416,239,415;,
  3;239,416,408;,
  3;408,240,239;,
  3;240,408,409;,
  3;271,265,284;,
  3;265,271,266;,
  3;323,344,321;,
  3;323,314,315;,
  3;314,323,321;,
  3;417,204,206;,
  3;204,417,418;,
  3;207,413,419;,
  3;413,207,194;,
  3;339,340,420;,
  3;340,411,420;,
  3;411,340,351;,
  3;420,411,410;,
  3;410,339,420;,
  3;339,410,338;,
  3;421,422,423;,
  3;422,421,424;,
  3;424,425,422;,
  3;425,424,426;,
  3;427,425,426;,
  3;425,427,428;,
  3;429,425,428;,
  3;425,429,422;,
  3;429,423,422;,
  3;423,429,430;,
  3;430,421,423;,
  3;421,430,431;,
  3;431,432,433;,
  3;432,431,430;,
  3;430,434,432;,
