xof 0303txt 0032
template ColorRGBA {
 <35ff44e0-6c7c-11cf-8f52-0040333594a3>
 FLOAT red;
 FLOAT green;
 FLOAT blue;
 FLOAT alpha;
}

template ColorRGB {
 <d3e16e81-7835-11cf-8f52-0040333594a3>
 FLOAT red;
 FLOAT green;
 FLOAT blue;
}

template Material {
 <3d82ab4d-62da-11cf-ab39-0020af71e433>
 ColorRGBA faceColor;
 FLOAT power;
 ColorRGB specularColor;
 ColorRGB emissiveColor;
 [...]
}

template TextureFilename {
 <a42790e1-7810-11cf-8f52-0040333594a3>
 STRING filename;
}

template Frame {
 <3d82ab46-62da-11cf-ab39-0020af71e433>
 [...]
}

template Matrix4x4 {
 <f6f23f45-7686-11cf-8f52-0040333594a3>
 array FLOAT matrix[16];
}

template FrameTransformMatrix {
 <f6f23f41-7686-11cf-8f52-0040333594a3>
 Matrix4x4 frameMatrix;
}

template Vector {
 <3d82ab5e-62da-11cf-ab39-0020af71e433>
 FLOAT x;
 FLOAT y;
 FLOAT z;
}

template MeshFace {
 <3d82ab5f-62da-11cf-ab39-0020af71e433>
 DWORD nFaceVertexIndices;
 array DWORD faceVertexIndices[nFaceVertexIndices];
}

template Mesh {
 <3d82ab44-62da-11cf-ab39-0020af71e433>
 DWORD nVertices;
 array Vector vertices[nVertices];
 DWORD nFaces;
 array MeshFace faces[nFaces];
 [...]
}

template MeshNormals {
 <f6f23f43-7686-11cf-8f52-0040333594a3>
 DWORD nNormals;
 array Vector normals[nNormals];
 DWORD nFaceNormals;
 array MeshFace faceNormals[nFaceNormals];
}

template MeshMaterialList {
 <f6f23f42-7686-11cf-8f52-0040333594a3>
 DWORD nMaterials;
 DWORD nFaceIndexes;
 array DWORD faceIndexes[nFaceIndexes];
 [Material <3d82ab4d-62da-11cf-ab39-0020af71e433>]
}

template Coords2d {
 <f6f23f44-7686-11cf-8f52-0040333594a3>
 FLOAT u;
 FLOAT v;
}

template MeshTextureCoords {
 <f6f23f40-7686-11cf-8f52-0040333594a3>
 DWORD nTextureCoords;
 array Coords2d textureCoords[nTextureCoords];
}

template XSkinMeshHeader {
 <3cf169ce-ff7c-44ab-93c0-f78f62d172e2>
 WORD nMaxSkinWeightsPerVertex;
 WORD nMaxSkinWeightsPerFace;
 WORD nBones;
}

template SkinWeights {
 <6f0d123b-bad2-4167-a0d0-80224f25fabb>
 STRING transformNodeName;
 DWORD nWeights;
 array DWORD vertexIndices[nWeights];
 array FLOAT weights[nWeights];
 Matrix4x4 matrixOffset;
}

template AnimTicksPerSecond {
 <9e415a43-7ba6-4a73-8743-b73d47e88476>
 DWORD AnimTicksPerSecond;
}

template Animation {
 <3d82ab4f-62da-11cf-ab39-0020af71e433>
 [...]
}

template AnimationSet {
 <3d82ab50-62da-11cf-ab39-0020af71e433>
 [Animation <3d82ab4f-62da-11cf-ab39-0020af71e433>]
}

template FloatKeys {
 <10dd46a9-775b-11cf-8f52-0040333594a3>
 DWORD nValues;
 array FLOAT values[nValues];
}

template TimedFloatKeys {
 <f406b180-7b3b-11cf-8f52-0040333594a3>
 DWORD time;
 FloatKeys tfkeys;
}

template AnimationKey {
 <10dd46a8-775b-11cf-8f52-0040333594a3>
 DWORD keyType;
 DWORD nKeys;
 array TimedFloatKeys keys[nKeys];
}


Material _13_-_Defaulthh {
 1.000000;1.000000;1.000000;1.000000;;
 9.999999;
 0.000000;0.000000;0.000000;;
 0.000000;0.000000;0.000000;;

 TextureFilename {
  "Bull_Brown_01.png";
 }
}

Frame Dummy01 {
 

 FrameTransformMatrix {
  1.000000,0.000000,0.000000,0.000000,0.000000,-0.000000,-1.000000,0.000000,0.000000,1.000000,-0.000000,0.000000,0.000000,0.000000,0.000000,1.000000;;
 }

 Frame Bip01 {
  

  FrameTransformMatrix {
   -0.000000,0.258819,-0.965926,0.000000,0.087158,0.962250,0.257834,0.000000,0.996195,-0.084188,-0.022558,0.000000,-0.010952,-0.268498,0.666042,1.000000;;
  }

  Frame Bip01_Pelvis {
   

   FrameTransformMatrix {
    -0.000000,1.000000,-0.000001,0.000000,0.043618,0.000001,0.999048,0.000000,0.999048,-0.000000,-0.043618,0.000000,0.000000,0.000000,0.000000,1.000000;;
   }

   Frame Bip01_Spine {
    

    FrameTransformMatrix {
     0.953477,0.013151,0.301178,0.000000,-0.000002,0.999048,-0.043616,0.000000,-0.301465,0.041586,0.952570,0.000000,0.143931,-0.000007,-0.000163,1.000000;;
    }

    Frame Bip01_Spine1 {
     

     FrameTransformMatrix {
      0.996202,-0.087076,-0.000163,0.000000,0.087076,0.996195,0.003732,0.000000,-0.000163,-0.003732,0.999993,0.000000,0.214577,0.000002,-0.000398,1.000000;;
     }

     Frame Bip01_Neck {
      

      FrameTransformMatrix {
       0.788705,-0.000002,-0.614772,0.000000,-0.000002,1.000000,-0.000005,0.000000,0.614772,0.000006,0.788705,0.000000,0.507348,0.000000,0.090695,1.000000;;
      }

      Frame Bip01_Neck1 {
       

       FrameTransformMatrix {
        0.966221,0.000001,-0.257714,0.000000,-0.000001,1.000000,0.000001,0.000000,0.257714,-0.000001,0.966222,0.000000,0.141370,-0.000000,-0.000098,1.000000;;
       }

       Frame Bip01_Head {
        

        FrameTransformMatrix {
         0.949652,-0.027823,-0.312068,0.000000,0.027137,0.999610,-0.006543,0.000000,0.312128,-0.002255,0.950037,0.000000,0.127852,0.000000,-0.000000,1.000000;;
        }

        Frame Bip01_Jaw {
         

         FrameTransformMatrix {
          -0.192000,0.000003,0.981395,0.000000,-0.000003,1.000000,-0.000004,0.000000,-0.981395,-0.000003,-0.192000,0.000000,-0.006975,0.000000,-0.016558,1.000000;;
         }
        }

        Frame Bip01_RightEar {
         

         FrameTransformMatrix {
          0.376815,-0.913894,-0.151023,0.000000,0.925009,0.379828,0.009500,0.000000,0.048681,-0.143277,0.988485,0.000000,0.060316,-0.071770,-0.039806,1.000000;;
         }
        }

        Frame Bip01_LeftEar {
         

         FrameTransformMatrix {
          0.296520,0.948880,-0.108182,0.000000,-0.954482,0.298270,0.000001,0.000000,0.032268,0.103258,0.994131,0.000000,0.060317,0.071774,-0.039807,1.000000;;
         }
        }
       }
      }

      Frame Bip01_L_Clavicle {
       

       FrameTransformMatrix {
        0.068626,0.045704,0.996595,0.000000,0.996932,-0.040831,-0.066777,0.000000,0.037640,0.998120,-0.048365,0.000000,-0.024926,0.095134,-0.132352,1.000000;;
       }

       Frame Bip01_L_UpperArm {
        

        FrameTransformMatrix {
         0.254627,-0.955033,-0.151914,0.000000,0.033670,-0.148242,0.988378,0.000000,-0.966453,-0.256783,-0.005591,0.000000,0.225277,0.000000,0.000000,1.000000;;
        }

        Frame Bip01_L_Forearm {
         

         FrameTransformMatrix {
          0.511356,-0.000000,-0.859369,0.000000,-0.000000,1.000000,0.000000,0.000000,0.859369,-0.000000,0.511356,0.000000,0.177837,0.000000,0.000000,1.000000;;
         }

         Frame Bip01_L_Hand {
          

          FrameTransformMatrix {
           0.998548,0.025741,0.047328,0.000000,-0.023933,0.998977,-0.038379,0.000000,-0.048267,0.037191,0.998142,0.000000,0.176124,-0.000000,-0.000000,1.000000;;
          }

          Frame Bip01_L_Finger0 {
           

           FrameTransformMatrix {
            0.998098,0.043585,0.043613,0.000000,-0.043578,0.999049,-0.001107,0.000000,-0.043620,-0.000796,0.999048,0.000000,0.158098,-0.000000,0.000000,1.000000;;
           }
          }
         }
        }
       }
      }

      Frame Bip01_R_Clavicle {
       

       FrameTransformMatrix {
        -0.382559,-0.059112,0.922038,0.000000,-0.923164,-0.016200,-0.384064,0.000000,0.037640,-0.998120,-0.048372,0.000000,-0.024926,-0.095133,-0.132353,1.000000;;
       }

       Frame Bip01_R_UpperArm {
        

        FrameTransformMatrix {
         0.304373,0.952447,0.014188,0.000000,-0.116053,0.051862,-0.991888,0.000000,-0.945457,0.300258,0.126320,0.000000,0.225277,0.000000,0.000000,1.000000;;
        }

        Frame Bip01_R_Forearm {
         

         FrameTransformMatrix {
          0.484506,-0.000000,-0.874788,0.000000,-0.000000,1.000000,0.000000,0.000000,0.874788,-0.000000,0.484506,0.000000,0.177837,0.000000,0.000000,1.000000;;
         }

         Frame Bip01_R_Hand {
          

          FrameTransformMatrix {
           0.656385,0.091980,0.748798,0.000000,0.032494,0.988172,-0.149868,0.000000,-0.753726,0.122703,0.645632,0.000000,0.176124,-0.000000,-0.000000,1.000000;;
          }

          Frame Bip01_R_Finger0 {
           

           FrameTransformMatrix {
            0.906308,0.000337,0.422618,0.000000,0.000000,1.000000,-0.000796,0.000000,-0.422619,0.000722,0.906308,0.000000,0.158098,0.000000,-0.000000,1.000000;;
           }
          }
         }
        }
       }
      }
     }
    }

    Frame Bip01_L_Thigh {
     

     FrameTransformMatrix {
      -0.249363,0.088483,0.964359,0.000000,-0.024760,-0.996074,0.084991,0.000000,0.968094,-0.002684,0.250575,0.000000,-0.135718,0.111505,0.048187,1.000000;;
     }

     Frame Bip01_L_Calf {
      

      FrameTransformMatrix {
       0.894062,-0.000000,-0.447943,0.000000,0.000000,1.000000,0.000000,0.000000,0.447943,0.000000,0.894062,0.000000,0.261023,0.000000,-0.000000,1.000000;;
      }

      Frame Bip01_L_Foot {
       

       FrameTransformMatrix {
        0.509449,-0.068083,-0.857803,0.000000,-0.005734,0.996574,-0.082502,0.000000,0.860482,0.046950,0.507313,0.000000,0.201874,0.000000,-0.000000,1.000000;;
       }

       Frame Bip01_L_Toe0 {
        

        FrameTransformMatrix {
         -0.548030,-0.000004,0.836459,0.000000,-0.000003,1.000000,0.000003,0.000000,-0.836459,-0.000001,-0.548030,0.000000,0.028032,0.000000,0.199284,1.000000;;
        }
       }
      }
     }
    }

    Frame Bip01_R_Thigh {
     

     FrameTransformMatrix {
      0.579796,0.028930,0.814248,0.000000,0.009158,-0.999538,0.028992,0.000000,0.814710,-0.009353,-0.579792,0.000000,-0.138654,-0.111505,0.038904,1.000000;;
     }

     Frame Bip01_R_Calf {
      

      FrameTransformMatrix {
       0.759034,0.000000,-0.651050,0.000000,0.000000,1.000000,-0.000000,0.000000,0.651050,-0.000000,0.759035,0.000000,0.261023,-0.000000,0.000000,1.000000;;
      }

      Frame Bip01_R_Foot {
       

       FrameTransformMatrix {
        0.646537,-0.073934,-0.759291,0.000000,0.005723,0.995735,-0.092084,0.000000,0.762861,0.055190,0.644203,0.000000,0.201874,0.000000,-0.000000,1.000000;;
       }

       Frame Bip01_R_Toe0 {
        

        FrameTransformMatrix {
         0.216441,0.000001,0.976296,0.000000,0.000002,1.000000,-0.000001,0.000000,-0.976296,0.000003,0.216441,0.000000,0.028032,0.000000,0.199284,1.000000;;
        }
       }
      }
     }
    }

    Frame Bip01_Tail {
     

     FrameTransformMatrix {
      -0.319387,0.001743,0.947623,0.000000,-0.017694,0.999813,-0.007803,0.000000,-0.947459,-0.019259,-0.319297,0.000000,-0.303450,0.000002,-0.022414,1.000000;;
     }

     Frame Bip01_Tail1 {
      

      FrameTransformMatrix {
       0.946561,0.070926,-0.314629,0.000000,-0.066594,0.997479,0.024511,0.000000,0.315574,-0.002249,0.948898,0.000000,0.161400,0.000000,-0.000135,1.000000;;
      }

      Frame Bip01_Tail2 {
       

       FrameTransformMatrix {
        0.967613,0.250591,0.030487,0.000000,-0.250396,0.968091,-0.010105,0.000000,-0.032047,0.002144,0.999484,0.000000,0.178499,-0.000000,-0.000134,1.000000;;
       }
      }
     }
    }
   }

   Frame Bip01_Udder {
    

    FrameTransformMatrix {
     -0.301465,-0.000002,0.953477,0.000000,-0.000004,1.000000,0.000001,0.000000,-0.953477,-0.000004,-0.301465,0.000000,-0.039043,-0.000000,0.269351,1.000000;;
    }
   }
  }
 }
}

Frame Translation_Data {
 

 FrameTransformMatrix {
  -0.000000,0.000000,-1.000000,0.000000,-1.000000,-0.000000,0.000000,0.000000,-0.000000,1.000000,0.000000,0.000000,0.000000,0.000000,0.000000,1.000000;;
 }
}

Frame Bull {
 

 FrameTransformMatrix {
  1.000000,0.000000,0.000000,0.000000,0.000000,1.000000,0.000000,0.000000,0.000000,0.000000,1.000000,0.000000,0.000000,0.000000,0.000000,1.000000;;
 }

 Mesh Bull {
  813;
  -0.129842;-0.005285;0.379507;,
  -0.074649;-0.007665;0.430396;,
  -0.145657;-0.006962;0.430228;,
  -0.078082;-0.005184;0.380085;,
  -0.081894;-0.008017;0.475652;,
  -0.130337;-0.008419;0.462677;,
  -0.041186;0.408956;0.359682;,
  0.000327;0.442054;0.458858;,
  -0.058527;0.418921;0.449239;,
  0.040827;0.409326;0.360372;,
  -0.134730;0.802758;0.141249;,
  -0.058609;0.859457;0.261934;,
  -0.069975;0.849737;0.141595;,
  -0.151538;0.814951;0.261548;,
  0.000000;0.874298;0.261649;,
  0.000000;0.857475;0.140921;,
  -0.059370;0.828680;0.401577;,
  -0.107905;0.803113;0.385242;,
  0.000000;0.839356;0.400646;,
  -0.016810;0.695780;-0.901308;,
  -0.000000;0.703378;-0.906681;,
  -0.005992;0.692434;-0.900382;,
  -0.028412;0.702931;-0.905096;,
  -0.000000;0.691947;-0.900534;,
  -0.036100;0.722445;-0.901876;,
  -0.039194;0.742444;-0.905262;,
  -0.016800;0.717693;-0.913881;,
  -0.037494;0.759347;-0.908990;,
  -0.020222;0.778539;-0.924863;,
  -0.000000;0.717894;-0.918692;,
  -0.000000;0.781817;-0.927661;,
  -0.054593;0.497585;0.485968;,
  0.000000;0.504615;0.482422;,
  -0.156854;0.493805;0.454768;,
  -0.153750;0.417649;0.431280;,
  -0.044415;0.624520;0.501952;,
  0.000000;0.624205;0.494911;,
  -0.151481;0.625709;0.471401;,
  -0.045103;0.753442;0.473796;,
  -0.000000;0.755582;0.476311;,
  -0.124630;0.759166;0.439842;,
  -0.194407;0.495020;0.342690;,
  -0.184026;0.416284;0.359184;,
  -0.180783;0.493711;0.213946;,
  -0.148166;0.397512;0.264759;,
  -0.194161;0.625821;0.315032;,
  -0.160525;0.624648;0.168826;,
  -0.162961;0.756066;0.282773;,
  -0.160137;0.756402;0.141542;,
  -0.159281;0.282239;0.415023;,
  -0.135097;0.258530;0.372631;,
  -0.140154;0.308676;0.474074;,
  -0.073786;0.308958;0.492144;,
  -0.060768;0.282297;0.415634;,
  -0.041186;0.408956;0.359682;,
  -0.071228;0.258751;0.373780;,
  -0.060405;0.393929;0.268220;,
  -0.060768;0.282297;0.415634;,
  -0.154932;0.260729;0.427547;,
  -0.131416;0.259153;0.471490;,
  -0.083114;0.259300;0.490094;,
  -0.066235;0.260292;0.427087;,
  -0.066235;0.260292;0.427087;,
  -0.126857;0.103272;0.411044;,
  -0.140133;0.109167;0.450865;,
  -0.124818;0.113962;0.481689;,
  -0.090866;0.115958;0.494613;,
  -0.078103;0.109166;0.450584;,
  -0.082131;0.103302;0.412102;,
  -0.078103;0.109166;0.450584;,
  -0.128396;0.070599;0.408332;,
  -0.142784;0.062605;0.450774;,
  -0.142788;0.074380;0.450232;,
  -0.129360;0.054570;0.484056;,
  -0.125992;0.079513;0.484013;,
  -0.085448;0.050752;0.497362;,
  -0.089569;0.081470;0.498109;,
  -0.076110;0.062553;0.450412;,
  -0.076126;0.074270;0.450169;,
  -0.076126;0.074270;0.450169;,
  -0.076110;0.062553;0.450412;,
  -0.080335;0.070488;0.409422;,
  -0.145657;-0.006962;0.430228;,
  -0.129842;-0.005285;0.379507;,
  -0.130337;-0.008419;0.462677;,
  -0.081894;-0.008017;0.475652;,
  -0.074649;-0.007665;0.430396;,
  -0.078082;-0.005184;0.380085;,
  -0.074649;-0.007665;0.430396;,
  -0.105601;0.427931;0.179576;,
  -0.066703;0.400970;0.189152;,
  -0.151915;0.492146;0.167381;,
  -0.180783;0.493711;0.213946;,
  -0.111349;0.424128;0.145375;,
  -0.065929;0.383046;0.133755;,
  -0.066703;0.400970;0.189152;,
  0.000000;0.355516;0.119441;,
  0.066703;0.400970;0.189152;,
  -0.072577;0.826932;0.003462;,
  -0.000000;0.833965;-0.000000;,
  -0.139488;0.782335;0.008092;,
  -0.157700;0.731760;0.012806;,
  -0.179540;0.597713;0.019365;,
  -0.172194;0.468274;0.020078;,
  -0.138476;0.392350;0.010964;,
  -0.079877;0.341876;0.002284;,
  -0.000000;0.327597;-0.000000;,
  0.000000;0.355516;0.119441;,
  -0.077005;0.826938;-0.135813;,
  -0.000000;0.833970;-0.135813;,
  -0.149199;0.782340;-0.135813;,
  -0.167776;0.731765;-0.135812;,
  -0.190069;0.597719;-0.136526;,
  -0.182200;0.468279;-0.135813;,
  -0.163065;0.403338;-0.135813;,
  -0.093013;0.356426;-0.135813;,
  -0.000000;0.340460;-0.135813;,
  -0.072679;0.846295;-0.293584;,
  0.000000;0.853560;-0.292144;,
  -0.144507;0.808460;-0.302606;,
  -0.176457;0.753793;-0.308822;,
  -0.196943;0.621870;-0.311338;,
  -0.162962;0.508546;-0.284761;,
  -0.144978;0.418827;-0.264980;,
  -0.084708;0.371042;-0.248788;,
  -0.000000;0.353225;-0.243917;,
  -0.171750;0.515108;-0.303290;,
  -0.154157;0.425249;-0.305016;,
  -0.097770;0.350325;-0.305134;,
  -0.066072;0.339495;-0.317040;,
  -0.073947;0.878644;-0.401834;,
  0.000000;0.901276;-0.400329;,
  -0.144537;0.834059;-0.401036;,
  -0.168087;0.746659;-0.408472;,
  -0.183161;0.638156;-0.418255;,
  -0.171148;0.519068;-0.412814;,
  -0.189126;0.509806;-0.308547;,
  -0.161984;0.396963;-0.403753;,
  -0.170782;0.409058;-0.310445;,
  -0.153549;0.327845;-0.389804;,
  -0.139082;0.342197;-0.312777;,
  -0.053149;0.325684;-0.385485;,
  -0.070465;0.328670;-0.385485;,
  -0.063150;0.905398;-0.463785;,
  0.000000;0.928621;-0.461673;,
  -0.127081;0.847284;-0.476862;,
  -0.149029;0.737624;-0.490265;,
  -0.159097;0.634271;-0.515313;,
  -0.152577;0.513063;-0.510570;,
  -0.142156;0.392836;-0.490538;,
  -0.129438;0.322643;-0.447950;,
  -0.070465;0.328670;-0.385485;,
  -0.037771;0.313199;-0.457064;,
  -0.053149;0.325684;-0.385485;,
  -0.076112;0.326073;-0.460756;,
  -0.059921;0.915483;-0.505180;,
  0.000000;0.936555;-0.500141;,
  -0.118677;0.857570;-0.514440;,
  -0.140590;0.745777;-0.534892;,
  -0.144032;0.646400;-0.557942;,
  -0.116057;0.552926;-0.587908;,
  -0.128898;0.509556;-0.544376;,
  -0.055932;0.449047;-0.570613;,
  0.000000;0.349570;-0.579519;,
  -0.060324;0.363469;-0.543347;,
  -0.097142;0.587736;-0.611902;,
  -0.044768;0.596623;-0.655019;,
  -0.067338;0.525671;-0.595695;,
  -0.083388;0.625385;-0.649569;,
  0.000000;0.547260;-0.625883;,
  0.000003;0.586556;-0.656927;,
  0.000000;0.942869;-0.542219;,
  -0.052049;0.928060;-0.592211;,
  -0.055998;0.923610;-0.544440;,
  0.000000;0.941361;-0.589691;,
  -0.107135;0.871696;-0.557800;,
  -0.095432;0.871295;-0.602969;,
  -0.120974;0.774673;-0.621279;,
  -0.130714;0.755319;-0.581741;,
  -0.109256;0.695928;-0.636201;,
  -0.124220;0.662351;-0.599057;,
  -0.064957;0.663484;-0.687686;,
  -0.023671;0.673305;-0.749525;,
  -0.030487;0.641515;-0.692555;,
  -0.056062;0.690658;-0.745384;,
  -0.000523;0.660254;-0.749525;,
  0.000007;0.631838;-0.692700;,
  0.000000;0.940156;-0.636729;,
  -0.048787;0.949011;-0.671407;,
  -0.048907;0.931600;-0.639356;,
  0.000000;0.955080;-0.667418;,
  -0.076685;0.898661;-0.695183;,
  -0.084967;0.870857;-0.652259;,
  -0.084089;0.823289;-0.727782;,
  -0.097984;0.796154;-0.665162;,
  -0.083030;0.722460;-0.741651;,
  -0.095352;0.733313;-0.678377;,
  -0.019206;0.697602;-0.788968;,
  -0.043603;0.716666;-0.787722;,
  -0.000548;0.685095;-0.789809;,
  0.000000;0.982640;-0.696788;,
  -0.050492;0.964102;-0.744156;,
  -0.048787;0.976571;-0.699244;,
  0.000025;0.970457;-0.746633;,
  -0.080301;0.900307;-0.773497;,
  -0.076685;0.924325;-0.707170;,
  -0.066605;0.845286;-0.777753;,
  -0.074612;0.736208;-0.785529;,
  -0.012871;0.714786;-0.826747;,
  -0.029813;0.721435;-0.831668;,
  -0.000523;0.708176;-0.821304;,
  0.000025;0.942423;-0.772025;,
  -0.031778;0.856099;-0.840676;,
  -0.050492;0.936067;-0.768002;,
  0.000637;0.862302;-0.843043;,
  -0.042353;0.831752;-0.838935;,
  -0.056751;0.794923;-0.831801;,
  -0.050822;0.739951;-0.837041;,
  -0.041394;0.750250;-0.893434;,
  -0.037523;0.770137;-0.896778;,
  -0.036129;0.725459;-0.885292;,
  -0.171750;0.515108;-0.303290;,
  -0.154157;0.425249;-0.305016;,
  -0.089489;-0.004925;-0.343905;,
  -0.140840;-0.005170;-0.384154;,
  -0.068455;-0.004572;-0.372436;,
  -0.123850;-0.005085;-0.348048;,
  -0.136773;-0.002471;-0.438323;,
  -0.075459;-0.002408;-0.441136;,
  -0.112443;0.403764;-0.513866;,
  -0.067690;0.220660;-0.376000;,
  -0.084365;0.230084;-0.327434;,
  -0.067690;0.220660;-0.376000;,
  -0.078812;0.199006;-0.436345;,
  -0.128398;0.198430;-0.425974;,
  -0.147445;0.216257;-0.378746;,
  -0.130604;0.225721;-0.329073;,
  -0.066831;0.200720;-0.370849;,
  -0.084034;0.191879;-0.330363;,
  -0.066831;0.200720;-0.370849;,
  -0.146414;0.196111;-0.374876;,
  -0.129843;0.191048;-0.334204;,
  -0.075962;0.161204;-0.368586;,
  -0.089014;0.160089;-0.340475;,
  -0.085016;0.159357;-0.413673;,
  -0.075962;0.161204;-0.368586;,
  -0.124755;0.160303;-0.406983;,
  -0.137001;0.160960;-0.372151;,
  -0.124402;0.160270;-0.342891;,
  0.000000;0.302010;-0.457150;,
  0.000000;0.317448;-0.380615;,
  0.000000;0.333703;-0.318677;,
  0.000000;0.317448;-0.380615;,
  -0.088513;0.064897;-0.349796;,
  -0.076859;0.043825;-0.371160;,
  -0.077203;0.060528;-0.372083;,
  -0.089741;0.037538;-0.344844;,
  -0.077203;0.060528;-0.372083;,
  -0.076859;0.043825;-0.371160;,
  -0.085837;0.051289;-0.411134;,
  -0.127455;0.050599;-0.405050;,
  -0.135146;0.042068;-0.379475;,
  -0.135245;0.054983;-0.378024;,
  -0.123335;0.036695;-0.347761;,
  -0.124687;0.063204;-0.351871;,
  -0.068455;-0.004572;-0.372436;,
  -0.089489;-0.004925;-0.343905;,
  -0.075459;-0.002408;-0.441136;,
  -0.068455;-0.004572;-0.372436;,
  -0.136773;-0.002471;-0.438323;,
  -0.140840;-0.005170;-0.384154;,
  -0.123850;-0.005085;-0.348048;,
  0.000000;0.480508;-0.599095;,
  -0.000000;0.797502;0.486728;,
  -0.018020;0.792566;0.483234;,
  -0.021673;0.762148;0.479213;,
  -0.018020;0.792566;0.483234;,
  -0.000000;0.761736;0.515074;,
  -0.000000;0.797502;0.486728;,
  -0.017070;0.751776;0.500582;,
  -0.000000;0.755582;0.476311;,
  -0.021673;0.762148;0.479213;,
  -0.000000;0.742004;0.487017;,
  -0.000000;0.628613;0.522310;,
  -0.013681;0.629181;0.510086;,
  -0.000000;0.629353;0.498475;,
  -0.000000;0.401166;0.521562;,
  -0.009239;0.407897;0.510750;,
  -0.000000;0.401178;0.500491;,
  -0.015038;0.394827;0.510769;,
  -0.000000;0.271003;0.511701;,
  -0.008399;0.287655;0.511516;,
  -0.008399;0.287655;0.511516;,
  -0.000000;0.271003;0.511701;,
  -0.065929;0.383046;0.133755;,
  0.060405;0.393929;0.268220;,
  -0.060405;0.393929;0.268220;,
  0.040827;0.409326;0.360372;,
  -0.041186;0.408956;0.359682;,
  -0.073230;0.866012;-0.683529;,
  -0.090399;0.899625;-0.681482;,
  -0.093337;0.878309;-0.683982;,
  -0.067590;0.891540;-0.676947;,
  -0.131454;0.914895;-0.676816;,
  -0.134187;0.883149;-0.679479;,
  -0.184384;0.931143;-0.688290;,
  -0.179957;0.905937;-0.685413;,
  -0.088461;0.917846;-0.690225;,
  -0.059355;0.917067;-0.695857;,
  -0.124826;0.945202;-0.685253;,
  -0.170788;0.944517;-0.692685;,
  -0.076310;0.863238;-0.699719;,
  -0.094789;0.897095;-0.695150;,
  -0.073536;0.888765;-0.708086;,
  -0.097726;0.878268;-0.694689;,
  -0.097726;0.878268;-0.694689;,
  -0.139849;0.882996;-0.686333;,
  -0.094789;0.897095;-0.695150;,
  -0.184384;0.931143;-0.688290;,
  -0.179957;0.905937;-0.685413;,
  -0.092851;0.914526;-0.700931;,
  -0.065300;0.914292;-0.710504;,
  -0.130488;0.941769;-0.696588;,
  -0.092851;0.914526;-0.700931;,
  -0.170788;0.944517;-0.692685;,
  -0.139849;0.882996;-0.686333;,
  -0.130488;0.941769;-0.696588;,
  0.129842;-0.005285;0.379507;,
  0.074649;-0.007665;0.430396;,
  0.078082;-0.005184;0.380085;,
  0.145657;-0.006962;0.430228;,
  0.081894;-0.008017;0.475652;,
  0.130337;-0.008419;0.462677;,
  0.040827;0.409326;0.360372;,
  0.058527;0.418921;0.449239;,
  0.000327;0.442054;0.458858;,
  0.134730;0.802758;0.141249;,
  0.058609;0.859457;0.261934;,
  0.151538;0.814951;0.261548;,
  0.069975;0.849737;0.141595;,
  0.059370;0.828680;0.401577;,
  0.107905;0.803113;0.385242;,
  0.016810;0.695780;-0.901308;,
  -0.000000;0.703378;-0.906681;,
  0.028412;0.702931;-0.905096;,
  0.005992;0.692434;-0.900381;,
  -0.000000;0.691947;-0.900534;,
  0.036100;0.722445;-0.901876;,
  0.016800;0.717693;-0.913881;,
  0.039194;0.742444;-0.905262;,
  0.037494;0.759347;-0.908989;,
  0.020222;0.778539;-0.924863;,
  0.054593;0.497585;0.485968;,
  0.000000;0.504615;0.482422;,
  0.156854;0.493805;0.454768;,
  0.153750;0.417649;0.431280;,
  0.043884;0.624472;0.490764;,
  0.000000;0.624205;0.494911;,
  0.151481;0.625709;0.471401;,
  0.045103;0.753442;0.473796;,
  -0.000000;0.755582;0.476311;,
  0.124630;0.759166;0.439842;,
  0.194407;0.495020;0.342690;,
  0.184026;0.416284;0.359184;,
  0.180783;0.493711;0.213946;,
  0.148166;0.397512;0.264759;,
  0.194161;0.625821;0.315032;,
  0.160525;0.624648;0.168826;,
  0.162961;0.756066;0.282773;,
  0.160137;0.756402;0.141542;,
  0.159281;0.282239;0.415023;,
  0.135097;0.258530;0.372631;,
  0.140154;0.308676;0.474074;,
  0.073786;0.308958;0.492144;,
  0.060768;0.282297;0.415634;,
  0.071228;0.258750;0.373780;,
  0.060768;0.282297;0.415634;,
  0.154932;0.260729;0.427547;,
  0.131416;0.259153;0.471490;,
  0.083114;0.259300;0.490094;,
  0.066235;0.260292;0.427087;,
  0.066235;0.260292;0.427087;,
  0.126857;0.103272;0.411044;,
  0.140133;0.109167;0.450865;,
  0.124818;0.113962;0.481689;,
  0.090866;0.115958;0.494613;,
  0.078103;0.109166;0.450584;,
  0.082131;0.103302;0.412102;,
  0.078103;0.109166;0.450584;,
  0.128396;0.070599;0.408332;,
  0.142788;0.074380;0.450232;,
  0.142784;0.062605;0.450774;,
  0.129360;0.054570;0.484056;,
  0.125992;0.079513;0.484013;,
  0.085448;0.050752;0.497362;,
  0.089569;0.081470;0.498109;,
  0.076110;0.062553;0.450412;,
  0.076126;0.074270;0.450169;,
  0.076126;0.074270;0.450169;,
  0.080335;0.070488;0.409422;,
  0.076110;0.062553;0.450412;,
  0.145657;-0.006962;0.430228;,
  0.129842;-0.005285;0.379507;,
  0.130337;-0.008419;0.462677;,
  0.081894;-0.008017;0.475652;,
  0.074649;-0.007665;0.430396;,
  0.078082;-0.005184;0.380085;,
  0.074649;-0.007665;0.430396;,
  0.105601;0.427931;0.179576;,
  0.180783;0.493711;0.213946;,
  0.151915;0.492146;0.167381;,
  0.111349;0.424128;0.145375;,
  0.065929;0.383046;0.133755;,
  0.072577;0.826932;0.003462;,
  0.139488;0.782335;0.008092;,
  0.157700;0.731760;0.012806;,
  0.179540;0.597713;0.019365;,
  0.172194;0.468274;0.020078;,
  0.138476;0.392349;0.010964;,
  0.079877;0.341876;0.002284;,
  -0.000000;0.327597;-0.000000;,
  0.077005;0.826937;-0.135813;,
  0.149199;0.782340;-0.135813;,
  0.167776;0.731765;-0.135812;,
  0.190069;0.597719;-0.136526;,
  0.182200;0.468279;-0.135813;,
  0.163065;0.403338;-0.135813;,
  0.093013;0.356426;-0.135813;,
  -0.000000;0.340460;-0.135813;,
  0.072679;0.846295;-0.293584;,
  0.144507;0.808460;-0.302606;,
  0.176457;0.753793;-0.308822;,
  0.196943;0.621870;-0.311338;,
  0.162962;0.508546;-0.284760;,
  0.144978;0.418827;-0.264980;,
  0.084708;0.371042;-0.248788;,
  -0.000000;0.353225;-0.243917;,
  0.171750;0.515108;-0.303290;,
  0.154157;0.425249;-0.305016;,
  0.094131;0.357926;-0.312511;,
  0.066072;0.339495;-0.317040;,
  0.073947;0.878644;-0.401833;,
  0.138762;0.834059;-0.401036;,
  0.168087;0.746659;-0.408472;,
  0.183161;0.638156;-0.418255;,
  0.171148;0.519068;-0.412814;,
  0.189126;0.509806;-0.308547;,
  0.161984;0.396962;-0.403753;,
  0.160994;0.412378;-0.314758;,
  0.153549;0.327845;-0.389804;,
  0.139082;0.342197;-0.312777;,
  0.053149;0.325684;-0.385485;,
  0.070465;0.328670;-0.385485;,
  0.063150;0.905398;-0.463785;,
  0.127081;0.847284;-0.476862;,
  0.149029;0.737623;-0.490265;,
  0.159097;0.634271;-0.515313;,
  0.152577;0.513063;-0.510570;,
  0.142156;0.392836;-0.490538;,
  0.137422;0.319526;-0.455160;,
  0.070465;0.328670;-0.385485;,
  0.037771;0.313199;-0.457064;,
  0.076112;0.326073;-0.460756;,
  0.053149;0.325684;-0.385485;,
  0.059921;0.915483;-0.505180;,
  0.118677;0.857569;-0.514440;,
  0.140590;0.745777;-0.534892;,
  0.144032;0.646400;-0.557942;,
  0.116057;0.552926;-0.587908;,
  0.128898;0.509556;-0.544376;,
  0.055932;0.449047;-0.570613;,
  0.060324;0.363469;-0.543347;,
  0.000000;0.349570;-0.579519;,
  0.097142;0.587736;-0.611902;,
  0.044773;0.596617;-0.655021;,
  0.081151;0.625377;-0.649570;,
  0.067338;0.525671;-0.595695;,
  0.000000;0.547260;-0.625883;,
  0.000003;0.586556;-0.656927;,
  0.052049;0.928060;-0.592211;,
  0.055998;0.923610;-0.544440;,
  0.107135;0.871696;-0.557799;,
  0.095432;0.871295;-0.602969;,
  0.120974;0.774673;-0.621279;,
  0.130714;0.755319;-0.581741;,
  0.109258;0.695906;-0.636205;,
  0.124220;0.662351;-0.599057;,
  0.064947;0.663518;-0.687739;,
  0.022624;0.673305;-0.749525;,
  0.055015;0.690658;-0.745384;,
  0.030486;0.641538;-0.692584;,
  -0.000523;0.660254;-0.749525;,
  0.000007;0.631838;-0.692700;,
  0.048787;0.949011;-0.671407;,
  0.048907;0.931600;-0.639356;,
  0.076685;0.898661;-0.695183;,
  0.087209;0.870857;-0.652259;,
  0.084089;0.823289;-0.727782;,
  0.097984;0.796154;-0.665162;,
  0.081984;0.722459;-0.741650;,
  0.095337;0.733329;-0.678449;,
  0.018109;0.697602;-0.788968;,
  0.042506;0.716666;-0.787722;,
  -0.000548;0.685095;-0.789809;,
  0.050542;0.964102;-0.744156;,
  0.048787;0.976571;-0.699244;,
  0.080351;0.900307;-0.773497;,
  0.076685;0.924325;-0.707170;,
  0.066656;0.845286;-0.777753;,
  0.073515;0.736208;-0.785529;,
  0.011824;0.714786;-0.826747;,
  0.030377;0.721435;-0.831668;,
  -0.000523;0.708176;-0.821304;,
  0.033052;0.856100;-0.840669;,
  0.050542;0.936067;-0.768002;,
  0.043628;0.831755;-0.838923;,
  0.058026;0.794922;-0.831800;,
  0.051386;0.739951;-0.837041;,
  0.041394;0.750250;-0.893434;,
  0.037523;0.770137;-0.896778;,
  0.036129;0.725459;-0.885292;,
  0.171750;0.515108;-0.303290;,
  0.154157;0.425249;-0.305016;,
  0.089489;-0.004925;-0.343905;,
  0.140840;-0.005170;-0.384154;,
  0.123850;-0.005085;-0.348048;,
  0.068454;-0.004572;-0.372436;,
  0.136773;-0.002471;-0.438323;,
  0.075459;-0.002408;-0.441136;,
  0.112443;0.403764;-0.513866;,
  0.067690;0.220660;-0.376000;,
  0.084365;0.230084;-0.327434;,
  0.067690;0.220660;-0.376000;,
  0.078819;0.199067;-0.436377;,
  0.128404;0.198499;-0.425997;,
  0.147445;0.216257;-0.378745;,
  0.130604;0.225721;-0.329073;,
  0.066825;0.200878;-0.370834;,
  0.084054;0.191978;-0.330327;,
  0.066825;0.200878;-0.370834;,
  0.146440;0.196299;-0.374862;,
  0.129834;0.191158;-0.334167;,
  0.074722;0.161313;-0.368461;,
  0.088316;0.160172;-0.340116;,
  0.084012;0.159456;-0.414047;,
  0.074722;0.161313;-0.368461;,
  0.125410;0.160352;-0.407405;,
  0.138354;0.161100;-0.372104;,
  0.125145;0.160359;-0.342526;,
  0.067338;0.525671;-0.595695;,
  0.000000;0.302010;-0.457150;,
  0.000000;0.317448;-0.380615;,
  0.000000;0.333703;-0.318677;,
  0.000000;0.317448;-0.380615;,
  0.088527;0.064852;-0.349786;,
  0.076858;0.043825;-0.371160;,
  0.089741;0.037538;-0.344844;,
  0.077206;0.060456;-0.372057;,
  0.077206;0.060456;-0.372057;,
  0.085834;0.051259;-0.411144;,
  0.076858;0.043825;-0.371160;,
  0.133236;0.050570;-0.405056;,
  0.135242;0.054912;-0.377996;,
  0.135146;0.042068;-0.379475;,
  0.123335;0.036695;-0.347761;,
  0.124669;0.063154;-0.351856;,
  0.068454;-0.004572;-0.372436;,
  0.089489;-0.004925;-0.343905;,
  0.075459;-0.002408;-0.441136;,
  0.068454;-0.004572;-0.372436;,
  0.136773;-0.002471;-0.438323;,
  0.140840;-0.005170;-0.384154;,
  0.123850;-0.005085;-0.348048;,
  0.000000;0.480508;-0.599095;,
  0.018020;0.792566;0.483234;,
  0.021673;0.762148;0.479213;,
  0.018020;0.792566;0.483234;,
  0.017070;0.751776;0.500582;,
  -0.000000;0.755582;0.476311;,
  -0.000000;0.742004;0.487017;,
  0.021673;0.762148;0.479213;,
  0.013681;0.629181;0.510086;,
  -0.000000;0.629353;0.498475;,
  0.009239;0.407897;0.510750;,
  -0.000000;0.401178;0.500491;,
  0.015038;0.394827;0.510769;,
  0.008399;0.287655;0.511516;,
  0.008399;0.287655;0.511516;,
  0.073287;0.866012;-0.683529;,
  0.090457;0.899625;-0.681482;,
  0.067647;0.891539;-0.676947;,
  0.093394;0.878308;-0.683982;,
  0.131512;0.914895;-0.676816;,
  0.134244;0.883149;-0.679479;,
  0.184441;0.931143;-0.688290;,
  0.180014;0.905937;-0.685413;,
  0.088518;0.917846;-0.690225;,
  0.059412;0.917066;-0.695857;,
  0.124883;0.945202;-0.685253;,
  0.170845;0.944517;-0.692685;,
  0.076367;0.863238;-0.699719;,
  0.094846;0.897095;-0.695150;,
  0.097784;0.878268;-0.694688;,
  0.073593;0.888765;-0.708086;,
  0.097784;0.878268;-0.694688;,
  0.094846;0.897095;-0.695150;,
  0.139907;0.882996;-0.686333;,
  0.184441;0.931143;-0.688290;,
  0.180014;0.905937;-0.685413;,
  0.092908;0.914526;-0.700931;,
  0.065357;0.914292;-0.710504;,
  0.092908;0.914526;-0.700931;,
  0.130546;0.941769;-0.696588;,
  0.170845;0.944517;-0.692685;,
  0.139907;0.882996;-0.686333;,
  0.130546;0.941769;-0.696588;,
  -0.028412;0.702931;-0.905096;,
  0.028412;0.702931;-0.905096;,
  -0.000000;0.703378;-0.906681;,
  -0.050822;0.739951;-0.837041;,
  0.051386;0.739951;-0.837041;,
  0.036129;0.725459;-0.885292;,
  0.016800;0.717693;-0.913881;,
  0.036100;0.722445;-0.901876;,
  -0.016800;0.717693;-0.913881;,
  -0.000000;0.717894;-0.918692;,
  -0.036129;0.725459;-0.885292;,
  -0.036100;0.722445;-0.901876;,
  0.000000;0.955080;-0.667418;,
  -0.048787;0.949011;-0.671407;,
  0.048787;0.949011;-0.671407;,
  0.027217;0.339130;-0.033554;,
  -0.013905;0.307910;-0.011039;,
  -0.028480;0.339689;-0.033511;,
  0.012508;0.307910;-0.011039;,
  -0.015529;0.309761;0.030498;,
  -0.011979;0.362752;0.111992;,
  0.014131;0.309761;0.030498;,
  0.018832;0.362752;0.111992;,
  -0.005514;0.285469;-0.001503;,
  0.003590;0.291111;-0.009038;,
  0.004117;0.282898;-0.001503;,
  -0.004987;0.293682;-0.009038;,
  -0.000000;0.328907;0.331925;,
  -0.012973;0.356359;0.324637;,
  -0.014036;0.328907;0.339745;,
  -0.000000;0.356359;0.320122;,
  -0.014036;0.328907;0.268253;,
  -0.000000;0.356359;0.287876;,
  -0.000000;0.328907;0.276073;,
  -0.012973;0.356359;0.283361;,
  -0.040785;0.328907;0.279584;,
  -0.033501;0.356359;0.289903;,
  -0.053200;0.328907;0.303999;,
  -0.041646;0.356359;0.303999;,
  -0.040785;0.328907;0.328414;,
  -0.033501;0.356359;0.318095;,
  -0.000000;0.291408;0.336245;,
  -0.014036;0.291408;0.345275;,
  -0.014036;0.291408;0.262723;,
  -0.000000;0.291408;0.271753;,
  -0.044924;0.291408;0.275807;,
  -0.059259;0.291408;0.303999;,
  -0.044924;0.291408;0.332191;,
  -0.000000;0.253908;0.331925;,
  -0.014036;0.253908;0.339745;,
  -0.014036;0.253908;0.268253;,
  -0.000000;0.253908;0.276073;,
  -0.040785;0.253908;0.279584;,
  -0.053200;0.253908;0.303999;,
  -0.040785;0.253908;0.328414;,
  -0.000000;0.226457;0.323831;,
  -0.014036;0.226457;0.329385;,
  -0.014036;0.226457;0.278613;,
  -0.000000;0.226457;0.284167;,
  -0.029480;0.226457;0.286660;,
  -0.036647;0.226457;0.303999;,
  -0.029480;0.226457;0.321338;,
  -0.014036;0.219728;0.303999;,
  -0.000000;0.219166;0.292549;,
  -0.000000;0.219166;0.315449;,
  -0.011416;0.414222;0.283361;,
  -0.000000;0.414222;0.287876;,
  -0.029480;0.414222;0.289903;,
  -0.036647;0.414222;0.303999;,
  -0.029480;0.414222;0.318095;,
  -0.011416;0.414222;0.324637;,
  -0.000000;0.414222;0.320122;,
  0.012973;0.356359;0.324637;,
  0.014036;0.328907;0.339745;,
  0.014036;0.328907;0.268253;,
  0.012973;0.356359;0.283361;,
  0.040785;0.328907;0.279584;,
  0.033501;0.356359;0.289903;,
  0.053200;0.328907;0.303999;,
  0.041646;0.356359;0.303999;,
  0.040785;0.328907;0.328414;,
  0.033501;0.356359;0.318095;,
  0.014036;0.291408;0.345275;,
  0.014036;0.291408;0.262723;,
  0.044923;0.291408;0.275807;,
  0.059259;0.291408;0.303999;,
  0.044924;0.291408;0.332191;,
  0.014036;0.253908;0.339745;,
  0.014036;0.253908;0.268253;,
  0.040785;0.253908;0.279584;,
  0.053200;0.253908;0.303999;,
  0.040785;0.253908;0.328414;,
  0.014036;0.226457;0.329385;,
  0.014036;0.226457;0.278613;,
  0.029480;0.226457;0.286660;,
  0.036647;0.226457;0.303999;,
  0.029480;0.226457;0.321338;,
  0.014036;0.219728;0.303999;,
  0.011416;0.414222;0.283361;,
  0.029480;0.414222;0.289903;,
  0.036647;0.414222;0.303999;,
  0.029480;0.414222;0.318095;,
  0.011416;0.414222;0.324637;,
  0.050014;0.963512;-0.712918;,
  0.076022;0.963150;-0.695370;,
  0.071719;0.963561;-0.711800;,
  0.050196;0.962080;-0.692209;,
  0.050196;0.962080;-0.692209;,
  0.086216;0.949797;-0.688360;,
  0.076022;0.963150;-0.695370;,
  0.052544;0.943550;-0.683103;,
  0.092107;0.936855;-0.697781;,
  0.054710;0.926453;-0.694707;,
  0.087804;0.937265;-0.714211;,
  0.054529;0.927886;-0.715416;,
  0.077610;0.950618;-0.721221;,
  0.052181;0.946415;-0.724522;,
  0.101478;0.967795;-0.700283;,
  0.095422;0.967174;-0.712304;,
  0.114783;0.959640;-0.695630;,
  0.101478;0.967795;-0.700283;,
  0.122031;0.950863;-0.702997;,
  0.115974;0.950241;-0.715018;,
  0.102669;0.958397;-0.719672;,
  0.124393;0.975775;-0.706947;,
  0.118804;0.974535;-0.714643;,
  0.136365;0.971989;-0.704482;,
  0.124393;0.975775;-0.706947;,
  0.142748;0.966963;-0.709712;,
  0.137159;0.965723;-0.717407;,
  0.125187;0.969509;-0.719873;,
  0.142655;0.986542;-0.715207;,
  0.139311;0.985438;-0.718849;,
  0.149740;0.985617;-0.714386;,
  0.142655;0.986542;-0.715207;,
  0.153481;0.983588;-0.717207;,
  0.150137;0.982484;-0.720849;,
  0.143052;0.983409;-0.721670;,
  0.154406;0.999271;-0.724760;,
  0.154406;0.999271;-0.724760;,
  0.154406;0.999271;-0.724760;,
  0.154406;0.999271;-0.724760;,
  0.154406;0.999271;-0.724760;,
  0.154406;0.999271;-0.724760;,
  0.154406;0.999271;-0.724760;,
  0.154406;0.999271;-0.724760;,
  0.154406;0.999271;-0.724760;,
  0.154406;0.999271;-0.724760;,
  0.154406;0.999271;-0.724760;,
  0.154406;0.999271;-0.724760;,
  -0.050197;0.963512;-0.712918;,
  -0.076205;0.963150;-0.695370;,
  -0.050379;0.962080;-0.692209;,
  -0.071902;0.963561;-0.711800;,
  -0.050379;0.962080;-0.692209;,
  -0.086399;0.949797;-0.688360;,
  -0.052727;0.943550;-0.683103;,
  -0.076205;0.963150;-0.695370;,
  -0.092290;0.936855;-0.697781;,
  -0.054893;0.926453;-0.694707;,
  -0.087987;0.937265;-0.714211;,
  -0.054712;0.927886;-0.715416;,
  -0.077793;0.950618;-0.721221;,
  -0.052364;0.946415;-0.724522;,
  -0.101661;0.967795;-0.700283;,
  -0.095605;0.967174;-0.712304;,
  -0.114966;0.959640;-0.695630;,
  -0.101661;0.967795;-0.700283;,
  -0.122214;0.950863;-0.702997;,
  -0.116157;0.950241;-0.715018;,
  -0.102853;0.958397;-0.719672;,
  -0.124576;0.975775;-0.706947;,
  -0.118987;0.974535;-0.714643;,
  -0.136548;0.971989;-0.704482;,
  -0.124576;0.975775;-0.706947;,
  -0.142931;0.966963;-0.709712;,
  -0.137342;0.965723;-0.717407;,
  -0.125370;0.969509;-0.719873;,
  -0.142838;0.986542;-0.715207;,
  -0.139494;0.985438;-0.718849;,
  -0.149923;0.985617;-0.714386;,
  -0.142838;0.986542;-0.715207;,
  -0.153664;0.983588;-0.717207;,
  -0.150320;0.982484;-0.720849;,
  -0.143235;0.983409;-0.721670;,
  -0.154589;0.999271;-0.724760;,
  -0.154589;0.999271;-0.724760;,
  -0.154589;0.999271;-0.724760;,
  -0.154589;0.999271;-0.724760;,
  -0.154589;0.999271;-0.724760;,
  -0.154589;0.999271;-0.724760;,
  -0.154589;0.999271;-0.724760;,
  -0.154589;0.999271;-0.724760;,
  -0.154589;0.999271;-0.724760;,
  -0.154589;0.999271;-0.724760;,
  -0.154589;0.999271;-0.724760;,
  -0.154589;0.999271;-0.724760;;
  1262;
  3;0,1,2;,
  3;1,0,3;,
  3;2,4,5;,
  3;4,2,1;,
  3;6,7,8;,
  3;7,6,9;,
  3;10,11,12;,
  3;11,10,13;,
  3;12,14,15;,
  3;14,12,11;,
  3;13,16,11;,
  3;16,13,17;,
  3;11,18,14;,
  3;18,11,16;,
  3;19,20,21;,
  3;20,19,22;,
  3;21,20,23;,
  3;24,25,26;,
  3;27,26,25;,
  3;26,27,28;,
  3;28,29,26;,
  3;29,28,30;,
  3;7,31,8;,
  3;31,7,32;,
  3;8,33,34;,
  3;33,8,31;,
  3;32,35,31;,
  3;35,32,36;,
  3;31,37,33;,
  3;37,31,35;,
  3;36,38,35;,
  3;38,36,39;,
  3;35,40,37;,
  3;40,35,38;,
  3;38,17,40;,
  3;17,38,16;,
  3;34,41,42;,
  3;41,34,33;,
  3;42,43,44;,
  3;43,42,41;,
  3;33,45,41;,
  3;45,33,37;,
  3;41,46,43;,
  3;46,41,45;,
  3;37,47,45;,
  3;47,37,40;,
  3;45,48,46;,
  3;48,45,47;,
  3;40,13,47;,
  3;13,40,17;,
  3;47,10,48;,
  3;10,47,13;,
  3;44,49,42;,
  3;49,44,50;,
  3;42,51,34;,
  3;51,42,49;,
  3;51,8,34;,
  3;8,51,52;,
  3;8,53,6;,
  3;53,8,52;,
  3;54,55,56;,
  3;55,54,57;,
  3;56,50,44;,
  3;50,56,55;,
  3;50,58,49;,
  3;49,59,51;,
  3;59,49,58;,
  3;51,60,52;,
  3;60,51,59;,
  3;52,61,53;,
  3;61,52,60;,
  3;57,62,55;,
  3;58,63,64;,
  3;63,58,50;,
  3;59,64,65;,
  3;64,59,58;,
  3;60,65,66;,
  3;65,60,59;,
  3;60,67,61;,
  3;67,60,66;,
  3;62,68,55;,
  3;68,62,69;,
  3;50,68,63;,
  3;68,50,55;,
  3;70,71,72;,
  3;72,73,74;,
  3;73,72,71;,
  3;74,75,76;,
  3;75,74,73;,
  3;76,77,78;,
  3;77,76,75;,
  3;79,80,81;,
  3;70,82,71;,
  3;82,70,83;,
  3;71,84,73;,
  3;84,71,82;,
  3;73,85,75;,
  3;85,73,84;,
  3;75,86,77;,
  3;86,75,85;,
  3;80,87,81;,
  3;87,80,88;,
  3;81,83,70;,
  3;83,81,87;,
  3;64,70,72;,
  3;70,64,63;,
  3;65,72,74;,
  3;72,65,64;,
  3;76,65,74;,
  3;65,76,66;,
  3;78,66,76;,
  3;66,78,67;,
  3;81,69,79;,
  3;69,81,68;,
  3;63,81,70;,
  3;81,63,68;,
  3;56,89,90;,
  3;89,56,44;,
  3;46,91,92;,
  3;92,89,44;,
  3;89,92,91;,
  3;91,93,89;,
  3;89,94,90;,
  3;94,89,93;,
  3;95,96,97;,
  3;15,98,12;,
  3;98,15,99;,
  3;12,100,10;,
  3;100,12,98;,
  3;10,101,48;,
  3;101,10,100;,
  3;48,102,46;,
  3;102,48,101;,
  3;46,103,91;,
  3;103,46,102;,
  3;91,104,93;,
  3;104,91,103;,
  3;93,105,94;,
  3;105,93,104;,
  3;94,106,107;,
  3;106,94,105;,
  3;99,108,98;,
  3;108,99,109;,
  3;98,110,100;,
  3;110,98,108;,
  3;100,111,101;,
  3;111,100,110;,
  3;101,112,102;,
  3;112,101,111;,
  3;102,113,103;,
  3;113,102,112;,
  3;103,114,104;,
  3;114,103,113;,
  3;104,115,105;,
  3;115,104,114;,
  3;105,116,106;,
  3;116,105,115;,
  3;109,117,108;,
  3;117,109,118;,
  3;108,119,110;,
  3;119,108,117;,
