xof 0303txt 0032
template ColorRGBA {
 <35ff44e0-6c7c-11cf-8f52-0040333594a3>
 FLOAT red;
 FLOAT green;
 FLOAT blue;
 FLOAT alpha;
}

template ColorRGB {
 <d3e16e81-7835-11cf-8f52-0040333594a3>
 FLOAT red;
 FLOAT green;
 FLOAT blue;
}

template Material {
 <3d82ab4d-62da-11cf-ab39-0020af71e433>
 ColorRGBA faceColor;
 FLOAT power;
 ColorRGB specularColor;
 ColorRGB emissiveColor;
 [...]
}

template TextureFilename {
 <a42790e1-7810-11cf-8f52-0040333594a3>
 STRING filename;
}

template Frame {
 <3d82ab46-62da-11cf-ab39-0020af71e433>
 [...]
}

template Matrix4x4 {
 <f6f23f45-7686-11cf-8f52-0040333594a3>
 array FLOAT matrix[16];
}

template FrameTransformMatrix {
 <f6f23f41-7686-11cf-8f52-0040333594a3>
 Matrix4x4 frameMatrix;
}

template Vector {
 <3d82ab5e-62da-11cf-ab39-0020af71e433>
 FLOAT x;
 FLOAT y;
 FLOAT z;
}

template MeshFace {
 <3d82ab5f-62da-11cf-ab39-0020af71e433>
 DWORD nFaceVertexIndices;
 array DWORD faceVertexIndices[nFaceVertexIndices];
}

template Mesh {
 <3d82ab44-62da-11cf-ab39-0020af71e433>
 DWORD nVertices;
 array Vector vertices[nVertices];
 DWORD nFaces;
 array MeshFace faces[nFaces];
 [...]
}

template MeshMaterialList {
 <f6f23f42-7686-11cf-8f52-0040333594a3>
 DWORD nMaterials;
 DWORD nFaceIndexes;
 array DWORD faceIndexes[nFaceIndexes];
 [Material <3d82ab4d-62da-11cf-ab39-0020af71e433>]
}

template VertexElement {
 <f752461c-1e23-48f6-b9f8-8350850f336f>
 DWORD Type;
 DWORD Method;
 DWORD Usage;
 DWORD UsageIndex;
}

template DeclData {
 <bf22e553-292c-4781-9fea-62bd554bdd93>
 DWORD nElements;
 array VertexElement Elements[nElements];
 DWORD nDWords;
 array DWORD data[nDWords];
}

template XSkinMeshHeader {
 <3cf169ce-ff7c-44ab-93c0-f78f62d172e2>
 WORD nMaxSkinWeightsPerVertex;
 WORD nMaxSkinWeightsPerFace;
 WORD nBones;
}

template SkinWeights {
 <6f0d123b-bad2-4167-a0d0-80224f25fabb>
 STRING transformNodeName;
 DWORD nWeights;
 array DWORD vertexIndices[nWeights];
 array FLOAT weights[nWeights];
 Matrix4x4 matrixOffset;
}

template AnimTicksPerSecond {
 <9e415a43-7ba6-4a73-8743-b73d47e88476>
 DWORD AnimTicksPerSecond;
}

template Animation {
 <3d82ab4f-62da-11cf-ab39-0020af71e433>
 [...]
}

template AnimationSet {
 <3d82ab50-62da-11cf-ab39-0020af71e433>
 [Animation <3d82ab4f-62da-11cf-ab39-0020af71e433>]
}

template FloatKeys {
 <10dd46a9-775b-11cf-8f52-0040333594a3>
 DWORD nValues;
 array FLOAT values[nValues];
}

template TimedFloatKeys {
 <f406b180-7b3b-11cf-8f52-0040333594a3>
 DWORD time;
 FloatKeys tfkeys;
}

template AnimationKey {
 <10dd46a8-775b-11cf-8f52-0040333594a3>
 DWORD keyType;
 DWORD nKeys;
 array TimedFloatKeys keys[nKeys];
}


Material _03_-_Default {
 1.000000;1.000000;1.000000;1.000000;;
 9.999999;
 0.000000;0.000000;0.000000;;
 0.000000;0.000000;0.000000;;

 TextureFilename {
  "MaleBody_full.png";
 }
}

Frame Dummy01 {
 

 FrameTransformMatrix {
  1.000000,0.000000,0.000000,0.000000,0.000000,-0.000000,-1.000000,0.000000,0.000000,1.000000,-0.000000,0.000000,0.000000,0.000000,0.000000,1.000000;;
 }

 Frame Bip01 {
  

  FrameTransformMatrix {
   0.203206,-0.029350,0.978696,0.000000,0.026257,-0.999028,-0.035411,0.000000,0.978784,0.032894,-0.202238,0.000000,-0.005633,-0.152345,0.078784,1.000000;;
  }

  Frame Bip01_Pelvis {
   

   FrameTransformMatrix {
    -0.167480,0.984690,-0.048326,0.000000,-0.064562,0.037959,0.997192,0.000000,0.983759,0.170129,0.057216,0.000000,0.000000,0.000000,0.000000,1.000000;;
   }

   Frame Bip01_Spine {
    

    FrameTransformMatrix {
     0.984600,-0.132643,0.113876,0.000000,0.122804,0.988388,0.089486,0.000000,-0.124423,-0.074123,0.989457,0.000000,0.050853,0.001966,0.008700,1.000000;;
    }

    Frame Bip01_Spine1 {
     

     FrameTransformMatrix {
      0.979309,-0.197212,-0.045395,0.000000,0.201763,0.968838,0.143678,0.000000,0.015645,-0.149864,0.988583,0.000000,0.106479,0.000013,-0.000084,1.000000;;
     }

     Frame Bip01_Neck {
      

      FrameTransformMatrix {
       0.991186,0.000000,0.132476,0.000000,-0.000000,1.000000,-0.000000,0.000000,-0.132476,-0.000000,0.991186,0.000000,0.130508,0.000000,0.004625,1.000000;;
      }

      Frame Bip01_Head {
       

       FrameTransformMatrix {
        0.922100,0.201276,-0.330485,0.000000,0.030005,0.814308,0.579657,0.000000,0.385788,-0.544417,0.744834,0.000000,0.033674,0.000000,0.000000,1.000000;;
       }

       Frame Bip01_HeadNub {
        

        FrameTransformMatrix {
         1.000000,-0.000000,0.000000,0.000000,-0.000000,1.000000,0.000000,0.000000,0.000000,0.000000,1.000000,0.000000,0.169824,0.000000,-0.000000,1.000000;;
        }
       }
      }

      Frame Bip01_L_Clavicle {
       

       FrameTransformMatrix {
        0.038270,0.997146,0.065073,0.000000,0.990385,-0.029186,-0.135227,0.000000,-0.132942,0.069622,-0.988675,0.000000,-0.024429,0.015715,-0.001402,1.000000;;
       }

       Frame Bip01_L_UpperArm {
        

        FrameTransformMatrix {
         0.784209,-0.424883,0.452207,0.000000,0.586022,0.267609,-0.764829,0.000000,0.203948,0.864789,0.458852,0.000000,0.087086,0.000000,0.000000,1.000000;;
        }

        Frame Bip01_L_Forearm {
         

         FrameTransformMatrix {
          -0.823371,-0.000000,-0.567503,0.000000,0.000000,1.000000,-0.000000,0.000000,0.567503,-0.000000,-0.823371,0.000000,0.137062,0.000000,0.000000,1.000000;;
         }

         Frame Bip01_L_Hand {
          

          FrameTransformMatrix {
           0.991182,-0.069903,0.112572,0.000000,-0.124882,-0.208703,0.969973,0.000000,-0.044310,-0.975478,-0.215592,0.000000,0.137062,0.000000,0.000000,1.000000;;
          }

          Frame Bip01_L_Finger0 {
           

           FrameTransformMatrix {
            0.829256,-0.514255,0.218807,0.000000,0.558537,0.749101,-0.356210,0.000000,0.019274,0.417601,0.908427,0.000000,0.057681,-0.023605,-0.000272,1.000000;;
           }

           Frame Bip01_L_Finger0Nub {
            

            FrameTransformMatrix {
             1.000000,0.000000,0.000000,0.000000,0.000000,1.000000,0.000000,0.000000,0.000000,-0.000000,1.000000,0.000000,0.029435,-0.000000,0.000000,1.000000;;
            }
           }
          }

          Frame Bip01_L_Finger1 {
           

           FrameTransformMatrix {
            0.989590,-0.000115,0.143914,0.000000,-0.000000,1.000000,0.000796,0.000000,-0.143914,-0.000788,0.989590,0.000000,0.084102,0.000000,-0.000000,1.000000;;
           }

           Frame Bip01_L_Finger1Nub {
            

            FrameTransformMatrix {
             1.000000,-0.000000,0.000000,0.000000,-0.000000,1.000000,-0.000000,0.000000,0.000000,-0.000000,1.000000,0.000000,0.047988,0.000000,0.000000,1.000000;;
            }
           }
          }
         }
        }
       }
      }

      Frame Bip01_R_Clavicle {
       

       FrameTransformMatrix {
        -0.046058,-0.938378,-0.342528,0.000000,-0.991080,0.000000,0.133265,0.000000,-0.125053,0.345610,-0.930008,0.000000,-0.024429,-0.015715,-0.001401,1.000000;;
       }

       Frame Bip01_R_UpperArm {
        

        FrameTransformMatrix {
         0.987535,-0.050612,-0.149038,0.000000,0.115073,0.878192,0.464259,0.000000,0.107387,-0.475623,0.873070,0.000000,0.087086,-0.000000,0.000000,1.000000;;
        }

        Frame Bip01_R_Forearm {
         

         FrameTransformMatrix {
          0.984732,0.000000,-0.174076,0.000000,0.000000,1.000000,-0.000000,0.000000,0.174076,0.000000,0.984732,0.000000,0.137062,-0.000000,-0.000000,1.000000;;
         }

         Frame Bip01_R_Hand {
          

          FrameTransformMatrix {
           0.998593,0.051362,0.013193,0.000000,-0.007588,0.384627,-0.923041,0.000000,-0.052484,0.921642,0.384476,0.000000,0.137062,0.000000,-0.000000,1.000000;;
          }

          Frame Bip01_R_Finger0 {
           

           FrameTransformMatrix {
            0.829256,0.514255,0.218807,0.000000,-0.558537,0.749101,0.356210,0.000000,0.019274,-0.417601,0.908427,0.000000,0.057681,0.023605,-0.000272,1.000000;;
           }

           Frame Bip01_R_Finger0Nub {
            

            FrameTransformMatrix {
             -1.000000,0.000000,-0.000000,0.000000,-0.000000,1.000000,0.000000,0.000000,0.000000,0.000000,-1.000000,0.000000,0.029435,-0.000000,0.000000,1.000000;;
            }
           }
          }

          Frame Bip01_R_Finger1 {
           

           FrameTransformMatrix {
            0.989590,0.000115,0.143914,0.000000,-0.000000,1.000000,-0.000796,0.000000,-0.143914,0.000788,0.989590,0.000000,0.084102,0.000000,-0.000000,1.000000;;
           }

           Frame Bip01_R_Finger1Nub {
            

            FrameTransformMatrix {
             -1.000000,-0.000000,-0.000000,0.000000,0.000000,1.000000,-0.000000,0.000000,0.000000,0.000000,-1.000000,0.000000,0.047988,0.000000,0.000000,1.000000;;
            }
           }
          }
         }
        }
       }
      }
     }

     Frame Bip01_BackPack {
      

      FrameTransformMatrix {
       0.081023,-0.088037,-0.992817,0.000000,-0.064786,0.993520,-0.093387,0.000000,0.994605,0.071887,0.074794,0.000000,0.041174,-0.003810,-0.088357,1.000000;;
      }

      Frame Bip01_BackPackNub {
       

       FrameTransformMatrix {
        0.000796,0.000003,1.000000,0.000000,0.000000,-1.000000,0.000003,0.000000,1.000000,0.000000,-0.000796,0.000000,0.053240,0.000000,-0.000000,1.000000;;
       }
      }
     }
    }

    Frame Bip01_L_Thigh {
     

     FrameTransformMatrix {
      -0.988394,-0.133126,0.073173,0.000000,0.105366,-0.947770,-0.301049,0.000000,0.109429,-0.289845,0.950797,0.000000,-0.058126,0.045617,-0.006229,1.000000;;
     }

     Frame Bip01_L_Calf {
      

      FrameTransformMatrix {
       0.949883,-0.000000,-0.312607,0.000000,-0.000000,1.000000,-0.000000,0.000000,0.312607,-0.000000,0.949883,0.000000,0.237500,0.000000,0.000000,1.000000;;
      }

      Frame Bip01_L_Foot {
       

       FrameTransformMatrix {
        0.989477,-0.141630,-0.029609,0.000000,0.133709,0.973224,-0.186967,0.000000,0.055297,0.181041,0.981920,0.000000,0.206841,0.000000,0.000000,1.000000;;
       }

       Frame Bip01_L_Toe0 {
        

        FrameTransformMatrix {
         -0.772974,-0.000047,0.634437,0.000000,-0.000038,1.000000,0.000029,0.000000,-0.634437,-0.000002,-0.772974,0.000000,0.065373,0.000000,0.066450,1.000000;;
        }

        Frame Bip01_L_Toe0Nub {
         

         FrameTransformMatrix {
          -1.000000,0.000000,-0.000000,0.000000,0.000000,1.000000,-0.000000,0.000000,0.000000,-0.000000,-1.000000,0.000000,0.006735,-0.000000,0.000000,1.000000;;
         }
        }
       }
      }
     }
    }

    Frame Bip01_R_Thigh {
     

     FrameTransformMatrix {
      -0.955649,-0.243422,-0.165772,0.000000,0.293494,-0.833820,-0.467552,0.000000,-0.024411,-0.495469,0.868283,0.000000,-0.043475,-0.063551,0.001958,1.000000;;
     }

     Frame Bip01_R_Calf {
      

      FrameTransformMatrix {
       0.998957,-0.000000,-0.045671,0.000000,-0.000000,1.000000,0.000000,0.000000,0.045671,0.000000,0.998956,0.000000,0.237500,0.000000,0.000000,1.000000;;
      }

      Frame Bip01_R_Foot {
       

       FrameTransformMatrix {
        0.996821,-0.000715,-0.079669,0.000000,-0.022883,0.955259,-0.294883,0.000000,0.076315,0.295768,0.952206,0.000000,0.206841,-0.000000,0.000000,1.000000;;
       }

       Frame Bip01_R_Toe0 {
        

        FrameTransformMatrix {
         0.071576,-0.656826,0.750637,0.000000,0.137188,0.751898,0.644848,0.000000,-0.987956,0.056823,0.143927,0.000000,0.065373,0.000000,0.066450,1.000000;;
        }

        Frame Bip01_R_Toe0Nub {
         

         FrameTransformMatrix {
          1.000000,-0.000000,0.000000,0.000000,0.000000,1.000000,0.000000,0.000000,0.000000,-0.000000,1.000000,0.000000,0.006735,0.000000,0.000000,1.000000;;
         }
        }
       }
      }
     }
    }
   }

   Frame Bip01_DressFront {
    

    FrameTransformMatrix {
     -0.931377,-0.086055,-0.353740,0.000000,-0.084016,0.996240,-0.021149,0.000000,0.354229,0.010022,-0.935105,0.000000,-0.044053,0.001398,0.061078,1.000000;;
    }

    Frame Bip01_DressFront02 {
     

     FrameTransformMatrix {
      0.946169,0.038599,0.321363,0.000000,-0.067092,0.994688,0.078063,0.000000,-0.316643,-0.095421,0.943733,0.000000,0.183366,0.000013,-0.000124,1.000000;;
     }

     Frame Bip01_DressFrontNub {
      

      FrameTransformMatrix {
       0.000796,0.000003,1.000000,0.000000,0.000000,-1.000000,0.000003,0.000000,1.000000,0.000000,-0.000796,0.000000,0.165302,0.000000,0.000000,1.000000;;
      }
     }
    }
   }

   Frame Bip01_DressBack {
    

    FrameTransformMatrix {
     -0.967165,0.002306,-0.254140,0.000000,0.005315,0.999924,-0.011154,0.000000,0.254095,-0.012138,-0.967103,0.000000,-0.047768,0.000002,-0.078284,1.000000;;
    }

    Frame Bip01_DressBack02 {
     

     FrameTransformMatrix {
      0.996483,-0.000000,-0.083799,0.000000,0.000000,1.000000,0.000000,0.000000,0.083799,-0.000000,0.996483,0.000000,0.176150,0.000000,-0.000108,1.000000;;
     }

     Frame Bip01_DressBackNub {
      

      FrameTransformMatrix {
       0.000796,0.000003,1.000000,0.000000,0.000000,-1.000000,0.000003,0.000000,1.000000,-0.000000,-0.000796,0.000000,0.136508,0.000000,-0.000000,1.000000;;
      }
     }
    }
   }
  }

  Frame Bip01_Prop1 {
   

   FrameTransformMatrix {
    0.422404,-0.045727,-0.905253,0.000000,0.725946,-0.580963,0.368083,0.000000,-0.542750,-0.812645,-0.212206,0.000000,-0.129092,0.117905,-0.385540,1.000000;;
   }
  }

  Frame Bip01_Prop2 {
   

   FrameTransformMatrix {
    0.640698,-0.596474,0.483452,0.000000,0.743899,0.326384,-0.583170,0.000000,0.190055,0.733275,0.652830,0.000000,0.037708,0.226317,0.062474,1.000000;;
   }
  }
 }
}

Frame Translation_Data {
 

 FrameTransformMatrix {
  1.000000,0.000000,0.000000,0.000000,0.000000,-0.000000,-1.000000,0.000000,0.000000,1.000000,-0.000000,0.000000,0.000000,0.000000,0.000000,1.000000;;
 }
}

Frame Body {
 

 FrameTransformMatrix {
  1.000000,0.000000,0.000000,0.000000,0.000000,1.000000,0.000000,0.000000,0.000000,0.000000,1.000000,0.000000,0.000000,0.000000,0.000000,1.000000;;
 }

 Mesh Body {
  617;
  0.003362;0.092614;0.441646;,
  -0.023534;0.095969;0.417467;,
  -0.039176;0.077443;0.441285;,
  0.021488;0.097232;0.427027;,
  0.034623;0.096376;0.409193;,
  0.023167;0.121667;0.365163;,
  -0.005005;0.115435;0.393046;,
  0.054874;0.087189;0.375101;,
  -0.046310;0.038265;0.456158;,
  0.005866;0.014935;0.451179;,
  -0.006520;0.047640;0.458883;,
  -0.023588;0.008806;0.440826;,
  0.061909;0.010739;0.193402;,
  0.019188;0.004582;0.200016;,
  0.015999;-0.000383;0.183859;,
  0.056938;0.016628;0.207460;,
  0.065600;0.070936;0.218084;,
  0.074124;0.051611;0.186345;,
  0.046686;0.107885;0.218273;,
  0.068081;0.088729;0.168886;,
  0.044467;0.106204;0.161777;,
  -0.026921;0.134321;0.348679;,
  -0.043871;0.120599;0.380871;,
  -0.022036;0.015893;0.196630;,
  -0.024214;0.011830;0.179582;,
  0.022402;0.000731;0.311182;,
  -0.036826;-0.005878;0.334435;,
  -0.027913;0.003577;0.299022;,
  0.016620;-0.007042;0.353907;,
  0.047858;0.111228;0.118297;,
  0.091875;0.101651;0.014852;,
  0.050884;0.125166;0.019562;,
  0.083517;0.076469;0.112520;,
  0.051498;0.139438;-0.076228;,
  0.085221;0.098885;-0.078813;,
  -0.001455;0.084056;0.114028;,
  0.021648;0.020970;0.005275;,
  -0.007863;0.024338;0.078566;,
  0.006473;0.094792;0.014827;,
  0.036250;0.054416;-0.079751;,
  0.028556;0.095858;-0.080970;,
  0.099776;0.037759;0.007725;,
  0.079202;0.020606;0.085948;,
  0.076614;0.059217;-0.076265;,
  0.104955;0.045196;-0.344391;,
  0.080158;-0.009506;-0.339402;,
  0.061974;0.034085;-0.351750;,
  0.112811;0.001588;-0.334329;,
  0.057663;0.109768;-0.133971;,
  0.091960;0.072793;-0.204676;,
  0.059729;0.098011;-0.207104;,
  0.092055;0.084807;-0.130935;,
  0.087030;0.059317;-0.281764;,
  0.063038;0.083456;-0.286942;,
  0.019851;0.079477;-0.150004;,
  0.034778;0.029066;-0.193505;,
  0.026524;0.028635;-0.128157;,
  0.033197;0.069646;-0.207105;,
  0.057938;0.032206;-0.269909;,
  0.053270;0.052081;-0.293213;,
  0.096468;0.036157;-0.193576;,
  0.097753;0.037156;-0.119048;,
  0.080848;0.037470;-0.263561;,
  0.080262;0.050557;0.157053;,
  0.008446;0.129812;0.156450;,
  -0.001455;0.084056;0.114028;,
  0.006714;0.123097;0.119870;,
  0.068075;-0.000274;0.141199;,
  0.013668;-0.009414;0.135016;,
  0.073440;0.013942;0.096220;,
  0.024207;-0.001165;0.094778;,
  0.026882;0.009821;0.261176;,
  0.054993;0.014233;0.319460;,
  0.066531;0.029077;0.329090;,
  0.061519;0.079711;0.278655;,
  0.065439;0.082537;0.337306;,
  0.061466;0.029248;0.270890;,
  0.037250;0.122590;0.331310;,
  0.044897;0.112711;0.274569;,
  -0.011944;0.135870;0.319809;,
  -0.000327;0.126213;0.261708;,
  0.074638;0.087290;0.428026;,
  0.122106;0.069634;0.428012;,
  0.042322;0.052370;0.402889;,
  0.140665;-0.003269;0.414998;,
  0.097659;0.027460;0.393174;,
  0.162344;0.031975;0.440113;,
  0.042963;0.012397;0.448863;,
  0.097659;0.027460;0.393174;,
  0.088301;-0.010990;0.446084;,
  0.153147;-0.021491;0.420160;,
  0.140665;-0.003269;0.414998;,
  0.044594;0.014203;0.459931;,
  0.112515;0.031337;0.481096;,
  0.065717;0.048142;0.480337;,
  0.174966;0.013707;0.444913;,
  0.072940;0.075990;0.455696;,
  0.136856;0.041705;0.457152;,
  0.076491;0.048454;0.405925;,
  0.106699;0.001393;0.429478;,
  0.096992;0.072309;0.424847;,
  0.055966;0.078946;0.386946;,
  0.066754;0.099777;0.395563;,
  0.106699;0.001393;0.429478;,
  0.119125;0.053732;0.368130;,
  0.149902;-0.001368;0.385216;,
  0.076491;0.048454;0.405925;,
  0.084058;0.082576;0.359575;,
  0.055966;0.078946;0.386946;,
  0.134778;0.071810;0.383037;,
  0.179608;0.038808;0.412851;,
  0.091090;0.100241;0.366722;,
  -0.022718;0.171248;0.327968;,
  0.006561;0.130258;0.301148;,
  -0.024854;0.149731;0.332013;,
  0.008364;0.151594;0.297592;,
  -0.012738;0.135467;0.370527;,
  -0.004971;0.149510;0.365741;,
  -0.011819;0.142028;0.361476;,
  -0.009523;0.143359;0.378495;,
  0.053189;0.087529;0.339314;,
  0.018356;0.127646;0.367992;,
  0.039005;0.116644;0.320687;,
  0.024860;0.095452;0.379400;,
  0.044680;0.135770;0.320375;,
  0.075874;0.116692;0.347459;,
  0.047373;0.125230;0.390084;,
  0.025483;0.146161;0.366294;,
  0.020847;0.044686;0.472541;,
  0.023093;0.073936;0.478316;,
  -0.006520;0.047640;0.458883;,
  -0.006456;0.069979;0.457718;,
  0.051363;0.006348;0.370332;,
  -0.034169;0.064111;0.456061;,
  0.026114;0.096529;0.460351;,
  0.021488;0.097232;0.427027;,
  0.003362;0.092614;0.441646;,
  0.041112;0.091616;0.430759;,
  0.038025;0.010237;0.422378;,
  0.004760;-0.004468;0.393320;,
  0.038874;0.013715;0.428247;,
  -0.047573;-0.003840;0.368039;,
  -0.065747;0.017674;0.421083;,
  0.005866;0.014935;0.451179;,
  0.038874;0.013715;0.428247;,
  0.036993;0.068967;0.403338;,
  0.043558;0.023913;0.421122;,
  0.042322;0.052370;0.402889;,
  0.056552;0.038218;0.371424;,
  0.053383;0.073344;0.369961;,
  0.034623;0.096376;0.409193;,
  0.059632;0.021729;0.374011;,
  0.024860;0.095452;0.379400;,
  -0.045204;0.067879;0.478604;,
  -0.048508;0.046251;0.475060;,
  -0.074339;0.035492;0.447580;,
  -0.069842;0.032939;0.467890;,
  0.025483;0.146161;0.366294;,
  -0.022718;0.171248;0.327968;,
  0.008364;0.151594;0.297592;,
  -0.003980;0.118015;0.374643;,
  0.007817;0.137771;0.386538;,
  -0.003980;0.118015;0.374643;,
  0.001634;0.128949;0.361768;,
  0.020804;0.142539;0.369086;,
  0.020804;0.142539;0.369086;,
  -0.012738;0.135467;0.370527;,
  -0.009523;0.143359;0.378495;,
  -0.004971;0.149510;0.365741;,
  0.085370;0.122770;-0.341148;,
  0.049434;0.151050;-0.377114;,
  0.046204;0.147340;-0.357746;,
  0.093228;0.127235;-0.362810;,
  0.066651;0.005433;-0.310460;,
  0.061974;0.034085;-0.351750;,
  0.080158;-0.009506;-0.339402;,
  0.054690;0.040648;-0.328620;,
  0.057938;0.032206;-0.269909;,
  0.104858;0.019418;-0.301540;,
  0.080848;0.037470;-0.263561;,
  0.104955;0.045196;-0.344391;,
  0.112811;0.001588;-0.334329;,
  0.097930;0.054339;-0.311290;,
  0.063038;0.083456;-0.286942;,
  0.087030;0.059317;-0.281764;,
  0.023876;0.128477;-0.362213;,
  0.019468;0.130434;-0.379762;,
  0.093228;0.127235;-0.362810;,
  0.019468;0.130434;-0.379762;,
  0.006473;0.094792;0.014827;,
  0.028556;0.095858;-0.080970;,
  0.019851;0.079477;-0.150004;,
  0.033197;0.069646;-0.207105;,
  0.053270;0.052081;-0.293213;,
  0.053270;0.052081;-0.293213;,
  -0.005733;0.077756;0.097664;,
  -0.045822;0.099719;0.487945;,
  -0.069214;0.107714;0.477314;,
  -0.063684;0.111502;0.486320;,
  -0.055537;0.082816;0.474943;,
  -0.040168;0.070884;0.498652;,
  -0.035492;0.047353;0.501294;,
  -0.088094;0.048687;0.612583;,
  -0.118990;0.062094;0.605630;,
  -0.104349;0.036734;0.611433;,
  -0.097265;0.115102;0.564072;,
  -0.114667;0.111707;0.559784;,
  -0.098376;0.097360;0.587878;,
  -0.063052;0.110508;0.507653;,
  -0.042231;0.090406;0.514541;,
  -0.043066;0.088201;0.496229;,
  -0.034865;0.065870;0.543995;,
  -0.048657;0.080340;0.558223;,
  -0.078753;0.089339;0.594624;,
  -0.056554;0.072414;0.593713;,
  -0.067148;0.100353;0.558497;,
  -0.027899;0.050588;0.543458;,
  -0.025565;0.026246;0.543893;,
  -0.050558;-0.003435;0.531637;,
  -0.042631;0.017077;0.588356;,
  -0.063247;-0.008895;0.578953;,
  -0.063749;0.107267;0.537139;,
  -0.077647;0.119581;0.498930;,
  -0.088450;0.119591;0.533223;,
  -0.093581;0.129200;0.474301;,
  -0.101839;0.111604;0.461310;,
  -0.114378;0.127416;0.467610;,
  -0.098892;0.081720;0.602960;,
  -0.070951;0.062141;0.608285;,
  -0.041233;0.040729;0.593978;,
  -0.059101;0.034753;0.608362;,
  -0.069802;0.018858;0.607436;,
  -0.082526;0.007212;0.604290;,
  -0.053316;0.018393;0.498019;,
  -0.041233;0.040729;0.593978;,
  -0.059101;0.034753;0.608362;,
  -0.037860;0.093310;0.518935;,
  -0.032567;0.073264;0.561778;,
  -0.021691;0.075789;0.543643;,
  -0.039283;0.079633;0.543413;,
  -0.021691;0.075789;0.543643;,
  -0.037860;0.093310;0.518935;,
  -0.032567;0.073264;0.561778;,
  -0.048657;0.080340;0.558223;,
  -0.049617;0.093874;0.537027;,
  -0.042231;0.090406;0.514541;,
  -0.091044;0.112096;0.554019;,
  -0.049617;0.093874;0.537027;,
  -0.034169;0.064111;0.456061;,
  -0.045204;0.067879;0.478604;,
  -0.006456;0.069979;0.457718;,
  -0.040168;0.070884;0.498652;,
  -0.061217;0.099066;0.423780;,
  -0.052858;0.107279;0.402707;,
  0.005843;0.122727;0.215411;,
  -0.026635;0.002489;0.132343;,
  -0.023948;0.011821;0.099444;,
  -0.011015;0.006104;0.084898;,
  -0.081531;0.100541;0.456749;,
  -0.005733;0.077756;0.097664;,
  -0.069802;0.018858;0.607436;,
  -0.082526;0.007212;0.604290;,
  -0.099435;0.123116;0.505163;,
  -0.111891;0.116954;0.525867;,
  -0.110895;0.120482;0.516935;,
  -0.125210;0.074841;0.599401;,
  -0.130649;0.092371;0.581779;,
  -0.110009;0.106384;0.548853;,
  -0.018892;0.015941;0.251632;,
  -0.006456;0.069979;0.457718;,
  0.049434;0.151050;-0.377114;,
  -0.109140;0.126900;0.496267;,
  -0.099106;0.124829;0.498785;,
  -0.107659;0.122372;0.499931;,
  -0.123996;0.117980;0.513577;,
  -0.130353;0.122413;0.523609;,
  -0.111080;0.124667;0.504590;,
  -0.117372;0.116521;0.497100;,
  -0.120109;0.123343;0.492046;,
  -0.132068;0.108312;0.555496;,
  -0.128841;0.108447;0.545852;,
  0.043558;0.023913;0.421122;,
  -0.122457;0.121531;0.502327;,
  0.031220;0.051634;0.402895;,
  0.036993;0.068967;0.403338;,
  0.034623;0.096376;0.409193;,
  -0.027899;0.050588;0.543458;,
  0.057663;0.109768;-0.133971;,
  0.009750;0.070518;-0.184743;,
  0.004896;0.097898;-0.114032;,
  0.059729;0.098011;-0.207104;,
  0.051498;0.139438;-0.076228;,
  0.011746;0.123196;-0.066025;,
  0.050884;0.125166;0.019562;,
  0.003734;0.120366;0.026943;,
  0.047858;0.111228;0.118297;,
  0.004543;0.123535;0.114873;,
  0.044467;0.106204;0.161777;,
  0.006080;0.050383;-0.253071;,
  0.063038;0.083456;-0.286942;,
  0.038933;0.001027;-0.200881;,
  -0.020193;-0.007956;-0.288944;,
  0.044643;-0.006736;-0.270469;,
  -0.019516;-0.005325;-0.215483;,
  -0.016868;0.006195;-0.148129;,
  0.032390;0.015226;-0.128071;,
  -0.018443;0.004554;-0.088842;,
  0.032406;0.023657;-0.081408;,
  0.022176;0.006072;0.003963;,
  -0.015519;0.007605;0.004906;,
  -0.024152;0.010686;0.072099;,
  0.031220;0.051634;0.402895;,
  -0.127795;0.085970;0.391208;,
  -0.085824;0.100200;0.394409;,
  -0.130584;0.092617;0.368914;,
  -0.091714;0.081011;0.421837;,
  -0.124899;0.106546;0.349669;,
  -0.078714;0.131817;0.332619;,
  -0.116127;0.104224;0.320478;,
  -0.081602;0.120638;0.364692;,
  -0.100658;0.041957;0.436040;,
  -0.135851;0.020028;0.396935;,
  -0.111304;0.014764;0.408356;,
  -0.123333;0.039872;0.412113;,
  -0.098775;0.055114;0.192864;,
  -0.063634;0.026323;0.197371;,
  -0.090836;0.055418;0.202740;,
  -0.065021;0.021992;0.183588;,
  -0.071953;0.107044;0.213690;,
  -0.088240;0.096450;0.185802;,
  -0.037150;0.129892;0.215595;,
  -0.066774;0.124501;0.168062;,
  -0.034618;0.128045;0.161512;,
  -0.022036;0.015893;0.196630;,
  -0.024214;0.011830;0.179582;,
  -0.076775;0.014542;0.285795;,
  -0.036826;-0.005878;0.334435;,
  -0.090888;0.003669;0.319566;,
  -0.027913;0.003577;0.299022;,
  -0.071194;0.133226;0.112172;,
  -0.118951;0.083373;0.015739;,
  -0.097097;0.091277;0.113688;,
  -0.091631;0.122077;0.012419;,
  -0.100427;0.117142;-0.078760;,
  -0.114479;0.066031;-0.076712;,
  -0.024030;0.124348;0.106111;,
  -0.021512;0.038421;0.011501;,
  -0.038704;0.112329;0.007830;,
  -0.031200;0.030783;0.078488;,
  -0.051655;0.045155;-0.080398;,
  -0.061883;0.086194;-0.083919;,
  -0.099298;0.021769;0.019488;,
  -0.084492;0.039537;0.093342;,
  -0.090081;0.033359;-0.073414;,
  -0.124136;0.021073;-0.348105;,
  -0.065602;0.006901;-0.350321;,
  -0.093854;-0.012578;-0.344205;,
  -0.089747;0.048900;-0.356354;,
  -0.099763;0.090697;-0.132529;,
  -0.124679;0.048342;-0.204138;,
  -0.121088;0.053922;-0.129720;,
  -0.105359;0.084444;-0.206153;,
  -0.122130;0.041425;-0.282875;,
  -0.115492;0.074890;-0.286159;,
  -0.055208;0.079295;-0.154650;,
  -0.054095;0.030428;-0.202265;,
  -0.070042;0.069129;-0.211323;,
  -0.038968;0.028582;-0.138183;,
  -0.082438;0.034044;-0.275788;,
  -0.092623;0.061182;-0.295797;,
  -0.113229;0.012257;-0.196895;,
  -0.106334;0.007239;-0.122838;,
  -0.103837;0.025463;-0.267736;,
  -0.093867;0.098645;0.156470;,
  -0.024030;0.124348;0.106111;,
  -0.109394;0.048737;0.140605;,
  -0.067351;0.012960;0.134745;,
  -0.090707;0.044911;0.100583;,
  -0.051247;0.023545;0.098060;,
  -0.064262;0.026049;0.243812;,
  -0.104525;0.036448;0.278628;,
  -0.114869;0.054339;0.282656;,
  -0.076409;0.104270;0.252379;,
  -0.091085;0.056411;0.241828;,
  -0.103627;0.106082;0.294029;,
  -0.066389;0.137023;0.304781;,
  -0.048998;0.129430;0.256682;,
  -0.182185;0.076968;0.368728;,
  -0.154046;0.055645;0.328118;,
  -0.231714;0.070414;0.360433;,
  -0.267599;0.041084;0.297134;,
  -0.283366;0.058081;0.339841;,
  -0.211773;0.049523;0.307937;,
  -0.164260;-0.001763;0.345779;,
  -0.212395;-0.011991;0.332045;,
  -0.211773;0.049523;0.307937;,
  -0.262186;-0.009027;0.318428;,
  -0.267599;0.041084;0.297134;,
  -0.166375;-0.005821;0.356147;,
  -0.232095;0.008897;0.384765;,
  -0.183304;0.015265;0.391968;,
  -0.277920;0.007867;0.361014;,
  -0.184273;0.052674;0.386097;,
  -0.308670;0.062924;0.333193;,
  -0.353476;0.040520;0.271515;,
  -0.360517;0.054406;0.304756;,
  -0.293713;0.041667;0.281961;,
  -0.392666;0.032518;0.262092;,
  -0.404791;0.044443;0.283340;,
  -0.293713;0.041667;0.281961;,
  -0.355073;-0.008863;0.300371;,
  -0.353476;0.040520;0.271515;,
  -0.292607;-0.016435;0.305601;,
  -0.398529;0.001986;0.285692;,
  -0.392666;0.032518;0.262092;,
  -0.360178;0.002130;0.325811;,
  -0.307481;0.004537;0.356641;,
  -0.406626;0.009739;0.297792;,
  -0.515660;0.035846;0.211165;,
  -0.494493;-0.010709;0.236490;,
  -0.512272;0.000137;0.242605;,
  -0.497524;0.025259;0.204617;,
  -0.460188;0.045982;0.207813;,
  -0.471837;0.051283;0.218614;,
  -0.460434;0.057174;0.211098;,
  -0.470477;0.043182;0.211293;,
  -0.427821;-0.008111;0.268187;,
  -0.448505;0.039280;0.237020;,
  -0.415764;0.027643;0.235808;,
  -0.464527;-0.004059;0.262519;,
  -0.477727;0.007912;0.271494;,
  -0.439304;0.016896;0.294153;,
  -0.426182;0.054999;0.261320;,
  -0.461758;0.049804;0.247513;,
  -0.149936;0.023990;0.405151;,
  -0.163244;0.050765;0.404956;,
  -0.123333;0.039872;0.412113;,
  -0.128266;0.062173;0.410611;,
  -0.125585;0.023976;0.313809;,
  -0.106647;0.069034;0.429232;,
  -0.158845;0.073622;0.388810;,
  -0.130584;0.092617;0.368914;,
  -0.152771;0.072238;0.358896;,
  -0.127795;0.085970;0.391208;,
  -0.143807;0.018765;0.350574;,
  -0.147590;0.021792;0.354609;,
  -0.103390;0.002878;0.353286;,
  -0.047573;-0.003840;0.368039;,
  -0.065747;0.017674;0.421083;,
  -0.135851;0.020028;0.396935;,
  -0.147590;0.021792;0.354609;,
  -0.125289;0.073818;0.341461;,
  -0.154046;0.055645;0.328118;,
  -0.143812;0.029107;0.347390;,
  -0.124431;0.056248;0.313613;,
  -0.114536;0.090073;0.316322;,
  -0.124899;0.106546;0.349669;,
  -0.131445;0.040765;0.312975;,
  -0.415764;0.027643;0.235808;,
  -0.106905;0.053639;0.456433;,
  -0.094155;0.035717;0.458658;,
  -0.074339;0.035492;0.447580;,
  -0.069842;0.032939;0.467890;,
  -0.461758;0.049804;0.247513;,
  -0.515660;0.035846;0.211165;,
  -0.512272;0.000137;0.242605;,
  -0.442474;0.038117;0.212563;,
  -0.447166;0.059951;0.225687;,
  -0.442474;0.038117;0.212563;,
  -0.457289;0.035184;0.221982;,
  -0.458428;0.049618;0.241885;,
  -0.458428;0.049618;0.241885;,
  -0.460188;0.045982;0.207813;,
  -0.460434;0.057174;0.211098;,
  -0.471837;0.051283;0.218614;,
  -0.172444;0.083363;-0.334028;,
  -0.176056;0.132278;-0.365317;,
  -0.182933;0.081925;-0.354976;,
  -0.169233;0.130743;-0.346598;,
  -0.066088;0.023902;-0.319434;,
  -0.089747;0.048900;-0.356354;,
  -0.088090;0.056450;-0.332450;,
  -0.065602;0.006901;-0.350321;,
  -0.082438;0.034044;-0.275788;,
  -0.099633;0.001438;-0.309184;,
  -0.103837;0.025463;-0.267736;,
  -0.124136;0.021073;-0.348105;,
  -0.123660;0.029048;-0.313976;,
  -0.093854;-0.012578;-0.344205;,
  -0.115492;0.074890;-0.286159;,
  -0.122130;0.041425;-0.282875;,
  -0.141193;0.137302;-0.353312;,
  -0.141766;0.143622;-0.370369;,
  -0.182933;0.081925;-0.354976;,
  -0.141766;0.143622;-0.370369;,
  -0.038704;0.112329;0.007830;,
  -0.061883;0.086194;-0.083919;,
  -0.055208;0.079295;-0.154650;,
  -0.070042;0.069129;-0.211323;,
  -0.092623;0.061182;-0.295797;,
  -0.092623;0.061182;-0.295797;,
  -0.119928;0.051105;0.462461;,
  -0.115161;0.077572;0.461514;,
  -0.103332;0.071786;0.457769;,
  -0.123982;0.071946;0.465584;,
  -0.101901;0.030387;0.477423;,
  -0.084502;0.015203;0.484441;,
  -0.119725;0.027937;0.601706;,
  -0.104349;0.036734;0.611433;,
  -0.151775;0.079344;0.545327;,
  -0.146992;0.065468;0.571160;,
  -0.141922;0.093828;0.550411;,
  -0.132799;0.064754;0.483668;,
  -0.124897;0.036177;0.486114;,
  -0.114652;0.041240;0.471612;,
  -0.119338;0.010456;0.514947;,
  -0.133895;0.024424;0.528911;,
  -0.148913;0.043315;0.570497;,
  -0.145583;0.048900;0.531525;,
  -0.140640;0.017253;0.564798;,
  -0.108182;-0.002078;0.515851;,
  -0.088432;-0.014995;0.522274;,
  -0.050558;-0.003435;0.531637;,
  -0.095436;-0.017564;0.570197;,
  -0.063247;-0.008895;0.578953;,
  -0.142946;0.055314;0.509905;,
  -0.144447;0.082857;0.513967;,
  -0.132357;0.083691;0.480116;,
  -0.124924;0.108639;0.463523;,
  -0.140290;0.054563;0.588724;,
  -0.134211;0.020642;0.586531;,
  -0.118379;-0.009879;0.567449;,
  -0.114496;-0.001586;0.589312;,
  -0.082526;0.007212;0.604290;,
  -0.097499;0.000689;0.597911;,
  -0.053316;0.018393;0.498019;,
  -0.118379;-0.009879;0.567449;,
  -0.114496;-0.001586;0.589312;,
  -0.130582;0.032484;0.487050;,
  -0.134169;0.006613;0.526839;,
  -0.129451;0.020482;0.512406;,
  -0.131425;0.003804;0.505908;,
  -0.131425;0.003804;0.505908;,
  -0.130582;0.032484;0.487050;,
  -0.134169;0.006613;0.526839;,
  -0.133895;0.024424;0.528911;,
  -0.135668;0.037425;0.507435;,
  -0.124897;0.036177;0.486114;,
  -0.146577;0.075666;0.534922;,
  -0.135668;0.037425;0.507435;,
  -0.106647;0.069034;0.429232;,
  -0.106905;0.053639;0.456433;,
  -0.128266;0.062173;0.410611;,
  -0.101901;0.030387;0.477423;,
  -0.026635;0.002489;0.132343;,
  -0.023948;0.011821;0.099444;,
  -0.011015;0.006104;0.084898;,
  -0.005733;0.077756;0.097664;,
  -0.097499;0.000689;0.597911;,
  -0.082526;0.007212;0.604290;,
  -0.131769;0.101904;0.494044;,
  -0.132113;0.103688;0.518913;,
  -0.131425;0.107014;0.509876;,
  -0.133915;0.090702;0.540633;,
  -0.018892;0.015941;0.251632;,
  -0.128266;0.062173;0.410611;,
  -0.176056;0.132278;-0.365317;,
  -0.130484;0.104245;0.487995;,
  -0.128196;0.114399;0.489714;,
  -0.126418;0.110066;0.493480;,
  -0.129434;0.112627;0.498279;,
  -0.143812;0.029107;0.347390;,
  -0.121785;0.056917;0.342718;,
  -0.125289;0.073818;0.341461;,
  -0.124899;0.106546;0.349669;,
  -0.108182;-0.002078;0.515851;,
  -0.056762;0.110238;-0.114164;,
  -0.035016;0.075811;-0.180008;,
  -0.074719;0.089355;-0.184891;,
  -0.025849;0.099591;-0.108147;,
  -0.056021;0.129710;-0.069672;,
  -0.018041;0.121974;-0.060799;,
  -0.034566;0.136473;0.020699;,
  -0.009037;0.127917;0.026619;,
  -0.020680;0.148368;0.107919;,
  -0.000302;0.138832;0.111053;,
  0.008446;0.129812;0.156450;,
  -0.034618;0.128045;0.161512;,
  -0.042370;0.058988;-0.242498;,
  -0.086061;0.073554;-0.252989;,
  -0.052579;0.004929;-0.285305;,
  -0.113229;0.012257;-0.196895;,
  -0.103824;0.025468;-0.267737;,
  -0.048363;0.009159;-0.210175;,
  -0.106334;0.007239;-0.122838;,
  -0.042571;0.011891;-0.141198;,
  -0.034386;0.014726;-0.080281;,
  -0.090081;0.033359;-0.073414;,
  -0.099298;0.021769;0.019488;,
  -0.014861;0.022232;0.011862;,
  -0.023948;0.011821;0.099444;,
  -0.051247;0.023545;0.098060;,
  -0.121785;0.056917;0.342718;,
  -0.071194;0.133226;0.112172;,
  -0.091631;0.122077;0.012419;,
  -0.100427;0.117142;-0.078760;,
  -0.099763;0.090697;-0.132529;,
  -0.105359;0.084444;-0.206153;,
  -0.115492;0.074890;-0.286159;,
  0.099776;0.037759;0.007725;,
  0.024207;-0.001165;0.094778;,
  0.079202;0.020606;0.085948;,
  0.076614;0.059217;-0.076265;,
  0.097753;0.037156;-0.119048;,
  0.096468;0.036157;-0.193576;,
  0.080848;0.037470;-0.263561;,
  -0.084492;0.039537;0.093342;;
  916;
  3;0,1,2;,
  3;1,0,3;,
  3;4,5,6;,
  3;5,4,7;,
  3;8,9,10;,
  3;9,8,11;,
  3;12,13,14;,
  3;13,12,15;,
  3;16,12,17;,
  3;12,16,15;,
  3;18,19,20;,
  3;19,18,16;,
  3;6,21,22;,
  3;21,6,5;,
  3;14,23,24;,
  3;23,14,13;,
  3;25,26,27;,
  3;26,25,28;,
  3;29,30,31;,
  3;30,29,32;,
  3;30,33,31;,
  3;33,30,34;,
  3;35,36,37;,
  3;36,35,38;,
  3;38,39,36;,
  3;39,38,40;,
  3;37,41,42;,
  3;41,37,36;,
  3;36,43,41;,
  3;43,36,39;,
  3;42,30,32;,
  3;30,42,41;,
  3;41,34,30;,
  3;34,41,43;,
  3;44,45,46;,
  3;45,44,47;,
  3;48,49,50;,
  3;49,48,51;,
  3;50,52,53;,
  3;52,50,49;,
  3;54,55,56;,
  3;55,54,57;,
  3;57,58,55;,
  3;58,57,59;,
  3;56,60,61;,
  3;60,56,55;,
  3;55,62,60;,
  3;62,55,58;,
  3;61,49,51;,
  3;49,61,60;,
  3;60,52,49;,
  3;52,60,62;,
  3;32,19,63;,
  3;19,32,29;,
  3;64,65,66;,
  3;65,64,20;,
  3;14,67,12;,
  3;67,14,68;,
  3;68,69,67;,
  3;69,68,70;,
  3;70,42,69;,
  3;42,70,37;,
  3;48,34,51;,
  3;34,48,33;,
  3;51,43,61;,
  3;43,51,34;,
  3;43,56,61;,
  3;56,43,39;,
  3;39,54,56;,
  3;54,39,40;,
  3;12,63,17;,
  3;63,12,67;,
  3;67,32,63;,
  3;32,67,69;,
  3;69,42,32;,
  3;71,72,25;,
  3;73,74,75;,
  3;74,73,76;,
  3;74,77,75;,
  3;77,74,78;,
  3;79,78,80;,
  3;78,79,77;,
  3;81,82,83;,
  3;82,84,85;,
  3;84,82,86;,
  3;87,88,89;,
  3;88,90,89;,
  3;90,88,91;,
  3;92,93,94;,
  3;92,89,93;,
  3;92,87,89;,
  3;89,95,93;,
  3;95,89,90;,
  3;96,93,82;,
  3;93,86,82;,
  3;86,93,95;,
  3;97,98,99;,
  3;98,97,100;,
  3;100,101,98;,
  3;101,100,102;,
  3;103,104,105;,
  3;104,103,106;,
  3;106,107,104;,
  3;107,106,108;,
  3;105,109,110;,
  3;109,105,104;,
  3;104,111,109;,
  3;111,104,107;,
  3;110,100,97;,
  3;100,110,109;,
  3;109,102,100;,
  3;102,109,111;,
  3;112,113,114;,
  3;113,112,115;,
  3;116,117,118;,
  3;117,116,119;,
  3;120,121,122;,
  3;121,120,123;,
  3;120,124,125;,
  3;124,120,122;,
  3;126,124,127;,
  3;124,126,125;,
  3;95,97,86;,
  3;97,95,110;,
  3;86,99,84;,
  3;99,86,97;,
  3;90,103,105;,
  3;103,90,91;,
  3;105,95,90;,
  3;95,105,110;,
  3;128,96,129;,
  3;96,128,94;,
  3;129,130,128;,
  3;130,129,131;,
  3;72,28,25;,
  3;28,72,132;,
  3;10,133,8;,
  3;134,135,136;,
  3;135,134,137;,
  3;81,137,134;,
  3;138,11,139;,
  3;138,9,11;,
  3;138,140,9;,
  3;141,11,142;,
  3;11,141,139;,
  3;128,130,143;,
  3;94,144,92;,
  3;94,143,144;,
  3;94,128,143;,
  3;145,87,146;,
  3;87,145,147;,
  3;75,148,73;,
  3;148,75,149;,
  3;150,147,145;,
  3;7,149,75;,
  3;148,151,73;,
  3;102,152,101;,
  3;152,102,126;,
  3;102,125,126;,
  3;125,102,111;,
  3;111,120,125;,
  3;120,111,107;,
  3;120,108,123;,
  3;108,120,107;,
  3;8,153,154;,
  3;153,8,133;,
  3;154,155,8;,
  3;155,154,156;,
  3;122,114,113;,
  3;114,122,121;,
  3;121,112,114;,
  3;112,121,157;,
  3;158,124,159;,
  3;124,158,127;,
  3;159,122,113;,
  3;122,159,124;,
  3;126,160,152;,
  3;160,126,161;,
  3;162,121,123;,
  3;121,162,163;,
  3;121,164,157;,
  3;164,121,163;,
  3;165,126,127;,
  3;126,165,161;,
  3;161,166,160;,
  3;166,161,167;,
  3;162,118,163;,
  3;118,162,116;,
  3;163,117,164;,
  3;117,163,118;,
  3;165,167,161;,
  3;167,165,168;,
  3;169,170,171;,
  3;170,169,172;,
  3;173,174,175;,
  3;174,173,176;,
  3;177,178,179;,
  3;178,177,173;,
  3;180,178,181;,
  3;178,180,182;,
  3;183,169,171;,
  3;169,183,184;,
  3;174,185,186;,
  3;185,174,176;,
  3;46,187,44;,
  3;187,46,188;,
  3;180,169,182;,
  3;169,180,172;,
  3;20,29,65;,
  3;19,29,20;,
  3;29,31,189;,
  3;31,190,189;,
  3;190,31,33;,
  3;33,191,190;,
  3;191,33,48;,
  3;191,50,192;,
  3;50,191,48;,
  3;192,53,193;,
  3;53,192,50;,
  3;194,171,185;,
  3;171,194,183;,
  3;171,186,185;,
  3;186,171,170;,
  3;185,176,194;,
  3;194,173,177;,
  3;173,194,176;,
  3;178,175,181;,
  3;175,178,173;,
  3;179,182,184;,
  3;182,179,178;,
  3;182,169,184;,
  3;16,17,19;,
  3;17,63,19;,
  3;65,195,66;,
  3;196,197,198;,
  3;197,196,199;,
  3;200,154,153;,
  3;154,200,201;,
  3;202,203,204;,
  3;205,206,207;,
  3;196,208,209;,
  3;208,196,198;,
  3;210,209,211;,
  3;209,210,196;,
  3;212,213,214;,
  3;213,212,215;,
  3;212,214,211;,
  3;201,216,217;,
  3;216,201,200;,
  3;218,219,220;,
  3;219,218,217;,
  3;210,199,196;,
  3;213,205,207;,
  3;221,222,223;,
  3;198,197,224;,
  3;224,225,226;,
  3;225,224,197;,
  3;227,213,207;,
  3;228,229,214;,
  3;229,228,230;,
  3;220,231,232;,
  3;213,228,214;,
  3;156,201,233;,
  3;201,156,154;,
  3;233,217,218;,
  3;217,233,201;,
  3;219,217,234;,
  3;235,219,234;,
  3;236,237,238;,
  3;237,236,239;,
  3;209,240,211;,
  3;240,209,241;,
  3;211,242,212;,
  3;242,211,240;,
  3;243,239,244;,
  3;239,243,237;,
  3;244,236,245;,
  3;236,244,239;,
  3;246,221,223;,
  3;221,246,215;,
  3;221,212,247;,
  3;212,221,215;,
  3;199,248,2;,
  3;248,199,249;,
  3;133,10,250;,
  3;249,210,251;,
  3;210,249,199;,
  3;210,211,251;,
  3;252,1,253;,
  3;1,252,2;,
  3;20,254,18;,
  3;254,20,64;,
  3;24,68,14;,
  3;68,24,255;,
  3;68,256,70;,
  3;256,68,255;,
  3;256,37,70;,
  3;37,256,257;,
  3;258,2,252;,
  3;2,258,199;,
  3;257,259,37;,
  3;37,259,35;,
  3;260,204,261;,
  3;204,260,202;,
  3;262,263,223;,
  3;263,262,264;,
  3;197,258,225;,
  3;258,197,199;,
  3;265,203,227;,
  3;265,207,266;,
  3;207,265,227;,
  3;223,267,246;,
  3;267,223,263;,
  3;88,87,147;,
  3;83,82,85;,
  3;78,16,18;,
  3;16,78,74;,
  3;74,15,16;,
  3;15,74,76;,
  3;15,71,13;,
  3;71,15,76;,
  3;13,268,23;,
  3;268,13,71;,
  3;248,269,2;,
  3;2,269,0;,
  3;136,129,134;,
  3;129,136,131;,
  3;134,96,81;,
  3;96,134,129;,
  3;96,82,81;,
  3;93,96,94;,
  3;29,189,65;,
  3;205,215,246;,
  3;267,205,246;,
  3;205,267,206;,
  3;205,213,215;,
  3;187,188,270;,
  3;224,271,272;,
  3;222,221,208;,
  3;224,222,198;,
  3;272,273,262;,
  3;273,272,271;,
  3;263,274,275;,
  3;273,276,262;,
  3;277,271,278;,
  3;271,277,273;,
  3;222,272,262;,
  3;272,222,224;,
  3;222,208,198;,
  3;209,221,247;,
  3;221,209,208;,
  3;223,222,262;,
  3;266,206,279;,
  3;206,266,207;,
  3;206,280,279;,
  3;280,206,267;,
  3;280,263,275;,
  3;263,280,267;,
  3;264,262,276;,
  3;76,73,72;,
  3;138,281,140;,
  3;73,132,72;,
  3;132,73,151;,
  3;72,71,76;,
  3;271,226,278;,
  3;155,11,8;,
  3;276,277,282;,
  3;277,276,273;,
  3;274,276,282;,
  3;276,274,264;,
  3;28,141,26;,
  3;141,28,139;,
  3;139,132,138;,
