xof 0303txt 0032
template ColorRGBA {
 <35ff44e0-6c7c-11cf-8f52-0040333594a3>
 FLOAT red;
 FLOAT green;
 FLOAT blue;
 FLOAT alpha;
}

template ColorRGB {
 <d3e16e81-7835-11cf-8f52-0040333594a3>
 FLOAT red;
 FLOAT green;
 FLOAT blue;
}

template Material {
 <3d82ab4d-62da-11cf-ab39-0020af71e433>
 ColorRGBA faceColor;
 FLOAT power;
 ColorRGB specularColor;
 ColorRGB emissiveColor;
 [...]
}

template TextureFilename {
 <a42790e1-7810-11cf-8f52-0040333594a3>
 STRING filename;
}

template Frame {
 <3d82ab46-62da-11cf-ab39-0020af71e433>
 [...]
}

template Matrix4x4 {
 <f6f23f45-7686-11cf-8f52-0040333594a3>
 array FLOAT matrix[16];
}

template FrameTransformMatrix {
 <f6f23f41-7686-11cf-8f52-0040333594a3>
 Matrix4x4 frameMatrix;
}

template Vector {
 <3d82ab5e-62da-11cf-ab39-0020af71e433>
 FLOAT x;
 FLOAT y;
 FLOAT z;
}

template MeshFace {
 <3d82ab5f-62da-11cf-ab39-0020af71e433>
 DWORD nFaceVertexIndices;
 array DWORD faceVertexIndices[nFaceVertexIndices];
}

template Mesh {
 <3d82ab44-62da-11cf-ab39-0020af71e433>
 DWORD nVertices;
 array Vector vertices[nVertices];
 DWORD nFaces;
 array MeshFace faces[nFaces];
 [...]
}

template MeshNormals {
 <f6f23f43-7686-11cf-8f52-0040333594a3>
 DWORD nNormals;
 array Vector normals[nNormals];
 DWORD nFaceNormals;
 array MeshFace faceNormals[nFaceNormals];
}

template MeshMaterialList {
 <f6f23f42-7686-11cf-8f52-0040333594a3>
 DWORD nMaterials;
 DWORD nFaceIndexes;
 array DWORD faceIndexes[nFaceIndexes];
 [Material <3d82ab4d-62da-11cf-ab39-0020af71e433>]
}

template Coords2d {
 <f6f23f44-7686-11cf-8f52-0040333594a3>
 FLOAT u;
 FLOAT v;
}

template MeshTextureCoords {
 <f6f23f40-7686-11cf-8f52-0040333594a3>
 DWORD nTextureCoords;
 array Coords2d textureCoords[nTextureCoords];
}

template XSkinMeshHeader {
 <3cf169ce-ff7c-44ab-93c0-f78f62d172e2>
 WORD nMaxSkinWeightsPerVertex;
 WORD nMaxSkinWeightsPerFace;
 WORD nBones;
}

template SkinWeights {
 <6f0d123b-bad2-4167-a0d0-80224f25fabb>
 STRING transformNodeName;
 DWORD nWeights;
 array DWORD vertexIndices[nWeights];
 array FLOAT weights[nWeights];
 Matrix4x4 matrixOffset;
}

template AnimTicksPerSecond {
 <9e415a43-7ba6-4a73-8743-b73d47e88476>
 DWORD AnimTicksPerSecond;
}

template Animation {
 <3d82ab4f-62da-11cf-ab39-0020af71e433>
 [...]
}

template AnimationSet {
 <3d82ab50-62da-11cf-ab39-0020af71e433>
 [Animation <3d82ab4f-62da-11cf-ab39-0020af71e433>]
}

template FloatKeys {
 <10dd46a9-775b-11cf-8f52-0040333594a3>
 DWORD nValues;
 array FLOAT values[nValues];
}

template TimedFloatKeys {
 <f406b180-7b3b-11cf-8f52-0040333594a3>
 DWORD time;
 FloatKeys tfkeys;
}

template AnimationKey {
 <10dd46a8-775b-11cf-8f52-0040333594a3>
 DWORD keyType;
 DWORD nKeys;
 array TimedFloatKeys keys[nKeys];
}


Material Material__270 {
 1.000000;1.000000;1.000000;1.000000;;
 100.000000;
 0.200000;0.200000;0.200000;;
 0.000000;0.000000;0.000000;;

 TextureFilename {
  "GardenBasket.png";
 }
}

Frame Dummy01 {
 

 FrameTransformMatrix {
  1.000000,0.000000,0.000000,0.000000,0.000000,-0.000000,-1.000000,0.000000,0.000000,1.000000,-0.000000,0.000000,0.000000,0.000000,0.000000,1.000000;;
 }

 Frame Bip01 {
  

  FrameTransformMatrix {
   -0.087155,0.982405,-0.165183,0.000000,-0.000001,0.165814,0.986157,0.000000,0.996195,0.085949,-0.014450,0.000000,-0.010000,-0.012284,0.490453,1.000000;;
  }

  Frame Bip01_Pelvis {
   

   FrameTransformMatrix {
    0.000000,1.000000,-0.000001,0.000000,-0.000001,0.000001,1.000000,0.000000,1.000000,0.000000,0.000001,0.000000,0.000000,0.000000,0.000000,1.000000;;
   }

   Frame Bip01_Spine {
    

    FrameTransformMatrix {
     0.984686,0.000002,-0.174337,0.000000,-0.000001,1.000000,0.000004,0.000000,0.174337,-0.000004,0.984686,0.000000,0.051619,0.000000,-0.000083,1.000000;;
    }

    Frame Bip01_Spine1 {
     

     FrameTransformMatrix {
      0.997819,0.052687,0.039774,0.000000,-0.044862,0.983198,-0.176942,0.000000,-0.048428,0.174771,0.983417,0.000000,0.106484,-0.000015,-0.000083,1.000000;;
     }

     Frame Bip01_Neck {
      

      FrameTransformMatrix {
       0.966067,-0.020835,0.257451,0.000000,0.025191,0.999590,-0.013632,0.000000,-0.257061,0.019655,0.966195,0.000000,0.130511,-0.000001,0.004626,1.000000;;
      }

      Frame Bip01_Head {
       

       FrameTransformMatrix {
        0.989321,-0.051753,-0.136255,0.000000,0.064251,0.993958,0.088989,0.000000,0.130826,-0.096793,0.986669,0.000000,0.033674,-0.000000,-0.000000,1.000000;;
       }
      }

      Frame Bip01_L_Clavicle {
       

       FrameTransformMatrix {
        -0.205975,0.976135,0.068811,0.000000,0.943873,0.216738,-0.249254,0.000000,-0.258220,0.013609,-0.965990,0.000000,-0.024734,0.015166,0.002017,1.000000;;
       }

       Frame Bip01_L_UpperArm {
        

        FrameTransformMatrix {
         0.385871,-0.777669,0.496320,0.000000,0.922466,0.332598,-0.196046,0.000000,-0.012616,0.533487,0.845714,0.000000,0.087086,-0.000000,0.000000,1.000000;;
        }

        Frame Bip01_L_Forearm {
         

         FrameTransformMatrix {
          0.943939,0.000000,-0.330119,0.000000,0.000000,1.000000,-0.000000,0.000000,0.330119,-0.000000,0.943939,0.000000,0.137062,-0.000000,0.000000,1.000000;;
         }

         Frame Bip01_L_Hand {
          

          FrameTransformMatrix {
           1.000000,-0.000000,0.000000,0.000000,0.000000,0.000796,1.000000,0.000000,0.000000,-1.000000,0.000796,0.000000,0.137062,0.000000,0.000000,1.000000;;
          }

          Frame Bip01_L_Finger0 {
           

           FrameTransformMatrix {
            0.690342,-0.181727,0.700288,0.000000,0.558537,0.749101,-0.356210,0.000000,-0.459853,0.637043,0.618637,0.000000,0.057681,-0.023605,-0.000272,1.000000;;
           }
          }

          Frame Bip01_L_Finger1 {
           

           FrameTransformMatrix {
            0.728079,-0.000546,0.685493,0.000000,0.000000,1.000000,0.000796,0.000000,-0.685493,-0.000580,0.728079,0.000000,0.084102,0.000000,0.000000,1.000000;;
           }
          }
         }
        }
       }
      }

      Frame Bip01_R_Clavicle {
       

       FrameTransformMatrix {
        -0.028509,-0.999573,-0.006461,0.000000,-0.965665,0.025871,0.258498,0.000000,-0.258220,0.013609,-0.965990,0.000000,-0.024080,-0.016250,0.001399,1.000000;;
       }

       Frame Bip01_R_UpperArm {
        

        FrameTransformMatrix {
         0.221390,0.975047,0.016433,0.000000,-0.974986,0.221654,-0.016512,0.000000,-0.019742,-0.012366,0.999729,0.000000,0.087086,0.000000,0.000000,1.000000;;
        }

        Frame Bip01_R_Forearm {
         

         FrameTransformMatrix {
          0.915660,-0.000000,-0.401954,0.000000,-0.000000,1.000000,-0.000000,0.000000,0.401954,-0.000000,0.915660,0.000000,0.137062,0.000000,-0.000000,1.000000;;
         }

         Frame Bip01_R_Hand {
          

          FrameTransformMatrix {
           0.975195,-0.000000,-0.221346,0.000000,-0.221346,0.000796,-0.975195,0.000000,0.000176,1.000000,0.000777,0.000000,0.137062,0.000000,0.000000,1.000000;;
          }

          Frame Bip01_R_Finger0 {
           

           FrameTransformMatrix {
            0.417774,-0.116941,0.900994,0.000000,-0.558537,0.749101,0.356210,0.000000,-0.716591,-0.652054,0.247639,0.000000,0.057681,0.023605,-0.000272,1.000000;;
           }
          }

          Frame Bip01_R_Finger1 {
           

           FrameTransformMatrix {
            0.352436,0.000745,0.935835,0.000000,-0.000000,1.000000,-0.000796,0.000000,-0.935836,0.000281,0.352436,0.000000,0.084102,0.000000,0.000000,1.000000;;
           }
          }
         }
        }
       }
      }
     }

     Frame Bip01_BackPack {
      

      FrameTransformMatrix {
       0.180560,0.080500,-0.980264,0.000000,0.047560,0.994764,0.090451,0.000000,0.982413,-0.062954,0.175786,0.000000,0.063697,0.000003,-0.088856,1.000000;;
      }
     }
    }

    Frame Bip01_L_Thigh {
     

     FrameTransformMatrix {
      -0.888504,0.030427,0.457858,0.000000,-0.032107,-0.999476,0.004114,0.000000,0.457744,-0.011045,0.889016,0.000000,-0.050843,0.055225,-0.008917,1.000000;;
     }

     Frame Bip01_L_Calf {
      

      FrameTransformMatrix {
       0.942235,-0.000000,-0.334952,0.000000,-0.000000,1.000000,-0.000000,0.000000,0.334952,0.000000,0.942235,0.000000,0.237500,0.000000,-0.000000,1.000000;;
      }

      Frame Bip01_L_Foot {
       

       FrameTransformMatrix {
        0.924325,-0.026487,0.380687,0.000000,-0.068962,0.969570,0.234901,0.000000,-0.375325,-0.243378,0.894371,0.000000,0.206841,-0.000000,0.000000,1.000000;;
       }

       Frame Bip01_L_Toe0 {
        

        FrameTransformMatrix {
         0.000000,0.000000,1.000000,0.000000,0.000000,1.000000,-0.000000,0.000000,-1.000000,0.000000,0.000000,0.000000,0.065373,0.000000,0.066450,1.000000;;
        }
       }
      }
     }
    }

    Frame Bip01_R_Thigh {
     

     FrameTransformMatrix {
      -0.996965,0.030321,-0.071704,0.000000,-0.029454,-0.999480,-0.013113,0.000000,-0.072065,-0.010961,0.997340,0.000000,-0.050843,-0.055225,-0.008917,1.000000;;
     }

     Frame Bip01_R_Calf {
      

      FrameTransformMatrix {
       0.730239,0.000000,-0.683192,0.000000,0.000000,1.000000,0.000000,0.000000,0.683192,-0.000000,0.730239,0.000000,0.237500,0.000000,0.000000,1.000000;;
      }

      Frame Bip01_R_Foot {
       

       FrameTransformMatrix {
        0.991957,0.087165,-0.091782,0.000000,-0.093276,0.993546,-0.064539,0.000000,0.085565,0.072581,0.993685,0.000000,0.206841,-0.000000,0.000000,1.000000;;
       }

       Frame Bip01_R_Toe0 {
        

        FrameTransformMatrix {
         0.000000,0.000000,1.000000,0.000000,0.000000,1.000000,-0.000000,0.000000,-1.000000,0.000000,0.000000,0.000000,0.065373,0.000000,0.066450,1.000000;;
        }
       }
      }
     }
    }
   }

   Frame Bip01_DressFront {
    

    FrameTransformMatrix {
     -0.880185,-0.088339,0.466338,0.000000,0.121847,0.907542,0.401896,0.000000,-0.458725,0.410564,-0.788041,0.000000,-0.043935,0.001339,0.061057,1.000000;;
    }

    Frame Bip01_DressFront02 {
     

     FrameTransformMatrix {
      0.912593,0.000001,0.408870,0.000000,-0.000001,1.000000,-0.000000,0.000000,-0.408870,-0.000000,0.912593,0.000000,0.183378,-0.000000,-0.000120,1.000000;;
     }
    }
   }

   Frame Bip01_DressBack {
    

    FrameTransformMatrix {
     -0.886023,0.038029,0.462080,0.000000,0.191625,0.937561,0.290274,0.000000,-0.422190,0.345735,-0.837988,0.000000,-0.047673,-0.000048,-0.078302,1.000000;;
    }

    Frame Bip01_DressBack02 {
     

     FrameTransformMatrix {
      0.936852,0.174932,-0.302833,0.000000,-0.166408,0.984581,0.053939,0.000000,0.307600,-0.000139,0.951516,0.000000,0.176125,0.000000,-0.000103,1.000000;;
     }
    }
   }
  }

  Frame Bip01_Prop1 {
   

   FrameTransformMatrix {
    -0.233929,-0.108090,0.966226,0.000000,0.687222,0.684611,0.242967,0.000000,-0.687752,0.720850,-0.085868,0.000000,0.108125,-0.048422,-0.137969,1.000000;;
   }
  }

  Frame Bip01_Prop2 {
   

   FrameTransformMatrix {
    -0.163643,-0.967062,0.194966,0.000000,0.985576,-0.168906,-0.010564,0.000000,0.043147,0.190425,0.980753,0.000000,-0.138405,-0.102098,0.114818,1.000000;;
   }
  }
 }
}

Frame Translation_Data {
 

 FrameTransformMatrix {
  -0.000000,0.000000,-1.000000,0.000000,-1.000000,-0.000000,0.000000,0.000000,-0.000000,1.000000,0.000000,0.000000,0.000000,-0.000000,0.000000,1.000000;;
 }
}

Frame GardenBasket_LHand {
 

 FrameTransformMatrix {
  1.000000,0.000000,0.000000,0.000000,0.000000,1.000000,0.000000,0.000000,0.000000,0.000000,1.000000,0.000000,0.000000,0.000000,0.000000,1.000000;;
 }

 Mesh GardenBasket_LHand {
  394;
  0.523546;0.556167;0.091465;,
  0.487176;0.548136;0.058901;,
  0.508226;0.528484;0.056279;,
  0.507683;0.572716;0.096252;,
  0.508226;0.528484;0.056279;,
  0.485608;0.546991;0.014117;,
  0.508681;0.524406;0.014072;,
  0.487176;0.548136;0.058901;,
  0.508681;0.524406;0.014072;,
  0.504802;0.566288;-0.021499;,
  0.524737;0.545488;-0.019033;,
  0.485608;0.546991;0.014117;,
  0.524737;0.545488;-0.019033;,
  0.536203;0.602088;-0.033837;,
  0.550262;0.583679;-0.030392;,
  0.504802;0.566288;-0.021499;,
  0.584974;0.640689;-0.011459;,
  0.565385;0.651547;-0.017821;,
  0.579216;0.554303;0.009321;,
  0.603490;0.611017;0.054417;,
  0.569936;0.541632;0.031515;,
  0.536267;0.621560;0.114995;,
  0.557660;0.612560;0.113126;,
  0.568933;0.554560;0.008896;,
  0.600760;0.612342;0.054112;,
  0.585812;0.575311;0.001708;,
  0.503541;0.571526;0.102098;,
  0.529771;0.622586;0.120826;,
  0.499219;0.576759;0.102332;,
  0.533278;0.620886;0.121211;,
  0.480776;0.545509;0.061245;,
  0.499219;0.576759;0.102332;,
  0.476593;0.552284;0.061858;,
  0.503541;0.571526;0.102098;,
  0.478990;0.544350;0.012070;,
  0.476593;0.552284;0.061858;,
  0.474542;0.551554;0.012722;,
  0.480776;0.545509;0.061245;,
  0.478990;0.544350;0.012070;,
  0.495952;0.572220;-0.026440;,
  0.500135;0.565445;-0.027053;,
  0.474542;0.551554;0.012722;,
  0.500135;0.565445;-0.027053;,
  0.530541;0.609016;-0.040537;,
  0.534864;0.603783;-0.040771;,
  0.495952;0.572220;-0.026440;,
  0.534864;0.603783;-0.040771;,
  0.561692;0.655458;-0.024771;,
  0.565198;0.653759;-0.024386;,
  0.530541;0.609016;-0.040537;,
  0.536267;0.621560;0.114995;,
  0.503541;0.571526;0.102098;,
  0.507683;0.572716;0.096252;,
  0.533278;0.620886;0.121211;,
  0.480776;0.545509;0.061245;,
  0.487176;0.548136;0.058901;,
  0.478990;0.544350;0.012070;,
  0.485608;0.546991;0.014117;,
  0.500135;0.565445;-0.027053;,
  0.504802;0.566288;-0.021499;,
  0.534864;0.603783;-0.040771;,
  0.536203;0.602088;-0.033837;,
  0.565198;0.653759;-0.024386;,
  0.565385;0.651547;-0.017821;,
  0.527359;0.611073;-0.030329;,
  0.557541;0.656126;-0.021084;,
  0.528356;0.611878;-0.035925;,
  0.556342;0.654896;-0.015629;,
  0.496016;0.577213;-0.022490;,
  0.498187;0.579018;-0.017962;,
  0.475959;0.557756;0.014433;,
  0.479625;0.561100;0.015991;,
  0.481403;0.561733;0.058592;,
  0.477779;0.558431;0.060696;,
  0.500202;0.583106;0.093539;,
  0.498807;0.581448;0.098856;,
  0.527394;0.625081;0.116422;,
  0.528588;0.626314;0.110966;,
  0.579133;0.605382;0.105529;,
  0.550910;0.549194;0.085207;,
  0.573370;0.572323;-0.017238;,
  0.602191;0.629127;0.000357;,
  0.554236;0.539007;-0.007452;,
  0.541625;0.520821;0.020470;,
  0.554236;0.539007;-0.007452;,
  0.540355;0.524712;0.055863;,
  0.541625;0.520821;0.020470;,
  0.540355;0.524712;0.055863;,
  0.593241;0.602268;0.095594;,
  0.572907;0.560214;0.080193;,
  0.590394;0.578222;0.000430;,
  0.611326;0.620892;0.013105;,
  0.579216;0.554303;0.009321;,
  0.569936;0.541632;0.031515;,
  0.541625;0.520821;0.020470;,
  0.568408;0.543173;0.058617;,
  0.568408;0.543173;0.058617;,
  0.590394;0.578222;0.000430;,
  0.611326;0.620892;0.013105;,
  0.572907;0.560214;0.080193;,
  0.593241;0.602268;0.095594;,
  0.528588;0.626314;0.110966;,
  0.508363;0.573342;0.093124;,
  0.500202;0.583106;0.093539;,
  0.536976;0.622249;0.111887;,
  0.500202;0.583106;0.093539;,
  0.488887;0.549770;0.057532;,
  0.481403;0.561733;0.058592;,
  0.508363;0.573342;0.093124;,
  0.481403;0.561733;0.058592;,
  0.487395;0.548678;0.014890;,
  0.479625;0.561100;0.015991;,
  0.488887;0.549770;0.057532;,
  0.479625;0.561100;0.015991;,
  0.505671;0.567054;-0.019022;,
  0.498187;0.579018;-0.017962;,
  0.487395;0.548678;0.014890;,
  0.498187;0.579018;-0.017962;,
  0.535520;0.601308;-0.030744;,
  0.527359;0.611073;-0.030329;,
  0.505671;0.567054;-0.019022;,
  0.527359;0.611073;-0.030329;,
  0.564730;0.650831;-0.014708;,
  0.556342;0.654896;-0.015629;,
  0.535520;0.601308;-0.030744;,
  0.537652;0.557245;0.085297;,
  0.567476;0.610674;0.105348;,
  0.526440;0.534635;0.055789;,
  0.537652;0.557245;0.085297;,
  0.527569;0.531572;0.019836;,
  0.526440;0.534635;0.055789;,
  0.540607;0.549224;-0.008829;,
  0.527569;0.531572;0.019836;,
  0.560574;0.580851;-0.019257;,
  0.540607;0.549224;-0.008829;,
  0.590996;0.634896;-0.001934;,
  0.560574;0.580851;-0.019257;,
  0.569545;0.558559;0.075904;,
  0.590705;0.604457;0.092354;,
  0.558880;0.544207;0.054752;,
  0.569545;0.558559;0.075904;,
  0.558188;0.542931;0.029113;,
  0.527569;0.531572;0.019836;,
  0.568933;0.554560;0.008896;,
  0.585812;0.575311;0.001708;,
  0.607570;0.621825;0.015431;,
  0.585812;0.575311;0.001708;,
  0.607570;0.621825;0.015431;,
  0.558188;0.542931;0.029113;,
  0.558880;0.544207;0.054752;,
  0.569545;0.558559;0.075904;,
  0.590705;0.604457;0.092354;,
  0.529771;0.622586;0.120826;,
  0.498807;0.581448;0.098856;,
  0.499219;0.576759;0.102332;,
  0.527394;0.625081;0.116422;,
  0.477779;0.558431;0.060696;,
  0.476593;0.552284;0.061858;,
  0.475959;0.557756;0.014433;,
  0.474542;0.551554;0.012722;,
  0.496016;0.577213;-0.022490;,
  0.495952;0.572220;-0.026440;,
  0.528356;0.611878;-0.035925;,
  0.530541;0.609016;-0.040537;,
  0.557541;0.656126;-0.021084;,
  0.561692;0.655458;-0.024771;,
  0.577675;0.676722;0.130551;,
  0.565302;0.722137;0.115315;,
  0.554267;0.676468;0.129890;,
  0.593946;0.719397;0.118176;,
  0.593946;0.719397;0.118176;,
  0.574983;0.746044;0.078654;,
  0.565302;0.722137;0.115315;,
  0.606468;0.742193;0.084682;,
  0.606468;0.742193;0.084682;,
  0.582929;0.740289;0.034915;,
  0.574983;0.746044;0.078654;,
  0.610457;0.736401;0.042864;,
  0.610457;0.736401;0.042864;,
  0.582788;0.705839;-0.000199;,
  0.582929;0.740289;0.034915;,
  0.604391;0.704235;0.008694;,
  0.635751;0.680216;0.050144;,
  0.633097;0.682303;0.077123;,
  0.628559;0.687356;0.051951;,
  0.627571;0.668315;0.031861;,
  0.550919;0.677044;0.136309;,
  0.544282;0.677122;0.134872;,
  0.562160;0.726764;0.120011;,
  0.544282;0.677122;0.134872;,
  0.550919;0.677044;0.136309;,
  0.554475;0.725741;0.118095;,
  0.572678;0.753009;0.079721;,
  0.554475;0.725741;0.118095;,
  0.562160;0.726764;0.120011;,
  0.564507;0.751921;0.077684;,
  0.572678;0.753009;0.079721;,
  0.573833;0.745676;0.029797;,
  0.564507;0.751921;0.077684;,
  0.581518;0.746700;0.031713;,
  0.581518;0.746700;0.031713;,
  0.575604;0.709379;-0.007998;,
  0.573833;0.745676;0.029797;,
  0.582241;0.709301;-0.006561;,
  0.582241;0.709301;-0.006561;,
  0.575604;0.709379;-0.007998;,
  0.550919;0.677044;0.136309;,
  0.554267;0.676468;0.129890;,
  0.562160;0.726764;0.120011;,
  0.565302;0.722137;0.115315;,
  0.572678;0.753009;0.079721;,
  0.574983;0.746044;0.078654;,
  0.581518;0.746700;0.031713;,
  0.582929;0.740289;0.034915;,
  0.582241;0.709301;-0.006561;,
  0.582788;0.705839;-0.000199;,
  0.569716;0.705409;0.000256;,
  0.571098;0.707074;-0.005061;,
  0.569567;0.741023;0.030620;,
  0.568819;0.736327;0.033040;,
  0.560843;0.746807;0.075726;,
  0.560733;0.741740;0.074558;,
  0.552035;0.719042;0.109595;,
  0.551329;0.722241;0.113806;,
  0.542559;0.677442;0.124124;,
  0.541549;0.676643;0.129719;,
  0.602782;0.664722;0.122663;,
  0.625242;0.687852;0.020218;,
  0.632727;0.713821;0.049226;,
  0.630284;0.718280;0.084489;,
  0.632727;0.713821;0.049226;,
  0.618846;0.699526;0.112540;,
  0.630284;0.718280;0.084489;,
  0.618846;0.699526;0.112540;,
  0.611536;0.646247;0.108086;,
  0.629023;0.664256;0.028324;,
  0.635751;0.680216;0.050144;,
  0.633097;0.682303;0.077123;,
  0.630284;0.718280;0.084489;,
  0.624943;0.669086;0.099440;,
  0.624943;0.669086;0.099440;,
  0.629023;0.664256;0.028324;,
  0.611536;0.646247;0.108086;,
  0.555005;0.677221;0.126803;,
  0.542559;0.677442;0.124124;,
  0.542559;0.677442;0.124124;,
  0.565668;0.720773;0.112974;,
  0.555005;0.677221;0.126803;,
  0.552035;0.719042;0.109595;,
  0.552035;0.719042;0.109595;,
  0.574887;0.743537;0.078067;,
  0.565668;0.720773;0.112974;,
  0.560733;0.741740;0.074558;,
  0.560733;0.741740;0.074558;,
  0.582451;0.738057;0.036419;,
  0.574887;0.743537;0.078067;,
  0.568819;0.736327;0.033040;,
  0.568819;0.736327;0.033040;,
  0.582162;0.705187;0.002935;,
  0.582451;0.738057;0.036419;,
  0.569716;0.705409;0.000256;,
  0.569716;0.705409;0.000256;,
  0.582162;0.705187;0.002935;,
  0.588062;0.669517;0.121698;,
  0.602422;0.703860;0.110654;,
  0.588062;0.669517;0.121698;,
  0.613319;0.722551;0.081754;,
  0.602422;0.703860;0.110654;,
  0.616589;0.718450;0.046036;,
  0.613319;0.722551;0.081754;,
  0.610984;0.693123;0.017144;,
  0.616589;0.718450;0.046036;,
  0.610984;0.693123;0.017144;,
  0.611304;0.651563;0.106057;,
  0.618506;0.677003;0.097806;,
  0.611304;0.651563;0.106057;,
  0.624616;0.690878;0.077080;,
  0.613319;0.722551;0.081754;,
  0.628559;0.687356;0.051951;,
  0.627571;0.668315;0.031861;,
  0.627571;0.668315;0.031861;,
  0.618506;0.677003;0.097806;,
  0.624616;0.690878;0.077080;,
  0.611304;0.651563;0.106057;,
  0.541549;0.676643;0.129719;,
  0.544282;0.677122;0.134872;,
  0.551329;0.722241;0.113806;,
  0.554475;0.725741;0.118095;,
  0.560843;0.746807;0.075726;,
  0.564507;0.751921;0.077684;,
  0.569567;0.741023;0.030620;,
  0.573833;0.745676;0.029797;,
  0.571098;0.707074;-0.005061;,
  0.575604;0.709379;-0.007998;,
  0.508992;0.621435;0.113892;,
  0.535160;0.610407;0.117139;,
  0.525020;0.611094;0.115071;,
  0.542479;0.617068;0.120247;,
  0.542688;0.627173;0.122575;,
  0.517739;0.640917;0.120208;,
  0.535665;0.634804;0.122758;,
  0.533460;0.608656;0.124896;,
  0.525020;0.611094;0.115071;,
  0.535160;0.610407;0.117139;,
  0.523319;0.609342;0.122828;,
  0.540778;0.615316;0.128004;,
  0.542479;0.617068;0.120247;,
  0.540987;0.625422;0.130331;,
  0.542688;0.627173;0.122575;,
  0.533965;0.633053;0.130515;,
  0.535665;0.634804;0.122758;,
  0.507291;0.619684;0.121648;,
  0.516039;0.639166;0.127965;,
  0.508992;0.621435;0.113892;,
  0.517739;0.640917;0.120208;,
  0.493239;0.648888;0.115661;,
  0.490910;0.647451;0.123319;,
  0.487586;0.636299;0.111580;,
  0.493239;0.648888;0.115661;,
  0.485258;0.634862;0.119237;,
  0.508992;0.621435;0.113892;,
  0.487586;0.636299;0.111580;,
  0.466951;0.661225;0.106496;,
  0.463423;0.660446;0.113781;,
  0.462974;0.652368;0.103625;,
  0.466951;0.661225;0.106496;,
  0.459447;0.651590;0.110910;,
  0.462974;0.652368;0.103625;,
  0.446753;0.674371;0.093920;,
  0.441183;0.674960;0.099815;,
  0.442777;0.665514;0.091048;,
  0.446753;0.674371;0.093920;,
  0.437207;0.666104;0.096943;,
  0.442777;0.665514;0.091048;,
  0.428106;0.690653;0.069522;,
  0.421165;0.692540;0.073316;,
  0.424129;0.681797;0.066651;,
  0.428106;0.690653;0.069522;,
  0.417188;0.683683;0.070445;,
  0.424129;0.681797;0.066651;,
  0.427938;0.701472;0.036386;,
  0.420656;0.705001;0.035586;,
  0.423962;0.692615;0.033514;,
  0.427938;0.701472;0.036386;,
  0.416679;0.696144;0.032715;,
  0.423962;0.692615;0.033514;,
  0.566202;0.642375;-0.024450;,
  0.540034;0.653403;-0.027698;,
  0.556061;0.643062;-0.026519;,
  0.548781;0.672885;-0.021381;,
  0.573730;0.659141;-0.019015;,
  0.566707;0.666772;-0.018831;,
  0.573520;0.649035;-0.021342;,
  0.567903;0.644126;-0.032207;,
  0.556061;0.643062;-0.026519;,
  0.557762;0.644813;-0.034275;,
  0.566202;0.642375;-0.024450;,
  0.575221;0.650787;-0.029099;,
  0.573520;0.649035;-0.021342;,
  0.575430;0.660892;-0.026771;,
  0.573730;0.659141;-0.019015;,
  0.568408;0.668523;-0.026588;,
  0.566707;0.666772;-0.018831;,
  0.541734;0.655154;-0.035454;,
  0.550482;0.674636;-0.029138;,
  0.540034;0.653403;-0.027698;,
  0.548781;0.672885;-0.021381;,
  0.523892;0.680455;-0.024154;,
  0.524951;0.682508;-0.031951;,
  0.518239;0.667866;-0.028235;,
  0.523892;0.680455;-0.024154;,
  0.519299;0.669918;-0.036032;,
  0.540034;0.653403;-0.027698;,
  0.518239;0.667866;-0.028235;,
  0.495135;0.690250;-0.022060;,
  0.494893;0.692855;-0.029759;,
  0.491158;0.681393;-0.024931;,
  0.495135;0.690250;-0.022060;,
  0.490916;0.683998;-0.032631;,
  0.491158;0.681393;-0.024931;,
  0.470503;0.698828;-0.014407;,
  0.467719;0.702287;-0.021219;,
  0.466526;0.689972;-0.017278;,
  0.470503;0.698828;-0.014407;,
  0.463742;0.693431;-0.024091;,
  0.466526;0.689972;-0.017278;,
  0.442286;0.705256;0.004844;,
  0.437296;0.709152;-0.000261;,
  0.438309;0.696400;0.001972;,
  0.442286;0.705256;0.004844;,
  0.433319;0.700295;-0.003132;,
  0.438309;0.696400;0.001972;,
  0.427938;0.701472;0.036386;,
  0.423962;0.692615;0.033514;;
  388;
  3;0,1,2;,
  3;1,0,3;,
  3;4,5,6;,
  3;5,4,7;,
  3;8,9,10;,
  3;9,8,11;,
  3;12,13,14;,
  3;13,12,15;,
  3;16,13,17;,
  3;13,16,14;,
  3;18,19,20;,
  3;0,21,3;,
  3;21,0,22;,
  3;23,24,25;,
  3;26,27,28;,
  3;27,26,29;,
  3;30,31,32;,
  3;31,30,33;,
  3;34,35,36;,
  3;35,34,37;,
  3;38,39,40;,
  3;39,38,41;,
  3;42,43,44;,
  3;43,42,45;,
  3;46,47,48;,
  3;47,46,49;,
  3;50,51,52;,
  3;51,50,53;,
  3;52,54,55;,
  3;54,52,51;,
  3;55,56,57;,
  3;56,55,54;,
  3;57,58,59;,
  3;58,57,56;,
  3;59,60,61;,
  3;60,59,58;,
  3;61,62,63;,
  3;62,61,60;,
  3;64,65,66;,
  3;65,64,67;,
  3;64,68,69;,
  3;68,64,66;,
  3;69,70,71;,
  3;70,69,68;,
  3;72,70,73;,
  3;70,72,71;,
  3;74,73,75;,
  3;73,74,72;,
  3;74,76,77;,
  3;76,74,75;,
  3;0,78,22;,
  3;78,0,79;,
  3;16,80,14;,
  3;80,16,81;,
  3;14,82,12;,
  3;82,14,80;,
  3;10,83,8;,
  3;83,10,84;,
  3;6,85,4;,
  3;85,6,86;,
  3;2,79,0;,
  3;79,2,87;,
  3;79,88,78;,
  3;88,79,89;,
  3;81,90,80;,
  3;90,81,91;,
  3;80,92,82;,
  3;92,80,90;,
  3;82,93,94;,
  3;93,82,92;,
  3;94,95,87;,
  3;95,94,93;,
  3;87,89,79;,
  3;89,87,95;,
  3;20,19,96;,
  3;19,97,98;,
  3;97,19,18;,
  3;99,19,100;,
  3;19,99,96;,
  3;101,102,103;,
  3;102,101,104;,
  3;105,106,107;,
  3;106,105,108;,
  3;109,110,111;,
  3;110,109,112;,
  3;113,114,115;,
  3;114,113,116;,
  3;117,118,119;,
  3;118,117,120;,
  3;121,122,123;,
  3;122,121,124;,
  3;104,125,102;,
  3;125,104,126;,
  3;108,127,106;,
  3;127,108,128;,
  3;112,129,110;,
  3;129,112,130;,
  3;116,131,114;,
  3;131,116,132;,
  3;120,133,118;,
  3;133,120,134;,
  3;124,135,122;,
  3;135,124,136;,
  3;126,137,125;,
  3;137,126,138;,
  3;128,139,127;,
  3;139,128,140;,
  3;127,141,142;,
  3;141,127,139;,
  3;142,143,134;,
  3;143,142,141;,
  3;134,144,133;,
  3;144,134,143;,
  3;136,145,135;,
  3;145,136,146;,
  3;25,24,147;,
  3;24,148,149;,
  3;148,24,23;,
  3;24,149,150;,
  3;24,150,151;,
  3;152,153,154;,
  3;153,152,155;,
  3;154,156,157;,
  3;156,154,153;,
  3;157,158,159;,
  3;158,157,156;,
  3;159,160,161;,
  3;160,159,158;,
  3;161,162,163;,
  3;162,161,160;,
  3;163,164,165;,
  3;164,163,162;,
  3;166,167,168;,
  3;167,166,169;,
  3;170,171,172;,
  3;171,170,173;,
  3;174,175,176;,
  3;175,174,177;,
  3;178,179,180;,
  3;179,178,181;,
  3;16,179,181;,
  3;179,16,17;,
  3;182,183,19;,
  3;166,21,22;,
  3;21,166,168;,
  3;184,185,24;,
  3;186,27,29;,
  3;27,186,187;,
  3;188,189,190;,
  3;189,188,191;,
  3;192,193,194;,
  3;193,192,195;,
  3;196,197,198;,
  3;197,196,199;,
  3;200,201,202;,
  3;201,200,203;,
  3;204,47,205;,
  3;47,204,48;,
  3;50,206,53;,
  3;206,50,207;,
  3;207,208,206;,
  3;208,207,209;,
  3;209,210,208;,
  3;210,209,211;,
  3;211,212,210;,
  3;212,211,213;,
  3;213,214,212;,
  3;214,213,215;,
  3;215,62,214;,
  3;62,215,63;,
  3;216,65,67;,
  3;65,216,217;,
  3;216,218,217;,
  3;218,216,219;,
  3;219,220,218;,
  3;220,219,221;,
  3;222,220,221;,
  3;220,222,223;,
  3;224,223,222;,
  3;223,224,225;,
  3;224,76,225;,
  3;76,224,77;,
  3;166,78,226;,
  3;78,166,22;,
  3;16,227,81;,
  3;227,16,181;,
  3;181,228,227;,
  3;228,181,178;,
  3;177,229,230;,
  3;229,177,174;,
  3;173,231,232;,
  3;231,173,170;,
  3;169,226,233;,
  3;226,169,166;,
  3;226,88,234;,
  3;88,226,78;,
  3;81,235,91;,
  3;235,81,227;,
  3;227,236,235;,
  3;236,227,228;,
  3;228,237,236;,
  3;237,228,238;,
  3;238,239,237;,
  3;239,238,233;,
  3;233,234,239;,
  3;234,233,226;,
  3;183,240,19;,
  3;19,98,241;,
  3;241,182,19;,
  3;242,100,19;,
  3;19,240,242;,
  3;101,243,104;,
  3;243,101,244;,
  3;245,246,247;,
  3;246,245,248;,
  3;249,250,251;,
  3;250,249,252;,
  3;253,254,255;,
  3;254,253,256;,
  3;257,258,259;,
  3;258,257,260;,
  3;261,122,262;,
  3;122,261,123;,
  3;104,263,126;,
  3;263,104,243;,
  3;247,264,265;,
  3;264,247,246;,
  3;251,266,267;,
  3;266,251,250;,
  3;255,268,269;,
  3;268,255,254;,
  3;259,270,271;,
  3;270,259,258;,
  3;262,135,272;,
  3;135,262,122;,
  3;126,273,138;,
  3;273,126,263;,
  3;265,274,275;,
  3;274,265,264;,
  3;264,276,274;,
  3;276,264,277;,
  3;277,278,276;,
  3;278,277,271;,
  3;271,279,278;,
  3;279,271,270;,
  3;272,145,280;,
  3;145,272,135;,
  3;185,147,24;,
  3;24,281,282;,
  3;282,184,24;,
  3;24,283,281;,
  3;24,151,283;,
  3;152,284,155;,
  3;284,152,285;,
  3;285,286,284;,
  3;286,285,287;,
  3;287,288,286;,
  3;288,287,289;,
  3;289,290,288;,
  3;290,289,291;,
  3;291,292,290;,
  3;292,291,293;,
  3;293,164,292;,
  3;164,293,165;,
  3;294,295,296;,
  3;294,297,295;,
  3;298,299,300;,
  3;297,299,298;,
  3;294,299,297;,
  3;301,302,303;,
  3;302,301,304;,
  3;305,303,306;,
  3;303,305,301;,
  3;307,306,308;,
  3;306,307,305;,
  3;309,308,310;,
  3;308,309,307;,
  3;301,311,304;,
  3;312,307,309;,
  3;312,305,307;,
  3;311,305,312;,
  3;301,305,311;,
  3;311,302,304;,
  3;302,311,313;,
  3;314,309,310;,
  3;309,314,312;,
  3;315,312,314;,
  3;312,315,316;,
  3;317,299,294;,
  3;299,317,318;,
  3;319,320,311;,
  3;320,319,321;,
  3;316,311,312;,
  3;311,316,319;,
  3;322,316,315;,
  3;316,322,323;,
  3;324,318,317;,
  3;318,324,325;,
  3;326,321,319;,
  3;321,326,327;,
  3;323,319,316;,
  3;319,323,326;,
  3;328,323,322;,
  3;323,328,329;,
  3;330,325,324;,
  3;325,330,331;,
  3;332,327,326;,
  3;327,332,333;,
  3;329,326,323;,
  3;326,329,332;,
  3;334,329,328;,
  3;329,334,335;,
  3;336,331,330;,
  3;331,336,337;,
  3;338,333,332;,
  3;333,338,339;,
  3;335,332,329;,
  3;332,335,338;,
  3;340,335,334;,
  3;335,340,341;,
  3;342,337,336;,
  3;337,342,343;,
  3;344,339,338;,
  3;339,344,345;,
  3;341,338,335;,
  3;338,341,344;,
  3;346,347,348;,
  3;349,350,351;,
  3;349,352,350;,
  3;347,352,349;,
  3;346,352,347;,
  3;353,354,355;,
  3;354,353,356;,
  3;357,356,353;,
  3;356,357,358;,
  3;359,358,357;,
  3;358,359,360;,
  3;361,360,359;,
  3;360,361,362;,
  3;363,353,355;,
  3;363,357,353;,
  3;359,364,361;,
  3;357,364,359;,
  3;363,364,357;,
  3;363,354,365;,
  3;354,363,355;,
  3;366,361,364;,
  3;361,366,362;,
  3;367,364,368;,
  3;364,367,366;,
  3;369,349,370;,
  3;349,369,347;,
  3;371,372,373;,
  3;372,371,363;,
  3;368,363,371;,
  3;363,368,364;,
  3;374,368,375;,
  3;368,374,367;,
  3;376,370,377;,
  3;370,376,369;,
  3;378,373,379;,
  3;373,378,371;,
  3;375,371,378;,
  3;371,375,368;,
  3;380,375,381;,
  3;375,380,374;,
  3;382,377,383;,
  3;377,382,376;,
  3;384,379,385;,
  3;379,384,378;,
  3;381,378,384;,
  3;378,381,375;,
  3;386,381,387;,
  3;381,386,380;,
  3;388,383,389;,
  3;383,388,382;,
  3;390,385,391;,
  3;385,390,384;,
  3;387,384,390;,
  3;384,387,381;,
  3;392,387,341;,
  3;387,392,386;,
  3;342,389,343;,
  3;389,342,388;,
  3;344,391,393;,
  3;391,344,390;,
  3;341,390,344;,
  3;390,341,387;;

  MeshNormals {
   394;
   -0.147012;-0.574774;0.804998;,
   -0.459400;-0.594712;0.659749;,
   -0.274226;-0.689307;0.670564;,
   -0.227759;-0.465642;0.855163;,
   -0.440506;-0.894649;0.074556;,
   -0.690907;-0.720908;0.054211;,
   -0.442216;-0.892949;0.084188;,
   -0.678946;-0.732956;0.042506;,
   -0.290583;-0.741435;-0.604844;,
   -0.539007;-0.573701;-0.616717;,
   -0.283722;-0.738711;-0.611398;,
   -0.556406;-0.567218;-0.607187;,
   0.071459;-0.334881;-0.939547;,
   0.175091;-0.043749;-0.983580;,
   0.238753;-0.173413;-0.955471;,
   -0.119027;-0.228607;-0.966215;,
   0.473608;0.071921;-0.877794;,
   0.371297;0.131278;-0.919187;,
   0.893065;-0.443322;0.076819;,
   0.895550;-0.433973;0.098276;,
   0.884512;-0.457638;0.090584;,
   -0.039735;-0.291999;0.955593;,
   0.085253;-0.341745;0.935918;,
   -0.814726;0.561622;-0.144229;,
   -0.895515;0.434024;-0.098368;,
   -0.823664;0.546535;-0.151256;,
   -0.226992;-0.230448;0.946239;,
   -0.209732;-0.215084;0.953809;,
   -0.227480;-0.230178;0.946188;,
   -0.209131;-0.215373;0.953876;,
   -0.630640;-0.454710;0.628914;,
   -0.582379;-0.499523;0.641336;,
   -0.636019;-0.449415;0.627301;,
   -0.576390;-0.504769;0.642637;,
   -0.848331;-0.527696;0.043261;,
   -0.848330;-0.527697;0.043261;,
   -0.848331;-0.527695;0.043261;,
   -0.848330;-0.527697;0.043261;,
   -0.709337;-0.384555;-0.590727;,
   -0.709336;-0.384556;-0.590728;,
   -0.709336;-0.384556;-0.590728;,
   -0.709337;-0.384554;-0.590727;,
   -0.283608;-0.097324;-0.953989;,
   -0.230572;-0.137227;-0.963330;,
   -0.224114;-0.141991;-0.964164;,
   -0.289637;-0.092698;-0.952637;,
   0.189889;0.199097;-0.961407;,
   0.208476;0.215666;-0.953953;,
   0.209120;0.215357;-0.953882;,
   0.189364;0.199383;-0.961451;,
   0.808952;-0.475402;0.345817;,
   0.646002;-0.697288;0.310596;,
   0.633028;-0.709469;0.309725;,
   0.812167;-0.474697;0.339188;,
   0.427820;-0.891154;0.151049;,
   0.423246;-0.892159;0.157846;,
   0.399899;-0.909094;-0.116741;,
   0.399586;-0.909288;-0.116301;,
   0.523843;-0.788755;-0.321642;,
   0.528215;-0.787040;-0.318679;,
   0.774764;-0.560450;-0.292639;,
   0.768922;-0.572234;-0.285145;,
   0.918989;-0.362101;-0.156021;,
   0.919213;-0.364455;-0.149067;,
   -0.776738;0.628244;-0.044573;,
   -0.895235;0.434329;-0.099559;,
   -0.789311;0.611736;-0.052595;,
   -0.895397;0.434165;-0.098819;,
   -0.699476;0.713181;0.045897;,
   -0.697382;0.715031;0.048874;,
   -0.677055;0.735721;0.017673;,
   -0.677791;0.735050;0.017360;,
   -0.681293;0.731600;-0.024515;,
   -0.684224;0.728887;-0.023670;,
   -0.783188;0.621598;-0.015240;,
   -0.796329;0.604519;-0.020434;,
   -0.895774;0.433774;-0.097102;,
   -0.895611;0.433945;-0.097840;,
   0.316600;-0.418211;0.851390;,
   0.237094;-0.655542;0.716974;,
   0.563723;-0.321297;-0.760911;,
   0.674542;-0.064459;-0.735417;,
   0.525137;-0.624013;-0.578653;,
   0.017415;-0.844727;-0.534914;,
   0.025780;-0.842947;-0.537378;,
   -0.120223;-0.987862;0.098365;,
   -0.127489;-0.986387;0.103861;,
   0.294945;-0.847873;0.440590;,
   0.443354;-0.450354;0.774995;,
   0.442751;-0.590937;0.674362;,
   0.735579;-0.300854;-0.606968;,
   0.761400;-0.136419;-0.633766;,
   0.662697;-0.643147;-0.383658;,
   0.599471;-0.798179;-0.059540;,
   0.599130;-0.798814;-0.054220;,
   0.499887;-0.797276;0.338325;,
   0.885553;-0.451028;0.111223;,
   0.904142;-0.425438;0.039109;,
   0.901551;-0.427153;0.068895;,
   0.879080;-0.451215;0.153702;,
   0.888679;-0.440412;0.127617;,
   0.210345;0.214787;-0.953741;,
   0.076784;0.318402;-0.944841;,
   0.228564;0.231261;-0.945662;,
   0.061916;0.282574;-0.957245;,
   0.584406;0.495624;-0.642516;,
   0.450306;0.618172;-0.644273;,
   0.638366;0.454395;-0.621301;,
   0.427652;0.622770;-0.655189;,
   0.845273;0.532586;-0.043205;,
   0.654015;0.755303;-0.042215;,
   0.845271;0.532588;-0.043206;,
   0.652265;0.756404;-0.049030;,
   0.706126;0.389291;0.591472;,
   0.505436;0.614751;0.605487;,
   0.706125;0.389292;0.591472;,
   0.504755;0.609891;0.610946;,
   0.269371;0.098207;0.958016;,
   0.085899;0.268114;0.959550;,
   0.235372;0.155898;0.959321;,
   0.088027;0.244447;0.965659;,
   -0.190441;-0.198719;0.961376;,
   -0.352131;-0.141816;0.925144;,
   -0.209119;-0.215352;0.953883;,
   -0.338198;-0.106889;0.934985;,
   -0.143260;0.419684;-0.896293;,
   -0.210479;0.385764;-0.898268;,
   -0.092089;0.896373;-0.433630;,
   0.011501;0.802306;-0.596802;,
   0.383296;0.922168;-0.051866;,
   0.370264;0.926484;-0.067323;,
   0.248034;0.780094;0.574397;,
   0.254396;0.767523;0.588381;,
   -0.282046;0.464823;0.839279;,
   -0.321003;0.637793;0.700126;,
   -0.591769;0.004387;0.806096;,
   -0.534056;0.017889;0.845260;,
   -0.285788;0.462759;-0.839154;,
   -0.351352;0.427781;-0.832800;,
   -0.255149;0.913326;-0.317388;,
   -0.179184;0.853729;-0.488917;,
   -0.362034;0.925606;0.110387;,
   -0.365860;0.922925;0.119821;,
   -0.462264;0.735364;0.495532;,
   -0.482822;0.567148;0.667252;,
   -0.677300;0.066584;0.732688;,
   -0.629033;0.065710;0.774596;,
   -0.904051;0.423839;-0.055249;,
   -0.840521;0.538130;-0.062774;,
   -0.851588;0.523664;0.023938;,
   -0.861175;0.507915;0.019992;,
   -0.885172;0.443275;-0.141340;,
   -0.817368;0.190810;0.543601;,
   -0.847871;0.264165;0.459707;,
   -0.859410;0.255411;0.442922;,
   -0.815475;0.188825;0.547124;,
   -0.951982;0.221984;0.210842;,
   -0.957772;0.220474;0.184563;,
   -0.954350;0.258589;-0.149494;,
   -0.954300;0.258489;-0.149984;,
   -0.805955;0.374201;-0.458704;,
   -0.820573;0.359744;-0.444123;,
   -0.617279;0.504473;-0.603716;,
   -0.628881;0.489053;-0.604431;,
   -0.545803;0.470028;-0.693667;,
   -0.542875;0.469551;-0.696282;,
   0.113982;0.006498;0.993462;,
   -0.055947;0.303848;0.951076;,
   -0.028020;-0.020821;0.999391;,
   0.134688;0.221413;0.965834;,
   0.293625;0.740385;0.604661;,
   0.005623;0.830383;0.557165;,
   0.024782;0.834364;0.550656;,
   0.289127;0.735879;0.612281;,
   0.443371;0.893206;-0.074868;,
   0.158977;0.980827;-0.112714;,
   0.140368;0.984616;-0.104057;,
   0.447703;0.890299;-0.083248;,
   0.488883;0.594796;-0.638131;,
   0.370279;0.390941;-0.842650;,
   0.290083;0.682550;-0.670803;,
   0.497141;0.402047;-0.768901;,
   0.905038;-0.416654;0.085477;,
   0.905894;-0.410019;0.106023;,
   -0.917118;0.333579;-0.218221;,
   -0.911357;0.351179;-0.214714;,
   -0.209411;-0.191317;0.958929;,
   -0.209922;-0.191099;0.958861;,
   -0.263693;0.362550;0.893881;,
   -0.202289;0.346995;0.915792;,
   -0.194832;0.345016;0.918153;,
   -0.270692;0.364237;0.891099;,
   -0.233572;0.841492;0.487172;,
   -0.233571;0.841492;0.487172;,
   -0.233570;0.841492;0.487172;,
   -0.233572;0.841492;0.487171;,
   -0.094578;0.984632;-0.146816;,
   -0.094577;0.984632;-0.146816;,
   -0.094579;0.984632;-0.146816;,
   -0.094576;0.984632;-0.146816;,
   0.083337;0.719934;-0.689021;,
   0.149516;0.709292;-0.688876;,
   0.075688;0.720952;-0.688839;,
   0.157442;0.707796;-0.688649;,
   0.208684;0.240928;-0.947842;,
   0.208135;0.241158;-0.947904;,
   0.856642;-0.228178;0.462709;,
   0.856240;-0.212358;0.470912;,
   0.874573;0.103845;0.473644;,
   0.870587;0.104148;0.480865;,
   0.927263;0.265436;0.264060;,
   0.927081;0.265535;0.264596;,
   0.975917;0.218090;0.004794;,
   0.977101;0.212705;0.005454;,
   0.986047;-0.089924;-0.140091;,
   0.988438;-0.083368;-0.126651;,
   -0.958866;0.222655;-0.176069;,
   -0.954423;0.244054;-0.171799;,
   -0.983982;0.079536;-0.159540;,
   -0.984469;0.075639;-0.158426;,
   -0.977680;0.066174;-0.199404;,
   -0.977659;0.067191;-0.199170;,
   -0.968380;0.092210;-0.231814;,
   -0.968731;0.095244;-0.229106;,
   -0.965291;0.216061;-0.146732;,
   -0.961477;0.236750;-0.139683;,
   0.454682;-0.170932;0.874098;,
   0.780109;0.160640;-0.604669;,
   0.920861;0.257333;-0.292906;,
   0.711736;0.701646;-0.033556;,
   0.716845;0.696176;-0.038371;,
   0.573834;0.557921;0.599533;,
   0.566571;0.559405;0.605032;,
   0.688443;0.028516;0.724729;,
   0.561955;-0.325406;0.760472;,
   0.850581;-0.044702;-0.523941;,
   0.985679;0.076189;-0.150439;,
   0.976287;0.041055;0.212552;,
   0.975302;0.038986;0.217409;,
   0.818163;-0.088421;0.568148;,
   0.897479;-0.424470;0.119822;,
   0.908809;-0.415045;0.042465;,
   0.883657;-0.441015;0.157022;,
   0.044795;0.247202;-0.967928;,
   0.209812;0.189521;-0.959198;,
   0.206638;-0.345735;-0.915297;,
   0.030089;-0.317724;-0.947706;,
   0.013698;-0.299179;-0.954099;,
   0.267553;-0.371469;-0.889059;,
   0.228079;-0.842012;-0.488872;,
   -0.057442;-0.829231;-0.555947;,
   -0.057888;-0.825231;-0.561820;,
   0.228075;-0.842012;-0.488874;,
   0.088929;-0.985308;0.145805;,
   -0.207897;-0.973964;0.090401;,
   -0.206246;-0.973626;0.097544;,
   0.088930;-0.985308;0.145805;,
   -0.094689;-0.712617;0.695134;,
   -0.338653;-0.677438;0.652987;,
   -0.322279;-0.669376;0.669382;,
   -0.158133;-0.720508;0.675176;,
   -0.209315;-0.240735;0.947752;,
   -0.368708;-0.174803;0.912961;,
   -0.187748;0.320598;-0.928422;,
   -0.583062;-0.197109;-0.788154;,
   -0.410436;-0.137418;-0.901476;,
   -0.357149;-0.726930;-0.586530;,
   -0.365682;-0.712595;-0.598737;,
   -0.492574;-0.869368;0.039615;,
   -0.482652;-0.874009;0.056168;,
   -0.701450;-0.469262;0.536433;,
   -0.816251;-0.465208;0.342515;,
   -0.569871;-0.061882;0.819401;,
   -0.328609;0.367324;-0.870109;,
   -0.733358;-0.151728;-0.662695;,
   -0.601658;-0.087195;-0.793980;,
   -0.911013;-0.297065;-0.286021;,
   -0.913917;-0.297693;-0.275923;,
   -0.935391;-0.318371;0.153893;,
   -0.872266;-0.300208;0.386040;,
   -0.652661;0.013066;0.757537;,
