xof 0303txt 0032
template ColorRGBA {
 <35ff44e0-6c7c-11cf-8f52-0040333594a3>
 FLOAT red;
 FLOAT green;
 FLOAT blue;
 FLOAT alpha;
}

template ColorRGB {
 <d3e16e81-7835-11cf-8f52-0040333594a3>
 FLOAT red;
 FLOAT green;
 FLOAT blue;
}

template Material {
 <3d82ab4d-62da-11cf-ab39-0020af71e433>
 ColorRGBA faceColor;
 FLOAT power;
 ColorRGB specularColor;
 ColorRGB emissiveColor;
 [...]
}

template TextureFilename {
 <a42790e1-7810-11cf-8f52-0040333594a3>
 STRING filename;
}

template Frame {
 <3d82ab46-62da-11cf-ab39-0020af71e433>
 [...]
}

template Matrix4x4 {
 <f6f23f45-7686-11cf-8f52-0040333594a3>
 array FLOAT matrix[16];
}

template FrameTransformMatrix {
 <f6f23f41-7686-11cf-8f52-0040333594a3>
 Matrix4x4 frameMatrix;
}

template Vector {
 <3d82ab5e-62da-11cf-ab39-0020af71e433>
 FLOAT x;
 FLOAT y;
 FLOAT z;
}

template MeshFace {
 <3d82ab5f-62da-11cf-ab39-0020af71e433>
 DWORD nFaceVertexIndices;
 array DWORD faceVertexIndices[nFaceVertexIndices];
}

template Mesh {
 <3d82ab44-62da-11cf-ab39-0020af71e433>
 DWORD nVertices;
 array Vector vertices[nVertices];
 DWORD nFaces;
 array MeshFace faces[nFaces];
 [...]
}

template MeshNormals {
 <f6f23f43-7686-11cf-8f52-0040333594a3>
 DWORD nNormals;
 array Vector normals[nNormals];
 DWORD nFaceNormals;
 array MeshFace faceNormals[nFaceNormals];
}

template MeshMaterialList {
 <f6f23f42-7686-11cf-8f52-0040333594a3>
 DWORD nMaterials;
 DWORD nFaceIndexes;
 array DWORD faceIndexes[nFaceIndexes];
 [Material <3d82ab4d-62da-11cf-ab39-0020af71e433>]
}

template Coords2d {
 <f6f23f44-7686-11cf-8f52-0040333594a3>
 FLOAT u;
 FLOAT v;
}

template MeshTextureCoords {
 <f6f23f40-7686-11cf-8f52-0040333594a3>
 DWORD nTextureCoords;
 array Coords2d textureCoords[nTextureCoords];
}

template XSkinMeshHeader {
 <3cf169ce-ff7c-44ab-93c0-f78f62d172e2>
 WORD nMaxSkinWeightsPerVertex;
 WORD nMaxSkinWeightsPerFace;
 WORD nBones;
}

template SkinWeights {
 <6f0d123b-bad2-4167-a0d0-80224f25fabb>
 STRING transformNodeName;
 DWORD nWeights;
 array DWORD vertexIndices[nWeights];
 array FLOAT weights[nWeights];
 Matrix4x4 matrixOffset;
}

template AnimTicksPerSecond {
 <9e415a43-7ba6-4a73-8743-b73d47e88476>
 DWORD AnimTicksPerSecond;
}

template Animation {
 <3d82ab4f-62da-11cf-ab39-0020af71e433>
 [...]
}

template AnimationSet {
 <3d82ab50-62da-11cf-ab39-0020af71e433>
 [Animation <3d82ab4f-62da-11cf-ab39-0020af71e433>]
}

template FloatKeys {
 <10dd46a9-775b-11cf-8f52-0040333594a3>
 DWORD nValues;
 array FLOAT values[nValues];
}

template TimedFloatKeys {
 <f406b180-7b3b-11cf-8f52-0040333594a3>
 DWORD time;
 FloatKeys tfkeys;
}

template AnimationKey {
 <10dd46a8-775b-11cf-8f52-0040333594a3>
 DWORD keyType;
 DWORD nKeys;
 array TimedFloatKeys keys[nKeys];
}


Material Material__270 {
 1.000000;1.000000;1.000000;1.000000;;
 100.000000;
 0.200000;0.200000;0.200000;;
 0.000000;0.000000;0.000000;;

 TextureFilename {
  "GardenBasket.png";
 }
}

Frame Dummy01 {
 

 FrameTransformMatrix {
  1.000000,0.000000,0.000000,0.000000,0.000000,-0.000000,-1.000000,0.000000,0.000000,1.000000,-0.000000,0.000000,0.000000,0.000000,0.000000,1.000000;;
 }

 Frame Bip01 {
  

  FrameTransformMatrix {
   -0.087155,0.982405,-0.165183,0.000000,-0.000001,0.165814,0.986157,0.000000,0.996195,0.085949,-0.014450,0.000000,-0.010000,-0.012284,0.490453,1.000000;;
  }

  Frame Bip01_Pelvis {
   

   FrameTransformMatrix {
    0.000000,1.000000,-0.000001,0.000000,-0.000001,0.000001,1.000000,0.000000,1.000000,0.000000,0.000001,0.000000,0.000000,0.000000,0.000000,1.000000;;
   }

   Frame Bip01_Spine {
    

    FrameTransformMatrix {
     0.984686,0.000002,-0.174337,0.000000,-0.000001,1.000000,0.000004,0.000000,0.174337,-0.000004,0.984686,0.000000,0.051619,0.000000,-0.000083,1.000000;;
    }

    Frame Bip01_Spine1 {
     

     FrameTransformMatrix {
      0.997819,0.052687,0.039774,0.000000,-0.044862,0.983198,-0.176942,0.000000,-0.048428,0.174771,0.983417,0.000000,0.106484,-0.000015,-0.000083,1.000000;;
     }

     Frame Bip01_Neck {
      

      FrameTransformMatrix {
       0.966067,-0.020835,0.257451,0.000000,0.025191,0.999590,-0.013632,0.000000,-0.257061,0.019655,0.966195,0.000000,0.130511,-0.000001,0.004626,1.000000;;
      }

      Frame Bip01_Head {
       

       FrameTransformMatrix {
        0.989321,-0.051753,-0.136255,0.000000,0.064251,0.993958,0.088989,0.000000,0.130826,-0.096793,0.986669,0.000000,0.033674,-0.000000,-0.000000,1.000000;;
       }
      }

      Frame Bip01_L_Clavicle {
       

       FrameTransformMatrix {
        -0.205975,0.976135,0.068811,0.000000,0.943873,0.216738,-0.249254,0.000000,-0.258220,0.013609,-0.965990,0.000000,-0.024734,0.015166,0.002017,1.000000;;
       }

       Frame Bip01_L_UpperArm {
        

        FrameTransformMatrix {
         0.385871,-0.777669,0.496320,0.000000,0.922466,0.332598,-0.196046,0.000000,-0.012616,0.533487,0.845714,0.000000,0.087086,-0.000000,0.000000,1.000000;;
        }

        Frame Bip01_L_Forearm {
         

         FrameTransformMatrix {
          0.943939,0.000000,-0.330119,0.000000,0.000000,1.000000,-0.000000,0.000000,0.330119,-0.000000,0.943939,0.000000,0.137062,-0.000000,0.000000,1.000000;;
         }

         Frame Bip01_L_Hand {
          

          FrameTransformMatrix {
           1.000000,-0.000000,0.000000,0.000000,0.000000,0.000796,1.000000,0.000000,0.000000,-1.000000,0.000796,0.000000,0.137062,0.000000,0.000000,1.000000;;
          }

          Frame Bip01_L_Finger0 {
           

           FrameTransformMatrix {
            0.690342,-0.181727,0.700288,0.000000,0.558537,0.749101,-0.356210,0.000000,-0.459853,0.637043,0.618637,0.000000,0.057681,-0.023605,-0.000272,1.000000;;
           }
          }

          Frame Bip01_L_Finger1 {
           

           FrameTransformMatrix {
            0.728079,-0.000546,0.685493,0.000000,0.000000,1.000000,0.000796,0.000000,-0.685493,-0.000580,0.728079,0.000000,0.084102,0.000000,0.000000,1.000000;;
           }
          }
         }
        }
       }
      }

      Frame Bip01_R_Clavicle {
       

       FrameTransformMatrix {
        -0.028509,-0.999573,-0.006461,0.000000,-0.965665,0.025871,0.258498,0.000000,-0.258220,0.013609,-0.965990,0.000000,-0.024080,-0.016250,0.001399,1.000000;;
       }

       Frame Bip01_R_UpperArm {
        

        FrameTransformMatrix {
         0.221390,0.975047,0.016433,0.000000,-0.974986,0.221654,-0.016512,0.000000,-0.019742,-0.012366,0.999729,0.000000,0.087086,0.000000,0.000000,1.000000;;
        }

        Frame Bip01_R_Forearm {
         

         FrameTransformMatrix {
          0.915660,-0.000000,-0.401954,0.000000,-0.000000,1.000000,-0.000000,0.000000,0.401954,-0.000000,0.915660,0.000000,0.137062,0.000000,-0.000000,1.000000;;
         }

         Frame Bip01_R_Hand {
          

          FrameTransformMatrix {
           0.975195,-0.000000,-0.221346,0.000000,-0.221346,0.000796,-0.975195,0.000000,0.000176,1.000000,0.000777,0.000000,0.137062,0.000000,0.000000,1.000000;;
          }

          Frame Bip01_R_Finger0 {
           

           FrameTransformMatrix {
            0.417774,-0.116941,0.900994,0.000000,-0.558537,0.749101,0.356210,0.000000,-0.716591,-0.652054,0.247639,0.000000,0.057681,0.023605,-0.000272,1.000000;;
           }
          }

          Frame Bip01_R_Finger1 {
           

           FrameTransformMatrix {
            0.352436,0.000745,0.935835,0.000000,-0.000000,1.000000,-0.000796,0.000000,-0.935836,0.000281,0.352436,0.000000,0.084102,0.000000,0.000000,1.000000;;
           }
          }
         }
        }
       }
      }
     }

     Frame Bip01_BackPack {
      

      FrameTransformMatrix {
       0.180560,0.080500,-0.980264,0.000000,0.047560,0.994764,0.090451,0.000000,0.982413,-0.062954,0.175786,0.000000,0.063697,0.000003,-0.088856,1.000000;;
      }
     }
    }

    Frame Bip01_L_Thigh {
     

     FrameTransformMatrix {
      -0.888504,0.030427,0.457858,0.000000,-0.032107,-0.999476,0.004114,0.000000,0.457744,-0.011045,0.889016,0.000000,-0.050843,0.055225,-0.008917,1.000000;;
     }

     Frame Bip01_L_Calf {
      

      FrameTransformMatrix {
       0.942235,-0.000000,-0.334952,0.000000,-0.000000,1.000000,-0.000000,0.000000,0.334952,0.000000,0.942235,0.000000,0.237500,0.000000,-0.000000,1.000000;;
      }

      Frame Bip01_L_Foot {
       

       FrameTransformMatrix {
        0.924325,-0.026487,0.380687,0.000000,-0.068962,0.969570,0.234901,0.000000,-0.375325,-0.243378,0.894371,0.000000,0.206841,-0.000000,0.000000,1.000000;;
       }

       Frame Bip01_L_Toe0 {
        

        FrameTransformMatrix {
         0.000000,0.000000,1.000000,0.000000,0.000000,1.000000,-0.000000,0.000000,-1.000000,0.000000,0.000000,0.000000,0.065373,0.000000,0.066450,1.000000;;
        }
       }
      }
     }
    }

    Frame Bip01_R_Thigh {
     

     FrameTransformMatrix {
      -0.996965,0.030321,-0.071704,0.000000,-0.029454,-0.999480,-0.013113,0.000000,-0.072065,-0.010961,0.997340,0.000000,-0.050843,-0.055225,-0.008917,1.000000;;
     }

     Frame Bip01_R_Calf {
      

      FrameTransformMatrix {
       0.730239,0.000000,-0.683192,0.000000,0.000000,1.000000,0.000000,0.000000,0.683192,-0.000000,0.730239,0.000000,0.237500,0.000000,0.000000,1.000000;;
      }

      Frame Bip01_R_Foot {
       

       FrameTransformMatrix {
        0.991957,0.087165,-0.091782,0.000000,-0.093276,0.993546,-0.064539,0.000000,0.085565,0.072581,0.993685,0.000000,0.206841,-0.000000,0.000000,1.000000;;
       }

       Frame Bip01_R_Toe0 {
        

        FrameTransformMatrix {
         0.000000,0.000000,1.000000,0.000000,0.000000,1.000000,-0.000000,0.000000,-1.000000,0.000000,0.000000,0.000000,0.065373,0.000000,0.066450,1.000000;;
        }
       }
      }
     }
    }
   }

   Frame Bip01_DressFront {
    

    FrameTransformMatrix {
     -0.880185,-0.088339,0.466338,0.000000,0.121847,0.907542,0.401896,0.000000,-0.458725,0.410564,-0.788041,0.000000,-0.043935,0.001339,0.061057,1.000000;;
    }

    Frame Bip01_DressFront02 {
     

     FrameTransformMatrix {
      0.912593,0.000001,0.408870,0.000000,-0.000001,1.000000,-0.000000,0.000000,-0.408870,-0.000000,0.912593,0.000000,0.183378,-0.000000,-0.000120,1.000000;;
     }
    }
   }

   Frame Bip01_DressBack {
    

    FrameTransformMatrix {
     -0.886023,0.038029,0.462080,0.000000,0.191625,0.937561,0.290274,0.000000,-0.422190,0.345735,-0.837988,0.000000,-0.047673,-0.000048,-0.078302,1.000000;;
    }

    Frame Bip01_DressBack02 {
     

     FrameTransformMatrix {
      0.936852,0.174932,-0.302833,0.000000,-0.166408,0.984581,0.053939,0.000000,0.307600,-0.000139,0.951516,0.000000,0.176125,0.000000,-0.000103,1.000000;;
     }
    }
   }
  }

  Frame Bip01_Prop1 {
   

   FrameTransformMatrix {
    -0.233929,-0.108090,0.966226,0.000000,0.687222,0.684611,0.242967,0.000000,-0.687752,0.720850,-0.085868,0.000000,0.108125,-0.048422,-0.137969,1.000000;;
   }
  }

  Frame Bip01_Prop2 {
   

   FrameTransformMatrix {
    -0.163643,-0.967062,0.194966,0.000000,0.985576,-0.168906,-0.010564,0.000000,0.043147,0.190425,0.980753,0.000000,-0.138405,-0.102098,0.114818,1.000000;;
   }
  }
 }
}

Frame Translation_Data {
 

 FrameTransformMatrix {
  -0.000000,0.000000,-1.000000,0.000000,-1.000000,-0.000000,0.000000,0.000000,-0.000000,1.000000,0.000000,0.000000,0.000000,-0.000000,0.000000,1.000000;;
 }
}

Frame GardenBasket_RHand {
 

 FrameTransformMatrix {
  1.000000,0.000000,0.000000,0.000000,0.000000,1.000000,0.000000,0.000000,0.000000,0.000000,1.000000,0.000000,0.000000,0.000000,0.000000,1.000000;;
 }

 Mesh GardenBasket_RHand {
  394;
  -0.579005;0.682123;0.132055;,
  -0.566113;0.727348;0.116685;,
  -0.594745;0.725102;0.120049;,
  -0.555620;0.681462;0.130978;,
  -0.594745;0.725102;0.120049;,
  -0.576022;0.751499;0.080246;,
  -0.607458;0.748184;0.086825;,
  -0.566113;0.727348;0.116685;,
  -0.607458;0.748184;0.086825;,
  -0.584841;0.745978;0.036645;,
  -0.612288;0.742553;0.045074;,
  -0.576022;0.751499;0.080246;,
  -0.612288;0.742553;0.045074;,
  -0.585923;0.711606;0.001470;,
  -0.607390;0.710359;0.010742;,
  -0.584841;0.745978;0.036645;,
  -0.589467;0.646578;-0.009853;,
  -0.569807;0.657107;-0.016542;,
  -0.638425;0.686801;0.052698;,
  -0.607328;0.617091;0.056287;,
  -0.635259;0.688783;0.079629;,
  -0.538869;0.626331;0.115681;,
  -0.560446;0.617710;0.114175;,
  -0.631079;0.693811;0.054390;,
  -0.604581;0.618369;0.055935;,
  -0.630779;0.674799;0.034251;,
  -0.552149;0.681967;0.137338;,
  -0.532254;0.627231;0.121398;,
  -0.545538;0.681932;0.135783;,
  -0.535782;0.625593;0.121842;,
  -0.562807;0.731910;0.121334;,
  -0.545538;0.681932;0.135783;,
  -0.555177;0.730756;0.119280;,
  -0.552149;0.681967;0.137338;,
  -0.573578;0.758421;0.081285;,
  -0.555177;0.730756;0.119280;,
  -0.565464;0.757194;0.079101;,
  -0.562807;0.731910;0.121334;,
  -0.573578;0.758421;0.081285;,
  -0.575745;0.751217;0.031376;,
  -0.583376;0.752370;0.033430;,
  -0.565464;0.757194;0.079101;,
  -0.583376;0.752370;0.033430;,
  -0.578818;0.715037;-0.006449;,
  -0.585429;0.715072;-0.004894;,
  -0.575745;0.751217;0.031376;,
  -0.585429;0.715072;-0.004894;,
  -0.566170;0.660969;-0.023549;,
  -0.569698;0.659330;-0.023105;,
  -0.578818;0.715037;-0.006449;,
  -0.538869;0.626331;0.115681;,
  -0.552149;0.681967;0.137338;,
  -0.555620;0.681462;0.130978;,
  -0.535782;0.625593;0.121842;,
  -0.562807;0.731910;0.121334;,
  -0.566113;0.727348;0.116685;,
  -0.573578;0.758421;0.081285;,
  -0.576022;0.751499;0.080246;,
  -0.583376;0.752370;0.033430;,
  -0.584841;0.745978;0.036645;,
  -0.585429;0.715072;-0.004894;,
  -0.585923;0.711606;0.001470;,
  -0.569698;0.659330;-0.023105;,
  -0.569807;0.657107;-0.016542;,
  -0.572855;0.710947;0.001693;,
  -0.561943;0.661557;-0.019935;,
  -0.574302;0.712647;-0.003597;,
  -0.560670;0.660294;-0.014504;,
  -0.571547;0.746488;0.032115;,
  -0.570838;0.741774;0.034512;,
  -0.561925;0.752022;0.077069;,
  -0.561924;0.746957;0.075890;,
  -0.553005;0.724035;0.110725;,
  -0.552169;0.727212;0.114930;,
  -0.544001;0.682245;0.125007;,
  -0.542906;0.681416;0.130582;,
  -0.529912;0.629694;0.116957;,
  -0.531181;0.630959;0.111526;,
  -0.582172;0.610923;0.106948;,
  -0.604453;0.670579;0.124592;,
  -0.628317;0.694317;0.022604;,
  -0.606671;0.635293;0.002246;,
  -0.634833;0.720350;0.051788;,
  -0.631688;0.724690;0.087011;,
  -0.634833;0.720350;0.051788;,
  -0.620084;0.705679;0.114820;,
  -0.631688;0.724690;0.087011;,
  -0.620084;0.705679;0.114820;,
  -0.596506;0.608077;0.097259;,
  -0.613785;0.652291;0.110138;,
  -0.632365;0.670773;0.030732;,
  -0.615721;0.627191;0.015138;,
  -0.638425;0.686801;0.052698;,
  -0.635259;0.688783;0.079629;,
  -0.631688;0.724690;0.087011;,
  -0.626942;0.675378;0.101773;,
  -0.626942;0.675378;0.101773;,
  -0.632365;0.670773;0.030732;,
  -0.615721;0.627191;0.015138;,
  -0.613785;0.652291;0.110138;,
  -0.596506;0.608077;0.097259;,
  -0.531181;0.630959;0.111526;,
  -0.556399;0.682234;0.127906;,
  -0.544001;0.682245;0.125007;,
  -0.539620;0.627039;0.112588;,
  -0.544001;0.682245;0.125007;,
  -0.566543;0.725995;0.114349;,
  -0.553005;0.724035;0.110725;,
  -0.556399;0.682234;0.127906;,
  -0.553005;0.724035;0.110725;,
  -0.575981;0.748992;0.079653;,
  -0.561924;0.746957;0.075890;,
  -0.566543;0.725995;0.114349;,
  -0.561924;0.746957;0.075890;,
  -0.584376;0.743734;0.038136;,
  -0.570838;0.741774;0.034512;,
  -0.575981;0.748992;0.079653;,
  -0.570838;0.741774;0.034512;,
  -0.585253;0.710937;0.004591;,
  -0.572855;0.710947;0.001693;,
  -0.584376;0.743734;0.038136;,
  -0.572855;0.710947;0.001693;,
  -0.569110;0.656374;-0.013441;,
  -0.560670;0.660294;-0.014504;,
  -0.585253;0.710937;0.004591;,
  -0.589671;0.675118;0.123374;,
  -0.570430;0.616012;0.106569;,
  -0.603623;0.709731;0.112651;,
  -0.589671;0.675118;0.123374;,
  -0.614702;0.728671;0.083983;,
  -0.603623;0.709731;0.112651;,
  -0.618675;0.724704;0.048321;,
  -0.614702;0.728671;0.083983;,
  -0.614026;0.699345;0.019287;,
  -0.618675;0.724704;0.048321;,
  -0.595420;0.640871;-0.000233;,
  -0.614026;0.699345;0.019287;,
  -0.613496;0.657606;0.108115;,
  -0.593990;0.610229;0.093979;,
  -0.620398;0.683186;0.100040;,
  -0.613496;0.657606;0.108115;,
  -0.626631;0.697210;0.079452;,
  -0.614702;0.728671;0.083983;,
  -0.631079;0.693811;0.054390;,
  -0.630779;0.674799;0.034251;,
  -0.611908;0.628053;0.017399;,
  -0.630779;0.674799;0.034251;,
  -0.611908;0.628053;0.017399;,
  -0.626631;0.697210;0.079452;,
  -0.620398;0.683186;0.100040;,
  -0.613496;0.657606;0.108115;,
  -0.593990;0.610229;0.093979;,
  -0.532254;0.627231;0.121398;,
  -0.542906;0.681416;0.130582;,
  -0.545538;0.681932;0.135783;,
  -0.529912;0.629694;0.116957;,
  -0.552169;0.727212;0.114930;,
  -0.555177;0.730756;0.119280;,
  -0.561925;0.752022;0.077069;,
  -0.565464;0.757194;0.079101;,
  -0.571547;0.746488;0.032115;,
  -0.575745;0.751217;0.031376;,
  -0.574302;0.712647;-0.003597;,
  -0.578818;0.715037;-0.006449;,
  -0.561943;0.661557;-0.019935;,
  -0.566170;0.660969;-0.023549;,
  -0.527689;0.560727;0.091792;,
  -0.492047;0.552134;0.058573;,
  -0.511457;0.576988;0.096327;,
  -0.513480;0.532858;0.056289;,
  -0.513480;0.532858;0.056289;,
  -0.491292;0.551059;0.013767;,
  -0.492047;0.552134;0.058573;,
  -0.514754;0.528879;0.014089;,
  -0.514754;0.528879;0.014089;,
  -0.510775;0.570764;-0.021468;,
  -0.491292;0.551059;0.013767;,
  -0.531023;0.550309;-0.018687;,
  -0.531023;0.550309;-0.018687;,
  -0.541760;0.607132;-0.033181;,
  -0.510775;0.570764;-0.021468;,
  -0.556074;0.588964;-0.029521;,
  -0.584829;0.560011;0.010646;,
  -0.575380;0.547132;0.032648;,
  -0.574553;0.560090;0.010039;,
  -0.591191;0.581147;0.003190;,
  -0.507234;0.575712;0.102097;,
  -0.502817;0.580869;0.102264;,
  -0.485654;0.549392;0.060799;,
  -0.502817;0.580869;0.102264;,
  -0.507234;0.575712;0.102097;,
  -0.481343;0.556091;0.061349;,
  -0.484759;0.548307;0.011597;,
  -0.481343;0.556091;0.061349;,
  -0.485654;0.549392;0.060799;,
  -0.480175;0.555431;0.012183;,
  -0.484759;0.548307;0.011597;,
  -0.501911;0.576552;-0.026555;,
  -0.480175;0.555431;0.012183;,
  -0.506222;0.569852;-0.027105;,
  -0.506222;0.569852;-0.027105;,
  -0.536097;0.613975;-0.039968;,
  -0.501911;0.576552;-0.026555;,
  -0.540514;0.608818;-0.040135;,
  -0.540514;0.608818;-0.040135;,
  -0.536097;0.613975;-0.039968;,
  -0.507234;0.575712;0.102097;,
  -0.511457;0.576988;0.096327;,
  -0.485654;0.549392;0.060799;,
  -0.492047;0.552134;0.058573;,
  -0.484759;0.548307;0.011597;,
  -0.491292;0.551059;0.013767;,
  -0.506222;0.569852;-0.027105;,
  -0.510775;0.570764;-0.021468;,
  -0.540514;0.608818;-0.040135;,
  -0.541760;0.607132;-0.033181;,
  -0.532699;0.615954;-0.029813;,
  -0.533781;0.616789;-0.035390;,
  -0.501819;0.581536;-0.022594;,
  -0.503877;0.583369;-0.018025;,
  -0.481453;0.561653;0.013930;,
  -0.485032;0.565057;0.015560;,
  -0.486044;0.565630;0.058187;,
  -0.482441;0.562260;0.060220;,
  -0.503845;0.587252;0.093501;,
  -0.502385;0.585557;0.098789;,
  -0.555277;0.554245;0.086008;,
  -0.579141;0.577984;-0.015979;,
  -0.560421;0.544318;-0.006596;,
  -0.547637;0.525855;0.021064;,
  -0.560421;0.544318;-0.006596;,
  -0.545672;0.529647;0.056436;,
  -0.547637;0.525855;0.021064;,
  -0.545672;0.529647;0.056436;,
  -0.577164;0.565658;0.081405;,
  -0.595743;0.584140;0.001999;,
  -0.584829;0.560011;0.010646;,
  -0.575380;0.547132;0.032648;,
  -0.547637;0.525855;0.021064;,
  -0.573346;0.548588;0.059721;,
  -0.573346;0.548588;0.059721;,
  -0.595743;0.584140;0.001999;,
  -0.577164;0.565658;0.081405;,
  -0.512182;0.577631;0.093213;,
  -0.503845;0.587252;0.093501;,
  -0.503845;0.587252;0.093501;,
  -0.493753;0.553801;0.057238;,
  -0.512182;0.577631;0.093213;,
  -0.486044;0.565630;0.058187;,
  -0.486044;0.565630;0.058187;,
  -0.493036;0.552775;0.014574;,
  -0.493753;0.553801;0.057238;,
  -0.485032;0.565057;0.015560;,
  -0.485032;0.565057;0.015560;,
  -0.511586;0.571540;-0.018975;,
  -0.493036;0.552775;0.014574;,
  -0.503877;0.583369;-0.018025;,
  -0.503877;0.583369;-0.018025;,
  -0.541036;0.606334;-0.030102;,
  -0.511586;0.571540;-0.018975;,
  -0.532699;0.615954;-0.029813;,
  -0.532699;0.615954;-0.029813;,
  -0.541036;0.606334;-0.030102;,
  -0.541881;0.562064;0.085877;,
  -0.531590;0.539326;0.056133;,
  -0.541881;0.562064;0.085877;,
  -0.533409;0.536360;0.020200;,
  -0.531590;0.539326;0.056133;,
  -0.546642;0.554299;-0.008196;,
  -0.533409;0.536360;0.020200;,
  -0.566236;0.586291;-0.018209;,
  -0.546642;0.554299;-0.008196;,
  -0.566236;0.586291;-0.018209;,
  -0.573908;0.563954;0.077054;,
  -0.563871;0.549464;0.055689;,
  -0.573908;0.563954;0.077054;,
  -0.563656;0.548232;0.030041;,
  -0.533409;0.536360;0.020200;,
  -0.574553;0.560090;0.010039;,
  -0.591191;0.581147;0.003190;,
  -0.591191;0.581147;0.003190;,
  -0.563871;0.549464;0.055689;,
  -0.563656;0.548232;0.030041;,
  -0.573908;0.563954;0.077054;,
  -0.502385;0.585557;0.098789;,
  -0.502817;0.580869;0.102264;,
  -0.482441;0.562260;0.060220;,
  -0.481343;0.556091;0.061349;,
  -0.481453;0.561653;0.013930;,
  -0.480175;0.555431;0.012183;,
  -0.501819;0.581536;-0.022594;,
  -0.501911;0.576552;-0.026555;,
  -0.533781;0.616789;-0.035390;,
  -0.536097;0.613975;-0.039968;,
  -0.519917;0.645351;0.120601;,
  -0.545056;0.632039;0.123384;,
  -0.537899;0.639546;0.123457;,
  -0.545064;0.621937;0.121035;,
  -0.537919;0.615157;0.117785;,
  -0.511624;0.625734;0.114094;,
  -0.527807;0.615671;0.115538;,
  -0.543249;0.630242;0.131106;,
  -0.537899;0.639546;0.123457;,
  -0.545056;0.632039;0.123384;,
  -0.536092;0.637749;0.131179;,
  -0.543257;0.620139;0.128757;,
  -0.545064;0.621937;0.121035;,
  -0.536112;0.613359;0.125507;,
  -0.537919;0.615157;0.117785;,
  -0.526000;0.613873;0.123260;,
  -0.527807;0.615671;0.115538;,
  -0.518110;0.643554;0.128323;,
  -0.509817;0.623936;0.121816;,
  -0.519917;0.645351;0.120601;,
  -0.511624;0.625734;0.114094;,
  -0.490007;0.640228;0.111430;,
  -0.487568;0.638734;0.119042;,
  -0.495366;0.652905;0.115635;,
  -0.490007;0.640228;0.111430;,
  -0.492927;0.651411;0.123247;,
  -0.519917;0.645351;0.120601;,
  -0.495366;0.652905;0.115635;,
  -0.465262;0.655883;0.103069;,
  -0.461621;0.655027;0.110289;,
  -0.469032;0.664801;0.106027;,
  -0.465262;0.655883;0.103069;,
  -0.465390;0.663945;0.113247;,
  -0.469032;0.664801;0.106027;,
  -0.445065;0.668702;0.090160;,
  -0.439382;0.669182;0.095957;,
  -0.448835;0.677620;0.093118;,
  -0.445065;0.668702;0.090160;,
  -0.443152;0.678100;0.098915;,
  -0.448835;0.677620;0.093118;,
  -0.426571;0.684710;0.065466;,
  -0.419532;0.686467;0.069140;,
  -0.430341;0.693628;0.068424;,
  -0.426571;0.684710;0.065466;,
  -0.423302;0.695385;0.072098;,
  -0.430341;0.693628;0.068424;,
  -0.426801;0.695595;0.032352;,
  -0.419474;0.698999;0.031430;,
  -0.430571;0.704513;0.035310;,
  -0.426801;0.695595;0.032352;,
  -0.423244;0.707917;0.034388;,
  -0.430571;0.704513;0.035310;,
  -0.578038;0.664848;-0.017573;,
  -0.552899;0.678160;-0.020356;,
  -0.570881;0.672355;-0.017500;,
  -0.544606;0.658543;-0.026863;,
  -0.570901;0.647965;-0.023172;,
  -0.560788;0.648480;-0.025419;,
  -0.578046;0.654745;-0.019922;,
  -0.579844;0.666645;-0.025295;,
  -0.570881;0.672355;-0.017500;,
  -0.572688;0.674152;-0.025222;,
  -0.578038;0.664848;-0.017573;,
  -0.579853;0.656543;-0.027644;,
  -0.578046;0.654745;-0.019922;,
  -0.572708;0.649763;-0.030894;,
  -0.570901;0.647965;-0.023172;,
  -0.562595;0.650277;-0.033141;,
  -0.560788;0.648480;-0.025419;,
  -0.554706;0.679958;-0.028078;,
  -0.546413;0.660340;-0.034585;,
  -0.552899;0.678160;-0.020356;,
  -0.544606;0.658543;-0.026863;,
  -0.522575;0.672625;-0.027761;,
  -0.523737;0.674712;-0.035534;,
  -0.527934;0.685302;-0.023556;,
  -0.522575;0.672625;-0.027761;,
  -0.529095;0.687389;-0.031329;,
  -0.552899;0.678160;-0.020356;,
  -0.527934;0.685302;-0.023556;,
  -0.495208;0.685671;-0.024913;,
  -0.495057;0.688288;-0.032610;,
  -0.498978;0.694589;-0.021955;,
  -0.495208;0.685671;-0.024913;,
  -0.498827;0.697206;-0.029652;,
  -0.498978;0.694589;-0.021955;,
  -0.470298;0.693803;-0.017682;,
  -0.467575;0.697227;-0.024537;,
  -0.474068;0.702721;-0.014724;,
  -0.470298;0.693803;-0.017682;,
  -0.471345;0.706146;-0.021579;,
  -0.474068;0.702721;-0.014724;,
  -0.441637;0.699697;0.001076;,
  -0.436671;0.703516;-0.004108;,
  -0.445407;0.708615;0.004034;,
  -0.441637;0.699697;0.001076;,
  -0.440441;0.712434;-0.001151;,
  -0.445407;0.708615;0.004034;,
  -0.426801;0.695595;0.032352;,
  -0.430571;0.704513;0.035310;;
  388;
  3;0,1,2;,
  3;1,0,3;,
  3;4,5,6;,
  3;5,4,7;,
  3;8,9,10;,
  3;9,8,11;,
  3;12,13,14;,
  3;13,12,15;,
  3;16,13,17;,
  3;13,16,14;,
  3;18,19,20;,
  3;0,21,3;,
  3;21,0,22;,
  3;23,24,25;,
  3;26,27,28;,
  3;27,26,29;,
  3;30,31,32;,
  3;31,30,33;,
  3;34,35,36;,
  3;35,34,37;,
  3;38,39,40;,
  3;39,38,41;,
  3;42,43,44;,
  3;43,42,45;,
  3;46,47,48;,
  3;47,46,49;,
  3;50,51,52;,
  3;51,50,53;,
  3;52,54,55;,
  3;54,52,51;,
  3;55,56,57;,
  3;56,55,54;,
  3;57,58,59;,
  3;58,57,56;,
  3;59,60,61;,
  3;60,59,58;,
  3;61,62,63;,
  3;62,61,60;,
  3;64,65,66;,
  3;65,64,67;,
  3;64,68,69;,
  3;68,64,66;,
  3;69,70,71;,
  3;70,69,68;,
  3;72,70,73;,
  3;70,72,71;,
  3;74,73,75;,
  3;73,74,72;,
  3;74,76,77;,
  3;76,74,75;,
  3;0,78,22;,
  3;78,0,79;,
  3;16,80,14;,
  3;80,16,81;,
  3;14,82,12;,
  3;82,14,80;,
  3;10,83,8;,
  3;83,10,84;,
  3;6,85,4;,
  3;85,6,86;,
  3;2,79,0;,
  3;79,2,87;,
  3;79,88,78;,
  3;88,79,89;,
  3;81,90,80;,
  3;90,81,91;,
  3;80,92,82;,
  3;92,80,90;,
  3;82,93,94;,
  3;93,82,92;,
  3;94,95,87;,
  3;95,94,93;,
  3;87,89,79;,
  3;89,87,95;,
  3;20,19,96;,
  3;19,97,98;,
  3;97,19,18;,
  3;99,19,100;,
  3;19,99,96;,
  3;101,102,103;,
  3;102,101,104;,
  3;105,106,107;,
  3;106,105,108;,
  3;109,110,111;,
  3;110,109,112;,
  3;113,114,115;,
  3;114,113,116;,
  3;117,118,119;,
  3;118,117,120;,
  3;121,122,123;,
  3;122,121,124;,
  3;104,125,102;,
  3;125,104,126;,
  3;108,127,106;,
  3;127,108,128;,
  3;112,129,110;,
  3;129,112,130;,
  3;116,131,114;,
  3;131,116,132;,
  3;120,133,118;,
  3;133,120,134;,
  3;124,135,122;,
  3;135,124,136;,
  3;126,137,125;,
  3;137,126,138;,
  3;128,139,127;,
  3;139,128,140;,
  3;127,141,142;,
  3;141,127,139;,
  3;142,143,134;,
  3;143,142,141;,
  3;134,144,133;,
  3;144,134,143;,
  3;136,145,135;,
  3;145,136,146;,
  3;25,24,147;,
  3;24,148,149;,
  3;148,24,23;,
  3;24,149,150;,
  3;24,150,151;,
  3;152,153,154;,
  3;153,152,155;,
  3;154,156,157;,
  3;156,154,153;,
  3;157,158,159;,
  3;158,157,156;,
  3;159,160,161;,
  3;160,159,158;,
  3;161,162,163;,
  3;162,161,160;,
  3;163,164,165;,
  3;164,163,162;,
  3;166,167,168;,
  3;167,166,169;,
  3;170,171,172;,
  3;171,170,173;,
  3;174,175,176;,
  3;175,174,177;,
  3;178,179,180;,
  3;179,178,181;,
  3;16,179,181;,
  3;179,16,17;,
  3;182,183,19;,
  3;166,21,22;,
  3;21,166,168;,
  3;184,185,24;,
  3;186,27,29;,
  3;27,186,187;,
  3;188,189,190;,
  3;189,188,191;,
  3;192,193,194;,
  3;193,192,195;,
  3;196,197,198;,
  3;197,196,199;,
  3;200,201,202;,
  3;201,200,203;,
  3;204,47,205;,
  3;47,204,48;,
  3;50,206,53;,
  3;206,50,207;,
  3;207,208,206;,
  3;208,207,209;,
  3;209,210,208;,
  3;210,209,211;,
  3;211,212,210;,
  3;212,211,213;,
  3;213,214,212;,
  3;214,213,215;,
  3;215,62,214;,
  3;62,215,63;,
  3;216,65,67;,
  3;65,216,217;,
  3;216,218,217;,
  3;218,216,219;,
  3;219,220,218;,
  3;220,219,221;,
  3;222,220,221;,
  3;220,222,223;,
  3;224,223,222;,
  3;223,224,225;,
  3;224,76,225;,
  3;76,224,77;,
  3;166,78,226;,
  3;78,166,22;,
  3;16,227,81;,
  3;227,16,181;,
  3;181,228,227;,
  3;228,181,178;,
  3;177,229,230;,
  3;229,177,174;,
  3;173,231,232;,
  3;231,173,170;,
  3;169,226,233;,
  3;226,169,166;,
  3;226,88,234;,
  3;88,226,78;,
  3;81,235,91;,
  3;235,81,227;,
  3;227,236,235;,
  3;236,227,228;,
  3;228,237,236;,
  3;237,228,238;,
  3;238,239,237;,
  3;239,238,233;,
  3;233,234,239;,
  3;234,233,226;,
  3;183,240,19;,
  3;19,98,241;,
  3;241,182,19;,
  3;242,100,19;,
  3;19,240,242;,
  3;101,243,104;,
  3;243,101,244;,
  3;245,246,247;,
  3;246,245,248;,
  3;249,250,251;,
  3;250,249,252;,
  3;253,254,255;,
  3;254,253,256;,
  3;257,258,259;,
  3;258,257,260;,
  3;261,122,262;,
  3;122,261,123;,
  3;104,263,126;,
  3;263,104,243;,
  3;247,264,265;,
  3;264,247,246;,
  3;251,266,267;,
  3;266,251,250;,
  3;255,268,269;,
  3;268,255,254;,
  3;259,270,271;,
  3;270,259,258;,
  3;262,135,272;,
  3;135,262,122;,
  3;126,273,138;,
  3;273,126,263;,
  3;265,274,275;,
  3;274,265,264;,
  3;264,276,274;,
  3;276,264,277;,
  3;277,278,276;,
  3;278,277,271;,
  3;271,279,278;,
  3;279,271,270;,
  3;272,145,280;,
  3;145,272,135;,
  3;185,147,24;,
  3;24,281,282;,
  3;282,184,24;,
  3;24,283,281;,
  3;24,151,283;,
  3;152,284,155;,
  3;284,152,285;,
  3;285,286,284;,
  3;286,285,287;,
  3;287,288,286;,
  3;288,287,289;,
  3;289,290,288;,
  3;290,289,291;,
  3;291,292,290;,
  3;292,291,293;,
  3;293,164,292;,
  3;164,293,165;,
  3;294,295,296;,
  3;294,297,295;,
  3;298,299,300;,
  3;297,299,298;,
  3;294,299,297;,
  3;301,302,303;,
  3;302,301,304;,
  3;305,303,306;,
  3;303,305,301;,
  3;307,306,308;,
  3;306,307,305;,
  3;309,308,310;,
  3;308,309,307;,
  3;301,311,304;,
  3;312,307,309;,
  3;312,305,307;,
  3;311,305,312;,
  3;301,305,311;,
  3;311,302,304;,
  3;302,311,313;,
  3;314,309,310;,
  3;309,314,312;,
  3;315,312,314;,
  3;312,315,316;,
  3;317,299,294;,
  3;299,317,318;,
  3;319,320,311;,
  3;320,319,321;,
  3;316,311,312;,
  3;311,316,319;,
  3;322,316,315;,
  3;316,322,323;,
  3;324,318,317;,
  3;318,324,325;,
  3;326,321,319;,
  3;321,326,327;,
  3;323,319,316;,
  3;319,323,326;,
  3;328,323,322;,
  3;323,328,329;,
  3;330,325,324;,
  3;325,330,331;,
  3;332,327,326;,
  3;327,332,333;,
  3;329,326,323;,
  3;326,329,332;,
  3;334,329,328;,
  3;329,334,335;,
  3;336,331,330;,
  3;331,336,337;,
  3;338,333,332;,
  3;333,338,339;,
  3;335,332,329;,
  3;332,335,338;,
  3;340,335,334;,
  3;335,340,341;,
  3;342,337,336;,
  3;337,342,343;,
  3;344,339,338;,
  3;339,344,345;,
  3;341,338,335;,
  3;338,341,344;,
  3;346,347,348;,
  3;349,350,351;,
  3;349,352,350;,
  3;347,352,349;,
  3;346,352,347;,
  3;353,354,355;,
  3;354,353,356;,
  3;357,356,353;,
  3;356,357,358;,
  3;359,358,357;,
  3;358,359,360;,
  3;361,360,359;,
  3;360,361,362;,
  3;363,353,355;,
  3;363,357,353;,
  3;359,364,361;,
  3;357,364,359;,
  3;363,364,357;,
  3;363,354,365;,
  3;354,363,355;,
  3;366,361,364;,
  3;361,366,362;,
  3;367,364,368;,
  3;364,367,366;,
  3;369,349,370;,
  3;349,369,347;,
  3;371,372,373;,
  3;372,371,363;,
  3;368,363,371;,
  3;363,368,364;,
  3;374,368,375;,
  3;368,374,367;,
  3;376,370,377;,
  3;370,376,369;,
  3;378,373,379;,
  3;373,378,371;,
  3;375,371,378;,
  3;371,375,368;,
  3;380,375,381;,
  3;375,380,374;,
  3;382,377,383;,
  3;377,382,376;,
  3;384,379,385;,
  3;379,384,378;,
  3;381,378,384;,
  3;378,381,375;,
  3;386,381,387;,
  3;381,386,380;,
  3;388,383,389;,
  3;383,388,382;,
  3;390,385,391;,
  3;385,390,384;,
  3;387,384,390;,
  3;384,387,381;,
  3;392,387,341;,
  3;387,392,386;,
  3;342,389,343;,
  3;389,342,388;,
  3;344,391,393;,
  3;391,344,390;,
  3;341,390,344;,
  3;390,341,387;;

  MeshNormals {
   394;
   -0.096242;0.006357;0.995338;,
   0.078078;0.300776;0.950493;,
   -0.113675;0.221644;0.968479;,
   0.045349;-0.023428;0.998696;,
   -0.269902;0.744083;0.611141;,
   0.018741;0.829153;0.558708;,
   -0.265349;0.739484;0.618671;,
   -0.000457;0.833481;0.552548;,
   -0.428968;0.900954;-0.065337;,
   -0.143803;0.983689;-0.108063;,
   -0.433499;0.898140;-0.073645;,
   -0.124981;0.987134;-0.099731;,
   -0.489652;0.604595;-0.628256;,
   -0.378264;0.399173;-0.835211;,
   -0.503588;0.412318;-0.759206;,
   -0.289960;0.688944;-0.664289;,
   -0.487768;0.082089;-0.869105;,
   -0.385187;0.139745;-0.912196;,
   -0.910522;-0.400999;0.100746;,
   -0.901113;-0.418504;0.113356;,
   -0.910900;-0.394387;0.121330;,
   0.051536;-0.294673;0.954208;,
   -0.074634;-0.342183;0.936665;,
   0.918828;0.317937;-0.233818;,
   0.901102;0.418499;-0.113466;,
   0.913447;0.335661;-0.230101;,
   0.222992;-0.196980;0.954711;,
   0.222798;-0.220739;0.949545;,
   0.223506;-0.196771;0.954634;,
   0.222194;-0.221021;0.949621;,
   0.285772;0.355974;0.889729;,
   0.224503;0.341443;0.912697;,
   0.292750;0.357545;0.886825;,
   0.217056;0.339590;0.915186;,
   0.256811;0.836244;0.484504;,
   0.256813;0.836244;0.484503;,
   0.256811;0.836244;0.484504;,
   0.256813;0.836244;0.484503;,
   0.109129;0.983150;-0.146651;,
   0.109130;0.983150;-0.146652;,
   0.109131;0.983150;-0.146652;,
   0.109129;0.983150;-0.146651;,
   -0.082951;0.722759;-0.686103;,
   -0.149290;0.713272;-0.684803;,
   -0.157235;0.711913;-0.684439;,
   -0.075283;0.723644;-0.686055;,
   -0.221201;0.246592;-0.943537;,
   -0.221558;0.221341;-0.949695;,
   -0.222204;0.221038;-0.949614;,
   -0.220649;0.246813;-0.943609;,
   -0.810917;-0.461885;0.359271;,
   -0.852179;-0.214163;0.477415;,
   -0.851352;-0.198378;0.485641;,
   -0.814236;-0.461108;0.352701;,
   -0.864102;0.118042;0.489280;,
   -0.859984;0.118261;0.496429;,
   -0.917665;0.280980;0.280964;,
   -0.917473;0.281075;0.281496;,
   -0.971723;0.235046;0.022515;,
   -0.972990;0.229682;0.023186;,
   -0.989800;-0.072378;-0.122710;,
   -0.991836;-0.065817;-0.109219;,
   -0.927827;-0.345610;-0.140322;,
   -0.927969;-0.347976;-0.133369;,
   0.959348;0.206231;-0.192668;,
   0.900835;0.418744;-0.114676;,
   0.955359;0.227675;-0.188288;,
   0.901009;0.418570;-0.113940;,
   0.982241;0.062725;-0.176828;,
   0.982680;0.058817;-0.175731;,
   0.975001;0.049566;-0.216600;,
   0.975002;0.050584;-0.216363;,
   0.965584;0.075825;-0.248794;,
   0.966035;0.078848;-0.246087;,
   0.966178;0.199461;-0.163447;,
   0.962857;0.220178;-0.156297;,
   0.901407;0.418175;-0.112230;,
   0.901236;0.418343;-0.112968;,
   -0.308738;-0.414430;0.856113;,
   -0.442051;-0.164856;0.881710;,
   -0.787781;0.175519;-0.590419;,
   -0.688499;-0.051077;-0.723437;,
   -0.921273;0.273965;-0.276043;,
   -0.699862;0.714008;-0.019624;,
   -0.705152;0.708638;-0.024358;,
   -0.553299;0.566540;0.610649;,
   -0.545915;0.567885;0.616022;,
   -0.674897;0.038942;0.736884;,
   -0.437367;-0.444197;0.781920;,
   -0.554023;-0.317181;0.769711;,
   -0.860393;-0.028735;-0.508820;,
   -0.774789;-0.121726;-0.620392;,
   -0.986709;0.093672;-0.132782;,
   -0.971504;0.057597;0.229920;,
   -0.970469;0.055501;0.234754;,
   -0.809390;-0.075379;0.582414;,
   -0.902488;-0.409025;0.134959;,
   -0.915025;-0.399229;0.057837;,
   -0.907521;-0.411500;0.084105;,
   -0.888310;-0.425875;0.171858;,
   -0.893845;-0.425108;0.142564;,
   -0.223414;0.220452;-0.949467;,
   -0.057612;0.249990;-0.966533;,
   -0.223428;0.195189;-0.954977;,
   -0.073906;0.285641;-0.955483;,
   -0.228818;-0.340109;-0.912123;,
   -0.052410;-0.315108;-0.947608;,
   -0.289697;-0.364835;-0.884857;,
   -0.035813;-0.296838;-0.954256;,
   -0.251359;-0.836856;-0.486303;,
   0.033103;-0.828905;-0.558409;,
   -0.251360;-0.836856;-0.486302;,
   0.033519;-0.824900;-0.564284;,
   -0.103518;-0.983922;0.145540;,
   0.192432;-0.977631;0.084899;,
   -0.103521;-0.983921;0.145542;,
   0.190914;-0.977279;0.092071;,
   0.094531;-0.715655;0.692027;,
   0.338287;-0.684640;0.645624;,
   0.157464;-0.724606;0.670933;,
   0.322350;-0.676329;0.662321;,
   0.221834;-0.246410;0.943436;,
   0.365948;-0.149959;0.918474;,
   0.222202;-0.221045;0.949613;,
   0.381712;-0.183204;0.905943;,
   0.176864;0.319234;-0.931026;,
   0.201255;0.383934;-0.901161;,
   0.565482;-0.205536;-0.798740;,
   0.391944;-0.142604;-0.908870;,
   0.333960;-0.731775;-0.594118;,
   0.342525;-0.717564;-0.606448;,
   0.477948;-0.877901;0.029263;,
   0.468240;-0.882404;0.045983;,
   0.702543;-0.482565;0.523034;,
   0.813944;-0.480093;0.327116;,
   0.605960;-0.007708;0.795458;,
   0.583146;-0.073605;0.809026;,
   0.319551;0.363387;-0.875122;,
   0.343971;0.423363;-0.838122;,
   0.718745;-0.163051;-0.675884;,
   0.585888;-0.095951;-0.804692;,
   0.900480;-0.312272;-0.302692;,
   0.903552;-0.312973;-0.292647;,
   0.932270;-0.334948;0.136682;,
   0.873593;-0.316189;0.369945;,
   0.691246;0.053157;0.720662;,
   0.666123;0.000039;0.745842;,
   0.910196;0.408132;-0.070505;,
   0.940003;0.307178;-0.148447;,
   0.958004;0.278960;-0.066408;,
   0.953344;0.295934;-0.059648;,
   0.890138;0.428079;-0.156212;,
   0.830107;0.175282;0.529338;,
   0.881547;0.198251;0.428453;,
   0.880007;0.219197;0.421355;,
   0.828248;0.173311;0.532887;,
   0.869976;0.416211;0.264407;,
   0.867044;0.434123;0.244483;,
   0.813644;0.578822;-0.054298;,
   0.813431;0.579088;-0.054666;,
   0.715256;0.571301;-0.402522;,
   0.719259;0.581671;-0.379901;,
   0.635770;0.446273;-0.629791;,
   0.633496;0.462806;-0.620076;,
   0.541598;0.461844;-0.702404;,
   0.538611;0.461439;-0.704963;,
   0.151184;-0.578970;0.801210;,
   0.460562;-0.604045;0.650394;,
   0.234684;-0.471364;0.850141;,
   0.273985;-0.695423;0.664318;,
   0.426074;-0.902345;0.065076;,
   0.679070;-0.732949;0.040611;,
   0.666694;-0.744763;0.029097;,
   0.427984;-0.900696;0.074679;,
   0.266838;-0.745079;-0.611274;,
   0.517903;-0.581672;-0.627243;,
   0.535579;-0.575514;-0.618012;,
   0.259911;-0.742222;-0.617700;,
   -0.093922;-0.331559;-0.938748;,
   -0.193242;-0.038553;-0.980394;,
   0.097887;-0.228563;-0.968596;,
   -0.258642;-0.167155;-0.951401;,
   -0.899167;-0.427858;0.091850;,
   -0.890631;-0.442338;0.105427;,
   0.821746;0.547598;-0.157702;,
   0.830248;0.532424;-0.164963;,
   0.239642;-0.236391;0.941643;,
   0.240133;-0.236131;0.941583;,
   0.633648;-0.466980;0.616783;,
   0.584836;-0.510976;0.629977;,
   0.578780;-0.516120;0.631375;,
   0.639089;-0.461776;0.615084;,
   0.839627;-0.542481;0.027225;,
   0.839625;-0.542485;0.027226;,
   0.839624;-0.542485;0.027226;,
   0.839627;-0.542481;0.027225;,
   0.691945;-0.395576;-0.603931;,
   0.691942;-0.395578;-0.603932;,
   0.691945;-0.395575;-0.603930;,
   0.691942;-0.395579;-0.603932;,
   0.264925;-0.100194;-0.959050;,
   0.211043;-0.139147;-0.967522;,
   0.271056;-0.095677;-0.957797;,
   0.204490;-0.143796;-0.968249;,
   -0.203401;0.204461;-0.957509;,
   -0.202873;0.204737;-0.957562;,
   -0.652498;-0.686558;0.320757;,
   -0.639753;-0.698967;0.319627;,
   -0.440567;-0.883890;0.156973;,
   -0.435892;-0.884989;0.163685;,
   -0.417714;-0.901735;-0.111304;,
   -0.417396;-0.901936;-0.110869;,
   -0.543145;-0.778815;-0.313752;,
   -0.547433;-0.777031;-0.310709;,
   -0.789526;-0.546188;-0.279871;,
   -0.783754;-0.558095;-0.272506;,
   0.786716;0.614659;-0.057205;,
   0.798867;0.597933;-0.065483;,
   0.712522;0.700787;0.034794;,
   0.710514;0.702667;0.037811;,
   0.690001;0.723775;0.007013;,
   0.690720;0.723091;0.006686;,
   0.693417;0.719674;-0.035252;,
   0.696315;0.716908;-0.034464;,
   0.793567;0.607838;-0.028012;,
   0.806323;0.590527;-0.033478;,
   -0.235768;-0.652845;0.719866;,
   -0.582638;-0.309769;-0.751383;,
   -0.546116;-0.613522;-0.570393;,
   -0.041629;-0.843141;-0.536079;,
   -0.050004;-0.841210;-0.538392;,
   0.104684;-0.990016;0.094392;,
   0.112070;-0.988680;0.099761;,
   -0.301851;-0.843554;0.444188;,
   -0.440978;-0.584559;0.681050;,
   -0.751357;-0.286654;-0.594384;,
   -0.680514;-0.630677;-0.373024;,
   -0.614273;-0.787485;-0.050366;,
   -0.613848;-0.788138;-0.045054;,
   -0.507657;-0.789175;0.345671;,
   -0.891187;-0.435763;0.126079;,
   -0.910604;-0.409689;0.054356;,
   -0.883964;-0.436151;0.168462;,
   -0.087906;0.321701;-0.942752;,
   -0.241187;0.237229;-0.941037;,
   -0.586954;0.507112;-0.631128;,
   -0.450787;0.627309;-0.635039;,
   -0.428253;0.631535;-0.646346;,
   -0.641240;0.466784;-0.609035;,
   -0.836480;0.547322;-0.027215;,
   -0.641376;0.766671;-0.029208;,
   -0.639728;0.767755;-0.036050;,
   -0.836478;0.547324;-0.027216;,
   -0.688636;0.400257;0.604628;,
   -0.483825;0.622156;0.615496;,
   -0.483132;0.617273;0.620932;,
   -0.688636;0.400258;0.604628;,
   -0.250606;0.100820;0.962825;,
   -0.064197;0.267501;0.961417;,
   -0.066630;0.243862;0.967518;,
   -0.215587;0.157907;0.963633;,
   0.203956;-0.204094;0.957469;,
   0.352815;-0.114804;0.928624;,
   0.134684;0.419012;-0.897936;,
   0.100027;0.895566;-0.433540;,
   -0.008063;0.803669;-0.595022;,
   -0.368000;0.928815;-0.043353;,
   -0.355171;0.932936;-0.059030;,
   -0.224168;0.783056;0.580148;,
