xof 0303txt 0032
template ColorRGBA {
 <35ff44e0-6c7c-11cf-8f52-0040333594a3>
 FLOAT red;
 FLOAT green;
 FLOAT blue;
 FLOAT alpha;
}

template ColorRGB {
 <d3e16e81-7835-11cf-8f52-0040333594a3>
 FLOAT red;
 FLOAT green;
 FLOAT blue;
}

template Material {
 <3d82ab4d-62da-11cf-ab39-0020af71e433>
 ColorRGBA faceColor;
 FLOAT power;
 ColorRGB specularColor;
 ColorRGB emissiveColor;
 [...]
}

template TextureFilename {
 <a42790e1-7810-11cf-8f52-0040333594a3>
 STRING filename;
}

template Frame {
 <3d82ab46-62da-11cf-ab39-0020af71e433>
 [...]
}

template Matrix4x4 {
 <f6f23f45-7686-11cf-8f52-0040333594a3>
 array FLOAT matrix[16];
}

template FrameTransformMatrix {
 <f6f23f41-7686-11cf-8f52-0040333594a3>
 Matrix4x4 frameMatrix;
}

template Vector {
 <3d82ab5e-62da-11cf-ab39-0020af71e433>
 FLOAT x;
 FLOAT y;
 FLOAT z;
}

template MeshFace {
 <3d82ab5f-62da-11cf-ab39-0020af71e433>
 DWORD nFaceVertexIndices;
 array DWORD faceVertexIndices[nFaceVertexIndices];
}

template Mesh {
 <3d82ab44-62da-11cf-ab39-0020af71e433>
 DWORD nVertices;
 array Vector vertices[nVertices];
 DWORD nFaces;
 array MeshFace faces[nFaces];
 [...]
}

template MeshNormals {
 <f6f23f43-7686-11cf-8f52-0040333594a3>
 DWORD nNormals;
 array Vector normals[nNormals];
 DWORD nFaceNormals;
 array MeshFace faceNormals[nFaceNormals];
}

template MeshMaterialList {
 <f6f23f42-7686-11cf-8f52-0040333594a3>
 DWORD nMaterials;
 DWORD nFaceIndexes;
 array DWORD faceIndexes[nFaceIndexes];
 [Material <3d82ab4d-62da-11cf-ab39-0020af71e433>]
}

template Coords2d {
 <f6f23f44-7686-11cf-8f52-0040333594a3>
 FLOAT u;
 FLOAT v;
}

template MeshTextureCoords {
 <f6f23f40-7686-11cf-8f52-0040333594a3>
 DWORD nTextureCoords;
 array Coords2d textureCoords[nTextureCoords];
}

template XSkinMeshHeader {
 <3cf169ce-ff7c-44ab-93c0-f78f62d172e2>
 WORD nMaxSkinWeightsPerVertex;
 WORD nMaxSkinWeightsPerFace;
 WORD nBones;
}

template SkinWeights {
 <6f0d123b-bad2-4167-a0d0-80224f25fabb>
 STRING transformNodeName;
 DWORD nWeights;
 array DWORD vertexIndices[nWeights];
 array FLOAT weights[nWeights];
 Matrix4x4 matrixOffset;
}

template AnimTicksPerSecond {
 <9e415a43-7ba6-4a73-8743-b73d47e88476>
 DWORD AnimTicksPerSecond;
}

template Animation {
 <3d82ab4f-62da-11cf-ab39-0020af71e433>
 [...]
}

template AnimationSet {
 <3d82ab50-62da-11cf-ab39-0020af71e433>
 [Animation <3d82ab4f-62da-11cf-ab39-0020af71e433>]
}

template FloatKeys {
 <10dd46a9-775b-11cf-8f52-0040333594a3>
 DWORD nValues;
 array FLOAT values[nValues];
}

template TimedFloatKeys {
 <f406b180-7b3b-11cf-8f52-0040333594a3>
 DWORD time;
 FloatKeys tfkeys;
}

template AnimationKey {
 <10dd46a8-775b-11cf-8f52-0040333594a3>
 DWORD keyType;
 DWORD nKeys;
 array TimedFloatKeys keys[nKeys];
}


Material _09_-_Default {
 1.000000;1.000000;1.000000;1.000000;;
 100.000000;
 0.200000;0.200000;0.200000;;
 0.000000;0.000000;0.000000;;

 TextureFilename {
  "ClothSatchel.png";
 }
}

Frame Dummy01 {
 

 FrameTransformMatrix {
  1.000000,0.000000,0.000000,0.000000,0.000000,-0.000000,-1.000000,0.000000,0.000000,1.000000,-0.000000,0.000000,0.000000,0.000000,0.000000,1.000000;;
 }

 Frame Bip01 {
  

  FrameTransformMatrix {
   -0.087155,0.982405,-0.165183,0.000000,-0.000001,0.165814,0.986157,0.000000,0.996195,0.085949,-0.014450,0.000000,-0.010000,-0.012284,0.490453,1.000000;;
  }

  Frame Bip01_Pelvis {
   

   FrameTransformMatrix {
    0.000000,1.000000,-0.000001,0.000000,-0.000001,0.000001,1.000000,0.000000,1.000000,0.000000,0.000001,0.000000,0.000000,0.000000,0.000000,1.000000;;
   }

   Frame Bip01_Spine {
    

    FrameTransformMatrix {
     0.984686,0.000002,-0.174337,0.000000,-0.000001,1.000000,0.000004,0.000000,0.174337,-0.000004,0.984686,0.000000,0.051619,0.000000,-0.000083,1.000000;;
    }

    Frame Bip01_Spine1 {
     

     FrameTransformMatrix {
      0.997819,0.052687,0.039774,0.000000,-0.044862,0.983198,-0.176942,0.000000,-0.048428,0.174771,0.983417,0.000000,0.106484,-0.000015,-0.000083,1.000000;;
     }

     Frame Bip01_Neck {
      

      FrameTransformMatrix {
       0.966067,-0.020835,0.257451,0.000000,0.025191,0.999590,-0.013632,0.000000,-0.257061,0.019655,0.966195,0.000000,0.130511,-0.000001,0.004626,1.000000;;
      }

      Frame Bip01_Head {
       

       FrameTransformMatrix {
        0.989321,-0.051753,-0.136255,0.000000,0.064251,0.993958,0.088989,0.000000,0.130826,-0.096793,0.986669,0.000000,0.033674,-0.000000,-0.000000,1.000000;;
       }
      }

      Frame Bip01_L_Clavicle {
       

       FrameTransformMatrix {
        -0.205975,0.976135,0.068811,0.000000,0.943873,0.216738,-0.249254,0.000000,-0.258220,0.013609,-0.965990,0.000000,-0.024734,0.015166,0.002017,1.000000;;
       }

       Frame Bip01_L_UpperArm {
        

        FrameTransformMatrix {
         0.385871,-0.777669,0.496320,0.000000,0.922466,0.332598,-0.196046,0.000000,-0.012616,0.533487,0.845714,0.000000,0.087086,-0.000000,0.000000,1.000000;;
        }

        Frame Bip01_L_Forearm {
         

         FrameTransformMatrix {
          0.943939,0.000000,-0.330119,0.000000,0.000000,1.000000,-0.000000,0.000000,0.330119,-0.000000,0.943939,0.000000,0.137062,-0.000000,0.000000,1.000000;;
         }

         Frame Bip01_L_Hand {
          

          FrameTransformMatrix {
           1.000000,-0.000000,0.000000,0.000000,0.000000,0.000796,1.000000,0.000000,0.000000,-1.000000,0.000796,0.000000,0.137062,0.000000,0.000000,1.000000;;
          }

          Frame Bip01_L_Finger0 {
           

           FrameTransformMatrix {
            0.690342,-0.181727,0.700288,0.000000,0.558537,0.749101,-0.356210,0.000000,-0.459853,0.637043,0.618637,0.000000,0.057681,-0.023605,-0.000272,1.000000;;
           }
          }

          Frame Bip01_L_Finger1 {
           

           FrameTransformMatrix {
            0.728079,-0.000546,0.685493,0.000000,0.000000,1.000000,0.000796,0.000000,-0.685493,-0.000580,0.728079,0.000000,0.084102,0.000000,0.000000,1.000000;;
           }
          }
         }
        }
       }
      }

      Frame Bip01_R_Clavicle {
       

       FrameTransformMatrix {
        -0.028509,-0.999573,-0.006461,0.000000,-0.965665,0.025871,0.258498,0.000000,-0.258220,0.013609,-0.965990,0.000000,-0.024080,-0.016250,0.001399,1.000000;;
       }

       Frame Bip01_R_UpperArm {
        

        FrameTransformMatrix {
         0.221390,0.975047,0.016433,0.000000,-0.974986,0.221654,-0.016512,0.000000,-0.019742,-0.012366,0.999729,0.000000,0.087086,0.000000,0.000000,1.000000;;
        }

        Frame Bip01_R_Forearm {
         

         FrameTransformMatrix {
          0.915660,-0.000000,-0.401954,0.000000,-0.000000,1.000000,-0.000000,0.000000,0.401954,-0.000000,0.915660,0.000000,0.137062,0.000000,-0.000000,1.000000;;
         }

         Frame Bip01_R_Hand {
          

          FrameTransformMatrix {
           0.975195,-0.000000,-0.221346,0.000000,-0.221346,0.000796,-0.975195,0.000000,0.000176,1.000000,0.000777,0.000000,0.137062,0.000000,0.000000,1.000000;;
          }

          Frame Bip01_R_Finger0 {
           

           FrameTransformMatrix {
            0.417774,-0.116941,0.900994,0.000000,-0.558537,0.749101,0.356210,0.000000,-0.716591,-0.652054,0.247639,0.000000,0.057681,0.023605,-0.000272,1.000000;;
           }
          }

          Frame Bip01_R_Finger1 {
           

           FrameTransformMatrix {
            0.352436,0.000745,0.935835,0.000000,-0.000000,1.000000,-0.000796,0.000000,-0.935836,0.000281,0.352436,0.000000,0.084102,0.000000,0.000000,1.000000;;
           }
          }
         }
        }
       }
      }
     }

     Frame Bip01_BackPack {
      

      FrameTransformMatrix {
       0.180560,0.080500,-0.980264,0.000000,0.047560,0.994764,0.090451,0.000000,0.982413,-0.062954,0.175786,0.000000,0.063697,0.000003,-0.088856,1.000000;;
      }
     }
    }

    Frame Bip01_L_Thigh {
     

     FrameTransformMatrix {
      -0.888504,0.030427,0.457858,0.000000,-0.032107,-0.999476,0.004114,0.000000,0.457744,-0.011045,0.889016,0.000000,-0.050843,0.055225,-0.008917,1.000000;;
     }

     Frame Bip01_L_Calf {
      

      FrameTransformMatrix {
       0.942235,-0.000000,-0.334952,0.000000,-0.000000,1.000000,-0.000000,0.000000,0.334952,0.000000,0.942235,0.000000,0.237500,0.000000,-0.000000,1.000000;;
      }

      Frame Bip01_L_Foot {
       

       FrameTransformMatrix {
        0.924325,-0.026487,0.380687,0.000000,-0.068962,0.969570,0.234901,0.000000,-0.375325,-0.243378,0.894371,0.000000,0.206841,-0.000000,0.000000,1.000000;;
       }

       Frame Bip01_L_Toe0 {
        

        FrameTransformMatrix {
         0.000000,0.000000,1.000000,0.000000,0.000000,1.000000,-0.000000,0.000000,-1.000000,0.000000,0.000000,0.000000,0.065373,0.000000,0.066450,1.000000;;
        }
       }
      }
     }
    }

    Frame Bip01_R_Thigh {
     

     FrameTransformMatrix {
      -0.996965,0.030321,-0.071704,0.000000,-0.029454,-0.999480,-0.013113,0.000000,-0.072065,-0.010961,0.997340,0.000000,-0.050843,-0.055225,-0.008917,1.000000;;
     }

     Frame Bip01_R_Calf {
      

      FrameTransformMatrix {
       0.730239,0.000000,-0.683192,0.000000,0.000000,1.000000,0.000000,0.000000,0.683192,-0.000000,0.730239,0.000000,0.237500,0.000000,0.000000,1.000000;;
      }

      Frame Bip01_R_Foot {
       

       FrameTransformMatrix {
        0.991957,0.087165,-0.091782,0.000000,-0.093276,0.993546,-0.064539,0.000000,0.085565,0.072581,0.993685,0.000000,0.206841,-0.000000,0.000000,1.000000;;
       }

       Frame Bip01_R_Toe0 {
        

        FrameTransformMatrix {
         0.000000,0.000000,1.000000,0.000000,0.000000,1.000000,-0.000000,0.000000,-1.000000,0.000000,0.000000,0.000000,0.065373,0.000000,0.066450,1.000000;;
        }
       }
      }
     }
    }
   }

   Frame Bip01_DressFront {
    

    FrameTransformMatrix {
     -0.880185,-0.088339,0.466338,0.000000,0.121847,0.907542,0.401896,0.000000,-0.458725,0.410564,-0.788041,0.000000,-0.043935,0.001339,0.061057,1.000000;;
    }

    Frame Bip01_DressFront02 {
     

     FrameTransformMatrix {
      0.912593,0.000001,0.408870,0.000000,-0.000001,1.000000,-0.000000,0.000000,-0.408870,-0.000000,0.912593,0.000000,0.183378,-0.000000,-0.000120,1.000000;;
     }
    }
   }

   Frame Bip01_DressBack {
    

    FrameTransformMatrix {
     -0.886023,0.038029,0.462080,0.000000,0.191625,0.937561,0.290274,0.000000,-0.422190,0.345735,-0.837988,0.000000,-0.047673,-0.000048,-0.078302,1.000000;;
    }

    Frame Bip01_DressBack02 {
     

     FrameTransformMatrix {
      0.936852,0.174932,-0.302833,0.000000,-0.166408,0.984581,0.053939,0.000000,0.307600,-0.000139,0.951516,0.000000,0.176125,0.000000,-0.000103,1.000000;;
     }
    }
   }
  }

  Frame Bip01_Prop1 {
   

   FrameTransformMatrix {
    -0.233929,-0.108090,0.966226,0.000000,0.687222,0.684611,0.242967,0.000000,-0.687752,0.720850,-0.085868,0.000000,0.108125,-0.048422,-0.137969,1.000000;;
   }
  }

  Frame Bip01_Prop2 {
   

   FrameTransformMatrix {
    -0.163643,-0.967062,0.194966,0.000000,0.985576,-0.168906,-0.010564,0.000000,0.043147,0.190425,0.980753,0.000000,-0.138405,-0.102098,0.114818,1.000000;;
   }
  }
 }
}

Frame Translation_Data {
 

 FrameTransformMatrix {
  1.000000,0.000000,0.000000,0.000000,0.000000,1.000000,0.000000,0.000000,0.000000,0.000000,1.000000,0.000000,0.000000,-0.000000,0.000000,1.000000;;
 }
}

Frame M_ClothSatchel {
 

 FrameTransformMatrix {
  1.000000,0.000000,0.000000,0.000000,0.000000,1.000000,0.000000,0.000000,0.000000,0.000000,1.000000,0.000000,0.000000,0.000000,0.000000,1.000000;;
 }

 Mesh M_ClothSatchel {
  449;
  -0.107084;0.558819;0.038152;,
  -0.109140;0.567871;0.045695;,
  -0.112530;0.567892;0.041310;,
  -0.109140;0.567871;0.045695;,
  -0.107084;0.558819;0.038152;,
  -0.103903;0.558798;0.043089;,
  -0.103113;0.604515;0.009511;,
  -0.104636;0.585539;0.032539;,
  -0.095131;0.605555;0.017077;,
  -0.110074;0.583381;0.030807;,
  -0.096781;0.593197;0.000736;,
  -0.110074;0.583381;0.030807;,
  -0.103113;0.604515;0.009511;,
  -0.104247;0.572880;0.027543;,
  -0.088820;0.594235;0.008300;,
  -0.104247;0.572880;0.027543;,
  -0.096781;0.593197;0.000736;,
  -0.097880;0.576147;0.026272;,
  -0.095131;0.605555;0.017077;,
  -0.097880;0.576147;0.026272;,
  -0.088820;0.594235;0.008300;,
  -0.104636;0.585539;0.032539;,
  -0.089141;0.631061;-0.017097;,
  -0.078513;0.631910;-0.006500;,
  -0.086794;0.613924;-0.023187;,
  -0.089141;0.631061;-0.017097;,
  -0.076167;0.614773;-0.012589;,
  -0.086794;0.613924;-0.023187;,
  -0.078513;0.631910;-0.006500;,
  -0.076167;0.614773;-0.012589;,
  -0.060899;0.665658;-0.062635;,
  -0.051500;0.664692;-0.050387;,
  -0.055050;0.649093;-0.067893;,
  -0.060899;0.665658;-0.062635;,
  -0.045651;0.648127;-0.055645;,
  -0.055050;0.649093;-0.067893;,
  -0.051500;0.664692;-0.050387;,
  -0.045651;0.648127;-0.055645;,
  -0.008491;0.691994;-0.066487;,
  -0.006655;0.682999;-0.047336;,
  -0.001392;0.679463;-0.072171;,
  -0.008491;0.691994;-0.066487;,
  0.000444;0.670468;-0.057524;,
  -0.001392;0.679463;-0.072171;,
  -0.006655;0.682999;-0.047336;,
  0.000444;0.670468;-0.057524;,
  0.032332;0.728521;-0.051730;,
  0.032136;0.720902;-0.036485;,
  0.045808;0.718325;-0.058755;,
  0.032332;0.728521;-0.051730;,
  0.045541;0.710608;-0.043570;,
  0.045808;0.718325;-0.058755;,
  0.032136;0.720902;-0.036485;,
  0.045541;0.710608;-0.043570;,
  0.000353;0.589222;0.138048;,
  0.012689;0.587967;0.128838;,
  0.008140;0.590611;0.139688;,
  0.012689;0.587967;0.128838;,
  0.000353;0.589222;0.138048;,
  0.004902;0.586577;0.127198;,
  0.034119;0.709480;0.121718;,
  0.040608;0.751401;0.120505;,
  0.040425;0.750662;0.111826;,
  0.035940;0.711583;0.129877;,
  0.035940;0.711583;0.129877;,
  0.057933;0.745397;0.120731;,
  0.040608;0.751401;0.120505;,
  0.053624;0.707118;0.127978;,
  0.053624;0.707118;0.127978;,
  0.057750;0.744658;0.112051;,
  0.057933;0.745397;0.120731;,
  0.051803;0.705015;0.119820;,
  0.051803;0.705015;0.119820;,
  0.040425;0.750662;0.111826;,
  0.057750;0.744658;0.112051;,
  0.034119;0.709480;0.121718;,
  0.047104;0.793201;0.099694;,
  0.045522;0.800510;0.106008;,
  0.063356;0.796499;0.106923;,
  0.045522;0.800510;0.106008;,
  0.065166;0.793193;0.096524;,
  0.063356;0.796499;0.106923;,
  0.047104;0.793201;0.099694;,
  0.065166;0.793193;0.096524;,
  0.052229;0.818815;0.055533;,
  0.053244;0.808344;0.056392;,
  0.070708;0.819970;0.056145;,
  0.052229;0.818815;0.055533;,
  0.071439;0.810546;0.057005;,
  0.070708;0.819970;0.056145;,
  0.053244;0.808344;0.056392;,
  0.071439;0.810546;0.057005;,
  0.059623;0.806630;0.009576;,
  0.060926;0.799085;0.014686;,
  0.077197;0.807316;0.010944;,
  0.059623;0.806630;0.009576;,
  0.078501;0.799772;0.016053;,
  0.077197;0.807316;0.010944;,
  0.060926;0.799085;0.014686;,
  0.078501;0.799772;0.016053;,
  0.054253;0.761971;-0.023341;,
  0.055092;0.753470;-0.016005;,
  0.071391;0.756853;-0.027215;,
  0.054253;0.761971;-0.023341;,
  0.072300;0.748450;-0.019819;,
  0.071391;0.756853;-0.027215;,
  0.055092;0.753470;-0.016005;,
  0.072300;0.748450;-0.019819;,
  -0.103903;0.558798;0.043089;,
  -0.109140;0.567871;0.045695;,
  -0.107084;0.558819;0.038152;,
  -0.103903;0.558798;0.043089;,
  -0.112530;0.567892;0.041310;,
  -0.107084;0.558819;0.038152;,
  -0.109140;0.567871;0.045695;,
  -0.112530;0.567892;0.041310;,
  0.040390;0.655954;0.123388;,
  0.043117;0.657746;0.131366;,
  0.022756;0.657706;0.128106;,
  0.040390;0.655954;0.123388;,
  0.025484;0.659498;0.136084;,
  0.022756;0.657706;0.128106;,
  0.043117;0.657746;0.131366;,
  0.025484;0.659498;0.136084;,
  0.024075;0.616693;0.121662;,
  0.029383;0.618485;0.128213;,
  0.009145;0.618445;0.132165;,
  0.024075;0.616693;0.121662;,
  0.014454;0.620238;0.138715;,
  0.009145;0.618445;0.132165;,
  0.029383;0.618485;0.128213;,
  0.014454;0.620238;0.138715;,
  0.004902;0.586577;0.127198;,
  0.012689;0.587967;0.128838;,
  0.000353;0.589222;0.138048;,
  0.004902;0.586577;0.127198;,
  0.008140;0.590611;0.139688;,
  0.000353;0.589222;0.138048;,
  0.012689;0.587967;0.128838;,
  0.008140;0.590611;0.139688;,
  -0.111887;0.538333;0.040619;,
  -0.117420;0.540819;0.051987;,
  -0.120911;0.541029;0.046792;,
  -0.117420;0.540819;0.051987;,
  -0.111887;0.538333;0.040619;,
  -0.108396;0.538123;0.045813;,
  -0.107269;0.558991;0.038350;,
  -0.112801;0.561476;0.049718;,
  -0.103777;0.558781;0.043544;,
  -0.112801;0.561476;0.049718;,
  -0.107269;0.558991;0.038350;,
  -0.116292;0.561686;0.044523;,
  -0.111887;0.538333;0.040619;,
  -0.103777;0.558781;0.043544;,
  -0.108396;0.538123;0.045813;,
  -0.103777;0.558781;0.043544;,
  -0.111887;0.538333;0.040619;,
  -0.107269;0.558991;0.038350;,
  -0.108396;0.538123;0.045813;,
  -0.112801;0.561476;0.049718;,
  -0.117420;0.540819;0.051987;,
  -0.103777;0.558781;0.043544;,
  -0.117420;0.540819;0.051987;,
  -0.116292;0.561686;0.044523;,
  -0.120911;0.541029;0.046792;,
  -0.116292;0.561686;0.044523;,
  -0.117420;0.540819;0.051987;,
  -0.112801;0.561476;0.049718;,
  -0.120911;0.541029;0.046792;,
  -0.107269;0.558991;0.038350;,
  -0.111887;0.538333;0.040619;,
  -0.107269;0.558991;0.038350;,
  -0.120911;0.541029;0.046792;,
  -0.116292;0.561686;0.044523;,
  0.006929;0.563534;0.136944;,
  0.007113;0.569179;0.148525;,
  0.001634;0.567309;0.146138;,
  0.012408;0.565405;0.139331;,
  0.004458;0.582557;0.127711;,
  0.004642;0.588202;0.139292;,
  0.009937;0.584428;0.130099;,
  0.004642;0.588202;0.139292;,
  0.004458;0.582557;0.127711;,
  -0.000837;0.586332;0.136905;,
  0.006929;0.563534;0.136944;,
  0.009937;0.584428;0.130099;,
  0.012408;0.565405;0.139331;,
  0.009937;0.584428;0.130099;,
  0.006929;0.563534;0.136944;,
  0.004458;0.582557;0.127711;,
  0.012408;0.565405;0.139331;,
  0.004642;0.588202;0.139292;,
  0.007113;0.569179;0.148525;,
  0.004642;0.588202;0.139292;,
  0.012408;0.565405;0.139331;,
  0.009937;0.584428;0.130099;,
  0.007113;0.569179;0.148525;,
  -0.000837;0.586332;0.136905;,
  0.001634;0.567309;0.146138;,
  -0.000837;0.586332;0.136905;,
  0.004642;0.588202;0.139292;,
  0.001634;0.567309;0.146138;,
  0.004458;0.582557;0.127711;,
  0.006929;0.563534;0.136944;,
  -0.000837;0.586332;0.136905;,
  -0.126343;0.434738;0.070424;,
  -0.124469;0.441070;0.110934;,
  -0.146477;0.444825;0.079900;,
  -0.106094;0.431283;0.098977;,
  -0.095421;0.442609;0.142098;,
  -0.079367;0.432700;0.127651;,
  -0.062876;0.450279;0.168051;,
  -0.049422;0.439756;0.151531;,
  -0.096452;0.566130;0.071420;,
  -0.099573;0.564886;0.043733;,
  -0.111670;0.568410;0.050439;,
  -0.085388;0.562761;0.063290;,
  -0.076541;0.567345;0.092542;,
  -0.066827;0.563893;0.082979;,
  -0.054348;0.572574;0.110239;,
  -0.046141;0.568768;0.099475;,
  -0.089448;0.511379;0.041555;,
  -0.077421;0.446441;0.073677;,
  -0.094610;0.450435;0.051877;,
  -0.074643;0.508959;0.062271;,
  -0.054981;0.447630;0.097752;,
  -0.055161;0.510046;0.083092;,
  -0.029838;0.453555;0.117802;,
  -0.033373;0.515180;0.100467;,
  -0.068845;0.533599;0.146491;,
  -0.104550;0.467134;0.145797;,
  -0.071532;0.474914;0.172127;,
  -0.097219;0.526913;0.123865;,
  -0.134020;0.465572;0.114180;,
  -0.122589;0.525498;0.096752;,
  -0.148056;0.487243;0.082490;,
  -0.141868;0.528649;0.069775;,
  -0.145342;0.471792;0.094966;,
  -0.149032;0.476406;0.087243;,
  -0.130026;0.448589;0.113825;,
  -0.152433;0.452412;0.082230;,
  -0.098159;0.437140;0.053854;,
  -0.087494;0.429875;0.084264;,
  -0.106557;0.431826;0.056265;,
  -0.080901;0.433715;0.078392;,
  -0.100453;0.450157;0.145552;,
  -0.057495;0.434956;0.103503;,
  -0.063088;0.431168;0.110448;,
  -0.067318;0.457964;0.171975;,
  -0.031271;0.441135;0.124415;,
  -0.035744;0.437612;0.132253;,
  -0.080901;0.433715;0.078392;,
  -0.098159;0.437140;0.053854;,
  -0.057495;0.434956;0.103503;,
  -0.031271;0.441135;0.124415;,
  -0.067318;0.457964;0.171975;,
  -0.101480;0.464084;0.143268;,
  -0.100453;0.450157;0.145552;,
  -0.068858;0.471771;0.169283;,
  -0.130597;0.462541;0.112031;,
  -0.130026;0.448589;0.113825;,
  -0.141723;0.468734;0.093083;,
  -0.152433;0.452412;0.082230;,
  -0.118760;0.516680;0.049494;,
  -0.114225;0.561962;0.048519;,
  -0.102752;0.558620;0.042417;,
  -0.090203;0.550856;0.039766;,
  -0.076524;0.548807;0.058626;,
  -0.058626;0.549899;0.077612;,
  -0.038678;0.554599;0.093519;,
  -0.062536;0.566855;0.124386;,
  -0.086792;0.561139;0.105043;,
  -0.108556;0.559811;0.081957;,
  -0.125188;0.562304;0.059024;,
  -0.080060;0.558325;0.059838;,
  -0.093828;0.560388;0.040855;,
  -0.118063;0.568475;0.054178;,
  -0.102253;0.566106;0.075977;,
  -0.062045;0.559424;0.078947;,
  -0.081566;0.567368;0.097921;,
  -0.041967;0.564155;0.094959;,
  -0.058510;0.572801;0.116307;,
  -0.148077;0.448389;0.075774;,
  -0.130405;0.438599;0.064342;,
  -0.113255;0.567068;0.048461;,
  -0.101249;0.563571;0.042008;,
  -0.153784;0.466846;0.077092;,
  -0.151580;0.457939;0.075298;,
  -0.153610;0.454234;0.078230;,
  -0.151695;0.466740;0.074515;,
  -0.147516;0.453652;0.073511;,
  -0.148077;0.448389;0.075774;,
  -0.130405;0.438599;0.064342;,
  -0.108246;0.440994;0.051421;,
  -0.107720;0.435501;0.052831;,
  -0.130217;0.443968;0.062387;,
  -0.102532;0.443703;0.050129;,
  -0.099938;0.439205;0.051032;,
  -0.100246;0.452110;0.048975;,
  -0.096675;0.451260;0.049343;,
  -0.094942;0.511159;0.040671;,
  -0.091737;0.511604;0.039856;,
  -0.139176;0.525427;0.064769;,
  -0.137419;0.523540;0.062737;,
  -0.091737;0.511604;0.039856;,
  -0.096675;0.451260;0.049343;,
  -0.139176;0.525427;0.064769;,
  -0.144403;0.483919;0.080765;,
  -0.138186;0.525575;0.067988;,
  -0.153784;0.466846;0.077092;,
  -0.153610;0.454234;0.078230;,
  -0.099938;0.439205;0.051032;,
  -0.107720;0.435501;0.052831;,
  -0.099938;0.439205;0.051032;,
  -0.153610;0.454234;0.078230;,
  -0.095440;0.548066;0.039385;,
  -0.092361;0.550401;0.038327;,
  -0.098077;0.554980;0.040162;,
  -0.095745;0.559279;0.039329;,
  -0.101249;0.563571;0.042008;,
  -0.113255;0.567068;0.048461;,
  -0.119561;0.561238;0.051588;,
  -0.119532;0.566208;0.052113;,
  -0.123981;0.556380;0.054565;,
  -0.125188;0.559963;0.055969;,
  -0.092361;0.550401;0.038327;,
  -0.125188;0.562304;0.059024;,
  -0.125188;0.559963;0.055969;,
  -0.095745;0.559279;0.039329;,
  -0.119532;0.566208;0.052113;,
  -0.092361;0.550401;0.038327;,
  -0.027762;0.463858;0.188051;,
  0.016357;0.470614;0.183425;,
  0.005278;0.481680;0.200087;,
  -0.017114;0.452251;0.169933;,
  -0.030461;0.581680;0.124044;,
  -0.003439;0.587539;0.120393;,
  -0.023875;0.577256;0.112342;,
  -0.008537;0.592713;0.132681;,
  0.011676;0.535208;0.122195;,
  -0.002712;0.464045;0.133252;,
  -0.009884;0.524219;0.113912;,
  0.022187;0.476819;0.142691;,
  -0.035909;0.488691;0.192418;,
  -0.038257;0.545370;0.164000;,
  -0.008332;0.517890;0.194715;,
  -0.016286;0.499925;0.198684;,
  -0.009615;0.506980;0.199222;,
  -0.010181;0.559680;0.174786;,
  -0.031570;0.471789;0.192337;,
  0.000730;0.488422;0.204121;,
  0.022993;0.465401;0.150376;,
  -0.006242;0.449021;0.149057;,
  -0.002978;0.452077;0.140531;,
  0.020871;0.464148;0.158917;,
  -0.002978;0.452077;0.140531;,
  0.022993;0.465401;0.150376;,
  -0.033662;0.485382;0.189330;,
  -0.031570;0.471789;0.192337;,
  -0.014318;0.496477;0.195484;,
  0.000730;0.488422;0.204121;,
  -0.004464;0.587827;0.136046;,
  0.008484;0.546300;0.149830;,
  0.000128;0.582863;0.124457;,
  0.002501;0.572701;0.113692;,
  -0.017206;0.562784;0.105928;,
  -0.036428;0.576807;0.139474;,
  -0.012465;0.588866;0.148914;,
  -0.020356;0.572393;0.107448;,
  -0.000520;0.582375;0.115262;,
  -0.010915;0.593724;0.139622;,
  -0.033693;0.582262;0.130649;,
  0.008323;0.485273;0.200583;,
  0.019193;0.473982;0.183590;,
  -0.006009;0.592340;0.133983;,
  -0.001141;0.587161;0.121838;,
  0.001535;0.503438;0.200926;,
  0.005977;0.495135;0.201150;,
  0.004107;0.503462;0.198785;,
  0.004199;0.491498;0.204309;,
  0.008987;0.490564;0.198413;,
  0.008323;0.485273;0.200583;,
  0.019193;0.473982;0.183590;,
  0.023447;0.472957;0.157697;,
  0.019506;0.479381;0.181734;,
  0.023385;0.467424;0.159149;,
  0.024772;0.473741;0.151918;,
  0.025228;0.468514;0.151275;,
  0.024167;0.480927;0.147019;,
  0.024395;0.478830;0.144265;,
  0.013573;0.536729;0.127205;,
  0.013633;0.536433;0.123883;,
  -0.005055;0.557032;0.171722;,
  -0.002934;0.555230;0.169980;,
  0.013633;0.536433;0.123883;,
  0.024395;0.478830;0.144265;,
  -0.006477;0.514380;0.191479;,
  -0.005055;0.557032;0.171722;,
  -0.008312;0.556179;0.171555;,
  0.001535;0.503438;0.200926;,
  0.004199;0.491498;0.204309;,
  0.025228;0.468514;0.151275;,
  0.023385;0.467424;0.159149;,
  0.025228;0.468514;0.151275;,
  0.004199;0.491498;0.204309;,
  0.004593;0.571637;0.119155;,
  0.004379;0.573197;0.115471;,
  0.002415;0.578660;0.120298;,
  0.001578;0.582213;0.116937;,
  -0.001141;0.587161;0.121838;,
  -0.006009;0.592340;0.133983;,
  -0.006183;0.587955;0.142000;,
  -0.008068;0.592474;0.140999;,
  -0.006830;0.583986;0.147985;,
  -0.008932;0.587357;0.148676;,
  0.004379;0.573197;0.115471;,
  -0.012465;0.588866;0.148914;,
  -0.008932;0.587357;0.148676;,
  0.001578;0.582213;0.116937;,
  -0.008068;0.592474;0.140999;,
  0.004379;0.573197;0.115471;,
  -0.104550;0.467134;0.145797;,
  -0.068858;0.471771;0.169283;,
  -0.071532;0.474914;0.172127;,
  -0.101480;0.464084;0.143268;,
  -0.134020;0.465572;0.114180;,
  -0.130597;0.462541;0.112031;,
  -0.141723;0.468734;0.093083;,
  -0.145342;0.471792;0.094966;,
  -0.148056;0.487243;0.082490;,
  -0.138186;0.525575;0.067988;,
  -0.144403;0.483919;0.080765;,
  -0.141868;0.528649;0.069775;,
  -0.125188;0.562304;0.059024;,
  -0.012465;0.588866;0.148914;,
  -0.010181;0.559680;0.174786;,
  -0.008312;0.556179;0.171555;,
  -0.008332;0.517890;0.194715;,
  -0.006477;0.514380;0.191479;,
  -0.016286;0.499925;0.198684;,
  -0.033662;0.485382;0.189330;,
  -0.014318;0.496477;0.195484;,
  -0.035909;0.488691;0.192418;,
  -0.145359;0.473334;0.085443;,
  -0.007732;0.503486;0.195995;,
  -0.145359;0.473334;0.085443;,
  -0.149032;0.476406;0.087243;,
  -0.007732;0.503486;0.195995;,
  -0.009615;0.506980;0.199222;;
  480;
  3;0,1,2;,
  3;3,4,5;,
  3;6,7,8;,
  3;7,6,9;,
  3;10,11,12;,
  3;11,10,13;,
  3;14,15,16;,
  3;15,14,17;,
  3;18,19,20;,
  3;19,18,21;,
  3;22,8,23;,
  3;8,22,6;,
  3;24,12,25;,
  3;12,24,10;,
  3;26,16,27;,
  3;16,26,14;,
  3;28,20,29;,
  3;20,28,18;,
  3;30,23,31;,
  3;23,30,22;,
  3;32,25,33;,
  3;25,32,24;,
  3;34,27,35;,
  3;27,34,26;,
  3;36,29,37;,
  3;29,36,28;,
  3;38,31,39;,
  3;31,38,30;,
  3;40,33,41;,
  3;33,40,32;,
  3;42,35,43;,
  3;35,42,34;,
  3;44,37,45;,
  3;37,44,36;,
  3;46,39,47;,
  3;39,46,38;,
  3;48,41,49;,
  3;41,48,40;,
  3;50,43,51;,
  3;43,50,42;,
  3;52,45,53;,
  3;45,52,44;,
  3;54,55,56;,
  3;57,58,59;,
  3;60,61,62;,
  3;61,60,63;,
  3;64,65,66;,
  3;65,64,67;,
  3;68,69,70;,
  3;69,68,71;,
  3;72,73,74;,
  3;73,72,75;,
  3;61,76,62;,
  3;76,61,77;,
  3;66,78,79;,
  3;78,66,65;,
  3;70,80,81;,
  3;80,70,69;,
  3;74,82,83;,
  3;82,74,73;,
  3;76,84,85;,
  3;84,76,77;,
  3;79,86,87;,
  3;86,79,78;,
  3;81,88,89;,
  3;88,81,80;,
  3;83,90,91;,
  3;90,83,82;,
  3;85,92,93;,
  3;92,85,84;,
  3;87,94,95;,
  3;94,87,86;,
  3;89,96,97;,
  3;96,89,88;,
  3;91,98,99;,
  3;98,91,90;,
  3;93,100,101;,
  3;100,93,92;,
  3;95,102,103;,
  3;102,95,94;,
  3;97,104,105;,
  3;104,97,96;,
  3;99,106,107;,
  3;106,99,98;,
  3;106,53,107;,
  3;53,106,52;,
  3;100,47,101;,
  3;47,100,46;,
  3;102,49,103;,
  3;49,102,48;,
  3;104,51,105;,
  3;51,104,50;,
  3;21,108,19;,
  3;108,21,109;,
  3;17,110,15;,
  3;110,17,111;,
  3;13,112,11;,
  3;112,13,113;,
  3;9,114,7;,
  3;114,9,115;,
  3;68,116,71;,
  3;116,68,117;,
  3;72,118,75;,
  3;118,72,119;,
  3;60,120,63;,
  3;120,60,121;,
  3;64,122,67;,
  3;122,64,123;,
  3;117,124,116;,
  3;124,117,125;,
  3;119,126,118;,
  3;126,119,127;,
  3;121,128,120;,
  3;128,121,129;,
  3;123,130,122;,
  3;130,123,131;,
  3;125,132,124;,
  3;132,125,133;,
  3;127,134,126;,
  3;134,127,135;,
  3;129,136,128;,
  3;136,129,137;,
  3;131,138,130;,
  3;138,131,139;,
  3;140,141,142;,
  3;143,144,145;,
  3;146,147,148;,
  3;149,150,151;,
  3;152,153,154;,
  3;155,156,157;,
  3;158,159,160;,
  3;159,158,161;,
  3;162,163,164;,
  3;165,166,167;,
  3;168,169,170;,
  3;171,172,173;,
  3;174,175,176;,
  3;175,174,177;,
  3;178,179,180;,
  3;181,182,183;,
  3;184,185,186;,
  3;187,188,189;,
  3;190,191,192;,
  3;193,194,195;,
  3;196,197,198;,
  3;199,196,200;,
  3;201,202,203;,
  3;202,201,204;,
  3;205,206,207;,
  3;206,205,208;,
  3;208,209,206;,
  3;209,208,210;,
  3;210,211,209;,
  3;211,210,212;,
  3;213,214,215;,
  3;214,213,216;,
  3;217,216,213;,
  3;216,217,218;,
  3;219,218,217;,
  3;218,219,220;,
  3;221,222,223;,
  3;222,221,224;,
  3;224,225,222;,
  3;225,224,226;,
  3;226,227,225;,
  3;227,226,228;,
  3;229,230,231;,
  3;230,229,232;,
  3;232,233,230;,
  3;233,232,234;,
  3;235,234,236;,
  3;234,237,233;,
  3;235,237,234;,
  3;235,238,237;,
  3;239,207,206;,
  3;207,239,240;,
  3;241,242,243;,
  3;242,241,244;,
  3;239,209,245;,
  3;209,239,206;,
  3;246,242,244;,
  3;242,246,247;,
  3;245,211,248;,
  3;211,245,209;,
  3;249,247,246;,
  3;247,249,250;,
  3;251,223,222;,
  3;223,251,252;,
  3;251,225,253;,
  3;225,251,222;,
  3;253,227,254;,
  3;227,253,225;,
  3;255,256,257;,
  3;256,255,258;,
  3;257,259,260;,
  3;259,257,256;,
  3;260,261,262;,
  3;261,260,259;,
  3;263,264,265;,
  3;266,224,221;,
  3;224,266,267;,
  3;267,226,224;,
  3;226,267,268;,
  3;268,228,226;,
  3;228,268,269;,
  3;270,232,229;,
  3;232,270,271;,
  3;271,234,232;,
  3;234,271,272;,
  3;273,234,272;,
  3;234,273,236;,
  3;274,214,216;,
  3;214,274,275;,
  3;276,213,215;,
  3;213,276,277;,
  3;274,218,278;,
  3;218,274,216;,
  3;279,213,277;,
  3;213,279,217;,
  3;278,220,280;,
  3;220,278,218;,
  3;281,217,279;,
  3;217,281,219;,
  3;275,267,266;,
  3;267,275,274;,
  3;278,267,274;,
  3;267,278,268;,
  3;280,268,278;,
  3;268,280,269;,
  3;279,270,281;,
  3;270,279,271;,
  3;277,271,279;,
  3;271,277,272;,
  3;277,273,272;,
  3;273,277,276;,
  3;282,205,207;,
  3;205,282,283;,
  3;284,214,285;,
  3;214,284,215;,
  3;286,287,288;,
  3;287,286,289;,
  3;288,290,291;,
  3;290,288,287;,
  3;292,293,294;,
  3;293,292,295;,
  3;294,296,297;,
  3;296,294,293;,
  3;297,298,299;,
  3;298,297,296;,
  3;299,300,301;,
  3;300,299,298;,
  3;302,289,286;,
  3;289,302,303;,
  3;304,223,305;,
  3;223,304,221;,
  3;306,307,308;,
  3;307,306,309;,
  3;282,240,310;,
  3;240,282,207;,
  3;311,243,312;,
  3;243,311,241;,
  3;305,252,313;,
  3;252,305,223;,
  3;309,314,262;,
  3;301,315,316;,
  3;315,301,300;,
  3;316,317,318;,
  3;317,316,315;,
  3;318,265,319;,
  3;265,318,317;,
  3;319,264,320;,
  3;264,319,265;,
  3;320,321,322;,
  3;321,320,264;,
  3;322,323,324;,
  3;323,322,321;,
  3;324,303,302;,
  3;303,324,323;,
  3;325,221,304;,
  3;221,325,266;,
  3;306,326,327;,
  3;326,306,308;,
  3;285,275,328;,
  3;275,285,214;,
  3;329,215,284;,
  3;215,329,276;,
  3;328,266,330;,
  3;266,328,275;,
  3;327,276,329;,
  3;276,327,326;,
  3;331,332,333;,
  3;332,331,334;,
  3;211,334,331;,
  3;334,211,212;,
  3;335,336,337;,
  3;336,335,338;,
  3;219,337,220;,
  3;337,219,335;,
  3;339,340,341;,
  3;340,339,342;,
  3;341,227,228;,
  3;227,341,340;,
  3;229,343,344;,
  3;343,229,231;,
  3;345,346,347;,
  3;346,344,343;,
  3;345,344,346;,
  3;345,348,344;,
  3;349,333,350;,
  3;333,349,331;,
  3;351,352,353;,
  3;352,351,354;,
  3;349,211,331;,
  3;211,349,248;,
  3;249,352,250;,
  3;352,249,353;,
  3;355,342,356;,
  3;342,355,340;,
  3;355,227,340;,
  3;227,355,254;,
  3;255,357,258;,
  3;357,255,358;,
  3;358,359,357;,
  3;359,358,360;,
  3;361,362,363;,
  3;364,341,365;,
  3;341,364,339;,
  3;365,228,269;,
  3;228,365,341;,
  3;270,344,366;,
  3;344,270,229;,
  3;344,367,366;,
  3;367,344,348;,
  3;368,336,369;,
  3;336,368,337;,
  3;370,335,371;,
  3;335,370,338;,
  3;368,220,337;,
  3;220,368,280;,
  3;281,335,219;,
  3;335,281,371;,
  3;369,365,368;,
  3;365,369,364;,
  3;280,365,269;,
  3;365,280,368;,
  3;371,270,366;,
  3;270,371,281;,
  3;371,367,370;,
  3;367,371,366;,
  3;332,372,333;,
  3;372,332,373;,
  3;374,336,338;,
  3;336,374,375;,
  3;376,377,378;,
  3;377,376,379;,
  3;379,380,377;,
  3;380,379,381;,
  3;382,383,384;,
  3;383,382,385;,
  3;385,386,383;,
  3;386,385,387;,
  3;387,388,386;,
  3;388,387,389;,
  3;389,390,388;,
  3;390,389,391;,
  3;392,378,393;,
  3;378,392,376;,
  3;394,342,339;,
  3;342,394,395;,
  3;396,397,398;,
  3;397,396,399;,
  3;372,350,333;,
  3;350,372,400;,
  3;401,354,351;,
  3;354,401,402;,
  3;395,356,342;,
  3;356,395,403;,
  3;360,404,399;,
  3;391,405,390;,
  3;405,391,406;,
  3;406,407,405;,
  3;407,406,408;,
  3;408,363,407;,
  3;363,408,409;,
  3;409,361,363;,
  3;361,409,410;,
  3;410,411,361;,
  3;411,410,412;,
  3;412,413,411;,
  3;413,412,414;,
  3;414,393,413;,
  3;393,414,392;,
  3;415,339,364;,
  3;339,415,394;,
  3;397,416,398;,
  3;416,397,417;,
  3;375,369,336;,
  3;369,375,418;,
  3;419,338,370;,
  3;338,419,374;,
  3;418,364,369;,
  3;364,418,420;,
  3;417,370,416;,
  3;370,417,419;,
  3;421,422,423;,
  3;422,421,424;,
  3;425,424,421;,
  3;424,425,426;,
  3;425,427,426;,
  3;427,425,428;,
  3;429,430,431;,
  3;430,429,432;,
  3;430,432,433;,
  3;434,435,436;,
  3;437,436,435;,
  3;436,437,438;,
  3;439,440,441;,
  3;440,439,442;,
  3;423,440,442;,
  3;440,423,422;,
  3;307,309,443;,
  3;309,261,443;,
  3;399,396,444;,
  3;360,399,359;,
  3;445,428,446;,
  3;428,445,427;,
  3;446,431,445;,
  3;431,446,429;,
  3;447,437,448;,
  3;437,447,438;,
  3;439,447,448;,
  3;447,439,441;,
  3;205,242,208;,
  3;242,205,243;,
  3;208,247,210;,
  3;247,208,242;,
  3;210,250,212;,
  3;250,210,247;,
  3;312,205,283;,
  3;205,312,243;,
  3;292,290,295;,
  3;290,292,291;,
  3;334,354,332;,
  3;354,334,352;,
  3;212,352,334;,
  3;352,212,250;,
  3;332,402,373;,
  3;402,332,354;,
  3;380,382,384;,
  3;382,380,381;,
  3;405,362,390;,
  3;362,407,363;,
  3;405,407,362;,
  3;390,386,388;,
  3;390,383,386;,
  3;390,384,383;,
  3;390,362,384;,
  3;377,393,378;,
  3;393,384,362;,
  3;393,380,384;,
  3;377,380,393;,
  3;362,413,393;,
  3;362,411,413;,
  3;362,361,411;,
  3;323,263,303;,
  3;263,321,264;,
  3;323,321,263;,
  3;303,287,289;,
  3;303,290,287;,
  3;303,295,290;,
  3;303,263,295;,
  3;296,300,298;,
  3;300,295,263;,
  3;300,293,295;,
  3;296,293,300;,
  3;263,315,300;,
  3;263,317,315;,
  3;263,265,317;,
  3;261,309,262;,
  3;359,399,444;;

  MeshNormals {
   449;
   -0.653187;-0.566771;0.502114;,
   -0.653187;-0.566771;0.502114;,
   -0.653187;-0.566770;0.502114;,
   -0.708746;-0.539629;0.454400;,
   -0.708746;-0.539629;0.454400;,
   -0.708746;-0.539629;0.454400;,
   -0.532723;0.699100;0.476934;,
   -0.466027;0.661094;0.588025;,
   -0.542060;0.690676;0.478683;,
   -0.472679;0.639250;0.606576;,
   -0.873565;-0.156263;-0.460941;,
   -0.823073;-0.268705;-0.500349;,
   -0.884598;-0.114576;-0.452060;,
   -0.801321;-0.283626;-0.526726;,
   0.493907;-0.750568;-0.438981;,
   0.218884;-0.663179;-0.715740;,
   0.503948;-0.748866;-0.430391;,
   0.269031;-0.717105;-0.642949;,
   0.823605;0.048663;0.565073;,
   0.807726;0.172780;0.563672;,
   0.844478;0.033992;0.534511;,
   0.782218;0.178587;0.596860;,
   -0.467456;0.785943;0.404695;,
   -0.472989;0.777317;0.414800;,
   -0.873589;0.030396;-0.485715;,
   -0.863275;0.041560;-0.503021;,
   0.463388;-0.790996;-0.399496;,
   0.452951;-0.800087;-0.393314;,
   0.864179;-0.046852;0.500998;,
   0.866910;-0.041707;0.496717;,
   -0.401929;0.836913;0.371523;,
   -0.396260;0.836826;0.377757;,
   -0.584310;0.070248;-0.808484;,
   -0.526191;0.089711;-0.845621;,
   0.397895;-0.839750;-0.369459;,
   0.397484;-0.831010;-0.389139;,
   0.449567;-0.141530;0.881963;,
   0.517130;-0.126802;0.846462;,
   -0.549758;0.736999;0.393190;,
   -0.536868;0.744966;0.395978;,
   -0.142407;0.333183;-0.932046;,
   -0.136582;0.353628;-0.925361;,
   0.526793;-0.700136;-0.481974;,
   0.548794;-0.687440;-0.475660;,
   0.252994;-0.489067;0.834750;,
   0.259698;-0.502090;0.824901;,
   -0.801042;0.536710;0.265093;,
   -0.804168;0.527250;0.274446;,
   -0.025352;0.533117;-0.845662;,
   -0.024423;0.551058;-0.834110;,
   0.764989;-0.574182;-0.291731;,
   0.766402;-0.569850;-0.296477;,
   0.084136;-0.505277;0.858846;,
   0.077282;-0.495272;0.865294;,
   0.111359;-0.953763;0.279171;,
   0.111359;-0.953763;0.279171;,
   0.111359;-0.953763;0.279171;,
   0.111342;-0.953771;0.279150;,
   0.111342;-0.953771;0.279150;,
   0.111342;-0.953771;0.279150;,
   -0.968689;0.187341;0.162925;,
   -0.989036;0.147642;0.003113;,
   -0.987827;0.155376;0.007549;,
   -0.968606;0.182126;0.169211;,
   0.137369;0.118123;0.983451;,
   0.080881;0.227299;0.970460;,
   0.063492;0.242648;0.968035;,
   0.131817;0.102835;0.985926;,
   0.967231;-0.198659;-0.158109;,
   0.989961;-0.139976;-0.019607;,
   0.992095;-0.125443;0.003502;,
   0.964455;-0.209315;-0.161289;,
   -0.143687;-0.137686;-0.979998;,
   -0.079507;-0.230887;-0.969727;,
   -0.073320;-0.221009;-0.972512;,
   -0.143493;-0.152528;-0.977827;,
   -0.979018;-0.022384;-0.202542;,
   -0.977678;-0.032320;-0.207607;,
   0.107880;0.621507;0.775945;,
   0.080820;0.664611;0.742806;,
   0.985958;-0.012612;0.166519;,
   0.982989;-0.024713;0.181992;,
   -0.124343;-0.618969;-0.775510;,
   -0.090724;-0.735095;-0.671866;,
   -0.982996;-0.105365;-0.150393;,
   -0.981202;-0.115092;-0.154910;,
   -0.036821;0.999135;0.019344;,
   -0.060173;0.996751;0.053540;,
   0.982072;0.088763;0.166298;,
   0.982257;0.101583;0.157646;,
   0.098350;-0.990235;-0.098798;,
   0.109331;-0.992896;-0.046954;,
   -0.990621;-0.130854;0.039344;,
   -0.989519;-0.139007;0.039107;,
   0.005656;0.834956;-0.550287;,
   0.008266;0.822060;-0.569341;,
   0.990958;0.117906;-0.064042;,
   0.990434;0.123923;-0.060694;,
   -0.002493;-0.808824;0.588046;,
   -0.006236;-0.821469;0.570219;,
   -0.949248;0.167329;0.266326;,
   -0.924077;0.193336;0.329702;,
   0.015591;0.615781;-0.787764;,
   0.006001;0.616236;-0.787538;,
   0.944698;-0.174428;-0.277706;,
   0.957498;-0.125161;-0.259871;,
   0.015472;-0.558205;0.829559;,
   0.020513;-0.559204;0.828777;,
   0.776419;0.249606;0.578679;,
   0.751671;0.259792;0.606217;,
   0.600092;-0.644021;-0.474474;,
   0.649201;-0.633463;-0.421026;,
   -0.780265;-0.266340;-0.565906;,
   -0.778639;-0.270187;-0.566322;,
   -0.645125;0.508545;0.570259;,
   -0.694815;0.475820;0.539284;,
   0.921175;-0.306099;-0.240293;,
   0.922473;-0.271492;-0.274474;,
   -0.246370;-0.018465;-0.969000;,
   -0.295826;0.022978;-0.954966;,
   -0.932869;0.253912;0.255506;,
   -0.923350;0.263905;0.278888;,
   0.238433;-0.039697;0.970347;,
   0.299203;-0.053969;0.952662;,
   0.762164;-0.441621;-0.473367;,
   0.756661;-0.328053;-0.565549;,
   -0.533075;0.085400;-0.841747;,
   -0.584483;0.206041;-0.784810;,
   -0.795680;0.268555;0.542928;,
   -0.751624;0.253453;0.608952;,
   0.507865;-0.185567;0.841212;,
   0.598560;-0.189384;0.778370;,
   0.351406;-0.240859;-0.904711;,
   0.228625;-0.144809;-0.962684;,
   -0.758544;0.314678;-0.570603;,
   -0.793269;0.424875;-0.436126;,
   -0.330285;0.257384;0.908111;,
   -0.243383;0.261266;0.934080;,
   0.798867;-0.215554;0.561558;,
   0.891720;-0.176335;0.416823;,
   -0.216968;-0.970343;0.106585;,
   -0.216968;-0.970343;0.106585;,
   -0.216968;-0.970343;0.106585;,
   -0.216964;-0.970343;0.106587;,
   -0.216964;-0.970343;0.106587;,
   -0.216964;-0.970343;0.106587;,
   0.216978;0.970341;-0.106578;,
   0.216978;0.970341;-0.106578;,
   0.216978;0.970341;-0.106578;,
   0.216965;0.970343;-0.106584;,
   0.216965;0.970343;-0.106584;,
   0.216965;0.970343;-0.106584;,
   0.801333;-0.239397;-0.548228;,
   0.801333;-0.239397;-0.548228;,
   0.801333;-0.239397;-0.548228;,
   0.801326;-0.239392;-0.548241;,
   0.801326;-0.239392;-0.548241;,
   0.801326;-0.239392;-0.548241;,
   0.557491;-0.033536;0.829506;,
   0.557492;-0.033535;0.829505;,
   0.557489;-0.033536;0.829507;,
   0.557493;-0.033535;0.829504;,
   -0.801328;0.239394;0.548238;,
   -0.801328;0.239394;0.548238;,
   -0.801328;0.239394;0.548238;,
   -0.801325;0.239395;0.548241;,
   -0.801325;0.239395;0.548241;,
   -0.801325;0.239395;0.548241;,
   -0.557490;0.033534;-0.829506;,
   -0.557490;0.033534;-0.829506;,
   -0.557490;0.033534;-0.829506;,
   -0.557492;0.033535;-0.829505;,
   -0.557492;0.033535;-0.829505;,
   -0.557492;0.033535;-0.829505;,
