xof 0303txt 0032
template ColorRGBA {
 <35ff44e0-6c7c-11cf-8f52-0040333594a3>
 FLOAT red;
 FLOAT green;
 FLOAT blue;
 FLOAT alpha;
}

template ColorRGB {
 <d3e16e81-7835-11cf-8f52-0040333594a3>
 FLOAT red;
 FLOAT green;
 FLOAT blue;
}

template Material {
 <3d82ab4d-62da-11cf-ab39-0020af71e433>
 ColorRGBA faceColor;
 FLOAT power;
 ColorRGB specularColor;
 ColorRGB emissiveColor;
 [...]
}

template TextureFilename {
 <a42790e1-7810-11cf-8f52-0040333594a3>
 STRING filename;
}

template Frame {
 <3d82ab46-62da-11cf-ab39-0020af71e433>
 [...]
}

template Matrix4x4 {
 <f6f23f45-7686-11cf-8f52-0040333594a3>
 array FLOAT matrix[16];
}

template FrameTransformMatrix {
 <f6f23f41-7686-11cf-8f52-0040333594a3>
 Matrix4x4 frameMatrix;
}

template Vector {
 <3d82ab5e-62da-11cf-ab39-0020af71e433>
 FLOAT x;
 FLOAT y;
 FLOAT z;
}

template MeshFace {
 <3d82ab5f-62da-11cf-ab39-0020af71e433>
 DWORD nFaceVertexIndices;
 array DWORD faceVertexIndices[nFaceVertexIndices];
}

template Mesh {
 <3d82ab44-62da-11cf-ab39-0020af71e433>
 DWORD nVertices;
 array Vector vertices[nVertices];
 DWORD nFaces;
 array MeshFace faces[nFaces];
 [...]
}

template MeshNormals {
 <f6f23f43-7686-11cf-8f52-0040333594a3>
 DWORD nNormals;
 array Vector normals[nNormals];
 DWORD nFaceNormals;
 array MeshFace faceNormals[nFaceNormals];
}

template MeshMaterialList {
 <f6f23f42-7686-11cf-8f52-0040333594a3>
 DWORD nMaterials;
 DWORD nFaceIndexes;
 array DWORD faceIndexes[nFaceIndexes];
 [Material <3d82ab4d-62da-11cf-ab39-0020af71e433>]
}

template Coords2d {
 <f6f23f44-7686-11cf-8f52-0040333594a3>
 FLOAT u;
 FLOAT v;
}

template MeshTextureCoords {
 <f6f23f40-7686-11cf-8f52-0040333594a3>
 DWORD nTextureCoords;
 array Coords2d textureCoords[nTextureCoords];
}

template XSkinMeshHeader {
 <3cf169ce-ff7c-44ab-93c0-f78f62d172e2>
 WORD nMaxSkinWeightsPerVertex;
 WORD nMaxSkinWeightsPerFace;
 WORD nBones;
}

template SkinWeights {
 <6f0d123b-bad2-4167-a0d0-80224f25fabb>
 STRING transformNodeName;
 DWORD nWeights;
 array DWORD vertexIndices[nWeights];
 array FLOAT weights[nWeights];
 Matrix4x4 matrixOffset;
}

template AnimTicksPerSecond {
 <9e415a43-7ba6-4a73-8743-b73d47e88476>
 DWORD AnimTicksPerSecond;
}

template Animation {
 <3d82ab4f-62da-11cf-ab39-0020af71e433>
 [...]
}

template AnimationSet {
 <3d82ab50-62da-11cf-ab39-0020af71e433>
 [Animation <3d82ab4f-62da-11cf-ab39-0020af71e433>]
}

template FloatKeys {
 <10dd46a9-775b-11cf-8f52-0040333594a3>
 DWORD nValues;
 array FLOAT values[nValues];
}

template TimedFloatKeys {
 <f406b180-7b3b-11cf-8f52-0040333594a3>
 DWORD time;
 FloatKeys tfkeys;
}

template AnimationKey {
 <10dd46a8-775b-11cf-8f52-0040333594a3>
 DWORD keyType;
 DWORD nKeys;
 array TimedFloatKeys keys[nKeys];
}


Material _10_-_Defaultaaa {
 1.000000;1.000000;1.000000;1.000000;;
 100.000000;
 0.200000;0.200000;0.200000;;
 0.000000;0.000000;0.000000;;

 TextureFilename {
  "TireShoulderpad.png";
 }
}

Frame Dummy01 {
 

 FrameTransformMatrix {
  1.000000,0.000000,0.000000,0.000000,0.000000,-0.000000,-1.000000,0.000000,0.000000,1.000000,-0.000000,0.000000,0.000000,0.000000,0.000000,1.000000;;
 }

 Frame Bip01 {
  

  FrameTransformMatrix {
   -0.087155,0.982405,-0.165183,0.000000,-0.000001,0.165814,0.986157,0.000000,0.996195,0.085949,-0.014450,0.000000,-0.010000,-0.012284,0.490453,1.000000;;
  }

  Frame Bip01_Pelvis {
   

   FrameTransformMatrix {
    0.000000,1.000000,-0.000001,0.000000,-0.000001,0.000001,1.000000,0.000000,1.000000,0.000000,0.000001,0.000000,0.000000,0.000000,0.000000,1.000000;;
   }

   Frame Bip01_Spine {
    

    FrameTransformMatrix {
     0.984686,0.000002,-0.174337,0.000000,-0.000001,1.000000,0.000004,0.000000,0.174337,-0.000004,0.984686,0.000000,0.051619,0.000000,-0.000083,1.000000;;
    }

    Frame Bip01_Spine1 {
     

     FrameTransformMatrix {
      0.997819,0.052687,0.039774,0.000000,-0.044862,0.983198,-0.176942,0.000000,-0.048428,0.174771,0.983417,0.000000,0.106484,-0.000015,-0.000083,1.000000;;
     }

     Frame Bip01_Neck {
      

      FrameTransformMatrix {
       0.966067,-0.020835,0.257451,0.000000,0.025191,0.999590,-0.013632,0.000000,-0.257061,0.019655,0.966195,0.000000,0.130511,-0.000001,0.004626,1.000000;;
      }

      Frame Bip01_Head {
       

       FrameTransformMatrix {
        0.989321,-0.051753,-0.136255,0.000000,0.064251,0.993958,0.088989,0.000000,0.130826,-0.096793,0.986669,0.000000,0.033674,-0.000000,-0.000000,1.000000;;
       }
      }

      Frame Bip01_L_Clavicle {
       

       FrameTransformMatrix {
        -0.205975,0.976135,0.068811,0.000000,0.943873,0.216738,-0.249254,0.000000,-0.258220,0.013609,-0.965990,0.000000,-0.024734,0.015166,0.002017,1.000000;;
       }

       Frame Bip01_L_UpperArm {
        

        FrameTransformMatrix {
         0.385871,-0.777669,0.496320,0.000000,0.922466,0.332598,-0.196046,0.000000,-0.012616,0.533487,0.845714,0.000000,0.087086,-0.000000,0.000000,1.000000;;
        }

        Frame Bip01_L_Forearm {
         

         FrameTransformMatrix {
          0.943939,0.000000,-0.330119,0.000000,0.000000,1.000000,-0.000000,0.000000,0.330119,-0.000000,0.943939,0.000000,0.137062,-0.000000,0.000000,1.000000;;
         }

         Frame Bip01_L_Hand {
          

          FrameTransformMatrix {
           1.000000,-0.000000,0.000000,0.000000,0.000000,0.000796,1.000000,0.000000,0.000000,-1.000000,0.000796,0.000000,0.137062,0.000000,0.000000,1.000000;;
          }

          Frame Bip01_L_Finger0 {
           

           FrameTransformMatrix {
            0.690342,-0.181727,0.700288,0.000000,0.558537,0.749101,-0.356210,0.000000,-0.459853,0.637043,0.618637,0.000000,0.057681,-0.023605,-0.000272,1.000000;;
           }
          }

          Frame Bip01_L_Finger1 {
           

           FrameTransformMatrix {
            0.728079,-0.000546,0.685493,0.000000,0.000000,1.000000,0.000796,0.000000,-0.685493,-0.000580,0.728079,0.000000,0.084102,0.000000,0.000000,1.000000;;
           }
          }
         }
        }
       }
      }

      Frame Bip01_R_Clavicle {
       

       FrameTransformMatrix {
        -0.028509,-0.999573,-0.006461,0.000000,-0.965665,0.025871,0.258498,0.000000,-0.258220,0.013609,-0.965990,0.000000,-0.024080,-0.016250,0.001399,1.000000;;
       }

       Frame Bip01_R_UpperArm {
        

        FrameTransformMatrix {
         0.221390,0.975047,0.016433,0.000000,-0.974986,0.221654,-0.016512,0.000000,-0.019742,-0.012366,0.999729,0.000000,0.087086,0.000000,0.000000,1.000000;;
        }

        Frame Bip01_R_Forearm {
         

         FrameTransformMatrix {
          0.915660,-0.000000,-0.401954,0.000000,-0.000000,1.000000,-0.000000,0.000000,0.401954,-0.000000,0.915660,0.000000,0.137062,0.000000,-0.000000,1.000000;;
         }

         Frame Bip01_R_Hand {
          

          FrameTransformMatrix {
           0.975195,-0.000000,-0.221346,0.000000,-0.221346,0.000796,-0.975195,0.000000,0.000176,1.000000,0.000777,0.000000,0.137062,0.000000,0.000000,1.000000;;
          }

          Frame Bip01_R_Finger0 {
           

           FrameTransformMatrix {
            0.417774,-0.116941,0.900994,0.000000,-0.558537,0.749101,0.356210,0.000000,-0.716591,-0.652054,0.247639,0.000000,0.057681,0.023605,-0.000272,1.000000;;
           }
          }

          Frame Bip01_R_Finger1 {
           

           FrameTransformMatrix {
            0.352436,0.000745,0.935835,0.000000,-0.000000,1.000000,-0.000796,0.000000,-0.935836,0.000281,0.352436,0.000000,0.084102,0.000000,0.000000,1.000000;;
           }
          }
         }
        }
       }
      }
     }

     Frame Bip01_BackPack {
      

      FrameTransformMatrix {
       0.180560,0.080500,-0.980264,0.000000,0.047560,0.994764,0.090451,0.000000,0.982413,-0.062954,0.175786,0.000000,0.063697,0.000003,-0.088856,1.000000;;
      }
     }
    }

    Frame Bip01_L_Thigh {
     

     FrameTransformMatrix {
      -0.888504,0.030427,0.457858,0.000000,-0.032107,-0.999476,0.004114,0.000000,0.457744,-0.011045,0.889016,0.000000,-0.050843,0.055225,-0.008917,1.000000;;
     }

     Frame Bip01_L_Calf {
      

      FrameTransformMatrix {
       0.942235,-0.000000,-0.334952,0.000000,-0.000000,1.000000,-0.000000,0.000000,0.334952,0.000000,0.942235,0.000000,0.237500,0.000000,-0.000000,1.000000;;
      }

      Frame Bip01_L_Foot {
       

       FrameTransformMatrix {
        0.924325,-0.026487,0.380687,0.000000,-0.068962,0.969570,0.234901,0.000000,-0.375325,-0.243378,0.894371,0.000000,0.206841,-0.000000,0.000000,1.000000;;
       }

       Frame Bip01_L_Toe0 {
        

        FrameTransformMatrix {
         0.000000,0.000000,1.000000,0.000000,0.000000,1.000000,-0.000000,0.000000,-1.000000,0.000000,0.000000,0.000000,0.065373,0.000000,0.066450,1.000000;;
        }
       }
      }
     }
    }

    Frame Bip01_R_Thigh {
     

     FrameTransformMatrix {
      -0.996965,0.030321,-0.071704,0.000000,-0.029454,-0.999480,-0.013113,0.000000,-0.072065,-0.010961,0.997340,0.000000,-0.050843,-0.055225,-0.008917,1.000000;;
     }

     Frame Bip01_R_Calf {
      

      FrameTransformMatrix {
       0.730239,0.000000,-0.683192,0.000000,0.000000,1.000000,0.000000,0.000000,0.683192,-0.000000,0.730239,0.000000,0.237500,0.000000,0.000000,1.000000;;
      }

      Frame Bip01_R_Foot {
       

       FrameTransformMatrix {
        0.991957,0.087165,-0.091782,0.000000,-0.093276,0.993546,-0.064539,0.000000,0.085565,0.072581,0.993685,0.000000,0.206841,-0.000000,0.000000,1.000000;;
       }

       Frame Bip01_R_Toe0 {
        

        FrameTransformMatrix {
         0.000000,0.000000,1.000000,0.000000,0.000000,1.000000,-0.000000,0.000000,-1.000000,0.000000,0.000000,0.000000,0.065373,0.000000,0.066450,1.000000;;
        }
       }
      }
     }
    }
   }

   Frame Bip01_DressFront {
    

    FrameTransformMatrix {
     -0.880185,-0.088339,0.466338,0.000000,0.121847,0.907542,0.401896,0.000000,-0.458725,0.410564,-0.788041,0.000000,-0.043935,0.001339,0.061057,1.000000;;
    }

    Frame Bip01_DressFront02 {
     

     FrameTransformMatrix {
      0.912593,0.000001,0.408870,0.000000,-0.000001,1.000000,-0.000000,0.000000,-0.408870,-0.000000,0.912593,0.000000,0.183378,-0.000000,-0.000120,1.000000;;
     }
    }
   }

   Frame Bip01_DressBack {
    

    FrameTransformMatrix {
     -0.886023,0.038029,0.462080,0.000000,0.191625,0.937561,0.290274,0.000000,-0.422190,0.345735,-0.837988,0.000000,-0.047673,-0.000048,-0.078302,1.000000;;
    }

    Frame Bip01_DressBack02 {
     

     FrameTransformMatrix {
      0.936852,0.174932,-0.302833,0.000000,-0.166408,0.984581,0.053939,0.000000,0.307600,-0.000139,0.951516,0.000000,0.176125,0.000000,-0.000103,1.000000;;
     }
    }
   }
  }

  Frame Bip01_Prop1 {
   

   FrameTransformMatrix {
    -0.233929,-0.108090,0.966226,0.000000,0.687222,0.684611,0.242967,0.000000,-0.687752,0.720850,-0.085868,0.000000,0.108125,-0.048422,-0.137969,1.000000;;
   }
  }

  Frame Bip01_Prop2 {
   

   FrameTransformMatrix {
    -0.163643,-0.967062,0.194966,0.000000,0.985576,-0.168906,-0.010564,0.000000,0.043147,0.190425,0.980753,0.000000,-0.138405,-0.102098,0.114818,1.000000;;
   }
  }
 }
}

Frame Translation_Data {
 

 FrameTransformMatrix {
  0.000000,0.000000,-1.000000,0.000000,-1.000000,-0.000000,-0.000000,0.000000,-0.000000,1.000000,-0.000000,0.000000,0.000000,-0.000000,0.000000,1.000000;;
 }
}

Frame Bob_Tire_Shoulderpad_R {
 

 FrameTransformMatrix {
  1.000000,0.000000,0.000000,0.000000,0.000000,1.000000,0.000000,0.000000,0.000000,0.000000,1.000000,0.000000,-0.000925,0.001432,0.000000,1.000000;;
 }

 Mesh Bob_Tire_Shoulderpad_R {
  478;
  -0.049716;0.802592;0.054487;,
  -0.051650;0.811842;0.086370;,
  -0.049138;0.794403;0.075249;,
  -0.054641;0.822842;0.059031;,
  -0.044697;0.790067;0.108180;,
  -0.044219;0.780375;0.088849;,
  -0.034242;0.761821;0.121832;,
  -0.030128;0.762237;0.101090;,
  -0.021960;0.727459;0.125678;,
  -0.001679;0.734397;0.104329;,
  0.000996;0.732041;-0.029812;,
  -0.026977;0.755914;-0.038181;,
  -0.018568;0.754268;-0.020566;,
  -0.014229;0.721173;-0.044604;,
  -0.036894;0.774443;-0.007017;,
  -0.038816;0.785201;-0.022264;,
  -0.047812;0.808666;0.001229;,
  -0.047057;0.791972;0.010588;,
  -0.053308;0.821739;0.029462;,
  -0.049930;0.801748;0.032030;,
  -0.054641;0.822842;0.059031;,
  -0.060547;0.812202;0.087705;,
  -0.051650;0.811842;0.086370;,
  -0.063641;0.823582;0.059422;,
  -0.053353;0.789674;0.110269;,
  -0.044697;0.790067;0.108180;,
  -0.042538;0.760323;0.124392;,
  -0.034242;0.761821;0.121832;,
  -0.029831;0.724774;0.128371;,
  -0.021960;0.727459;0.125678;,
  -0.014229;0.721173;-0.044604;,
  -0.035022;0.754212;-0.041149;,
  -0.026977;0.755914;-0.038181;,
  -0.021833;0.718271;-0.047794;,
  -0.047269;0.784640;-0.024682;,
  -0.038816;0.785201;-0.022264;,
  -0.056576;0.808916;-0.000378;,
  -0.047812;0.808666;0.001229;,
  -0.062262;0.822440;0.028831;,
  -0.053308;0.821739;0.029462;,
  -0.089557;0.805418;0.087801;,
  -0.092816;0.817010;0.058921;,
  -0.082014;0.782478;0.110842;,
  -0.071097;0.750958;0.125263;,
  -0.058122;0.714660;0.129326;,
  -0.063422;0.744718;-0.043773;,
  -0.049955;0.708019;-0.050558;,
  -0.075757;0.777392;-0.026958;,
  -0.085473;0.802098;-0.002141;,
  -0.091398;0.815857;0.027685;,
  -0.117029;0.793290;0.085896;,
  -0.120220;0.804642;0.057613;,
  -0.109642;0.770824;0.108460;,
  -0.099437;0.738525;0.119434;,
  -0.086967;0.702682;0.118544;,
  -0.094120;0.733979;-0.035689;,
  -0.079865;0.698914;-0.044465;,
  -0.105102;0.765413;-0.019206;,
  -0.113030;0.790038;-0.002187;,
  -0.118832;0.803513;0.027022;,
  -0.123605;0.787420;0.084064;,
  -0.126690;0.798393;0.056726;,
  -0.116465;0.765704;0.105874;,
  -0.106401;0.735033;0.115319;,
  -0.094347;0.700388;0.114459;,
  -0.100627;0.729638;-0.031787;,
  -0.086849;0.695744;-0.040270;,
  -0.111243;0.760022;-0.015913;,
  -0.119739;0.784276;-0.001077;,
  -0.125347;0.797301;0.027156;,
  -0.126690;0.798393;0.056726;,
  -0.122665;0.768713;0.072332;,
  -0.123605;0.787420;0.084064;,
  -0.125319;0.776810;0.051712;,
  -0.116630;0.752665;0.088783;,
  -0.116465;0.765704;0.105874;,
  -0.107554;0.731269;0.094765;,
  -0.106401;0.735033;0.115319;,
  -0.097104;0.706281;0.089262;,
  -0.094347;0.700388;0.114459;,
  -0.086849;0.695744;-0.040270;,
  -0.102115;0.725978;-0.012777;,
  -0.100627;0.729638;-0.031787;,
  -0.089300;0.700537;-0.014336;,
  -0.111221;0.748344;-0.002110;,
  -0.111243;0.760022;-0.015913;,
  -0.119650;0.766324;0.008114;,
  -0.119739;0.784276;-0.001077;,
  -0.124272;0.775981;0.029410;,
  -0.125347;0.797301;0.027156;,
  -0.056370;0.800013;0.054395;,
  -0.054138;0.799052;0.096584;,
  -0.065815;0.821076;0.040939;,
  -0.055731;0.791922;0.074937;,
  -0.050799;0.778061;0.088362;,
  -0.036423;0.760633;0.116871;,
  -0.034659;0.760350;0.099709;,
  -0.027023;0.725575;0.120482;,
  -0.005374;0.733062;0.100080;,
  -0.026057;0.753175;-0.019263;,
  -0.019970;0.719125;-0.039408;,
  -0.004017;0.730520;-0.025769;,
  -0.029421;0.754709;-0.037288;,
  -0.043962;0.774528;-0.005965;,
  -0.050039;0.790078;-0.006248;,
  -0.053948;0.789440;0.010962;,
  -0.056688;0.799151;0.032177;,
  -0.036423;0.760633;0.116871;,
  -0.027023;0.725575;0.120482;,
  -0.058500;0.714477;0.123908;,
  -0.019970;0.719125;-0.039408;,
  -0.029421;0.754709;-0.037288;,
  -0.050628;0.707817;-0.044999;,
  -0.065815;0.821076;0.040939;,
  -0.114776;0.770940;0.091665;,
  -0.122704;0.797989;0.040988;,
  -0.054138;0.799052;0.096584;,
  -0.104480;0.735970;0.110703;,
  -0.089344;0.702786;0.110039;,
  -0.098361;0.730020;-0.027201;,
  -0.082002;0.697642;-0.035828;,
  -0.113251;0.773576;-0.006873;,
  -0.050039;0.790078;-0.006248;,
  -0.122704;0.797989;0.040988;,
  -0.117411;0.769743;0.072050;,
  -0.120116;0.777742;0.051649;,
  -0.114776;0.770940;0.091665;,
  -0.111368;0.753861;0.088326;,
  -0.102316;0.732739;0.094999;,
  -0.104480;0.735970;0.110703;,
  -0.091943;0.707985;0.089544;,
  -0.089344;0.702786;0.110039;,
  -0.082002;0.697642;-0.035828;,
  -0.097490;0.727660;-0.013116;,
  -0.084797;0.702447;-0.014653;,
  -0.098361;0.730020;-0.027201;,
  -0.106420;0.749744;-0.002345;,
  -0.113251;0.773576;-0.006873;,
  -0.114649;0.767302;0.008514;,
  -0.119157;0.776895;0.029583;,
  -0.079865;0.698914;-0.044465;,
  -0.082002;0.697642;-0.035828;,
  -0.086849;0.695744;-0.040270;,
  -0.079865;0.698914;-0.044465;,
  -0.050628;0.707817;-0.044999;,
  -0.082002;0.697642;-0.035828;,
  -0.050628;0.707817;-0.044999;,
  -0.079865;0.698914;-0.044465;,
  -0.049955;0.708019;-0.050558;,
  -0.049955;0.708019;-0.050558;,
  -0.019970;0.719125;-0.039408;,
  -0.050628;0.707817;-0.044999;,
  -0.019970;0.719125;-0.039408;,
  -0.049955;0.708019;-0.050558;,
  -0.021833;0.718271;-0.047794;,
  -0.019970;0.719125;-0.039408;,
  -0.021833;0.718271;-0.047794;,
  -0.014229;0.721173;-0.044604;,
  -0.019970;0.719125;-0.039408;,
  0.000996;0.732041;-0.029812;,
  -0.004017;0.730520;-0.025769;,
  0.000996;0.732041;-0.029812;,
  -0.019970;0.719125;-0.039408;,
  -0.014229;0.721173;-0.044604;,
  -0.097490;0.727660;-0.013116;,
  -0.089300;0.700537;-0.014336;,
  -0.084797;0.702447;-0.014653;,
  -0.089300;0.700537;-0.014336;,
  -0.097490;0.727660;-0.013116;,
  -0.102115;0.725978;-0.012777;,
  -0.097490;0.727660;-0.013116;,
  -0.111221;0.748344;-0.002110;,
  -0.102115;0.725978;-0.012777;,
  -0.111221;0.748344;-0.002110;,
  -0.097490;0.727660;-0.013116;,
  -0.106420;0.749744;-0.002345;,
  -0.106420;0.749744;-0.002345;,
  -0.119650;0.766324;0.008114;,
  -0.111221;0.748344;-0.002110;,
  -0.119650;0.766324;0.008114;,
  -0.106420;0.749744;-0.002345;,
  -0.114649;0.767302;0.008514;,
  -0.114649;0.767302;0.008514;,
  -0.124272;0.775981;0.029410;,
  -0.119650;0.766324;0.008114;,
  -0.124272;0.775981;0.029410;,
  -0.114649;0.767302;0.008514;,
  -0.119157;0.776895;0.029583;,
  -0.125319;0.776810;0.051712;,
  -0.119157;0.776895;0.029583;,
  -0.120116;0.777742;0.051649;,
  -0.119157;0.776895;0.029583;,
  -0.125319;0.776810;0.051712;,
  -0.124272;0.775981;0.029410;,
  -0.122665;0.768713;0.072332;,
  -0.120116;0.777742;0.051649;,
  -0.117411;0.769743;0.072050;,
  -0.120116;0.777742;0.051649;,
  -0.122665;0.768713;0.072332;,
  -0.125319;0.776810;0.051712;,
  -0.116630;0.752665;0.088783;,
  -0.117411;0.769743;0.072050;,
  -0.111368;0.753861;0.088326;,
  -0.117411;0.769743;0.072050;,
  -0.116630;0.752665;0.088783;,
  -0.122665;0.768713;0.072332;,
  -0.107554;0.731269;0.094765;,
  -0.111368;0.753861;0.088326;,
  -0.102316;0.732739;0.094999;,
  -0.111368;0.753861;0.088326;,
  -0.107554;0.731269;0.094765;,
  -0.116630;0.752665;0.088783;,
  -0.097104;0.706281;0.089262;,
  -0.102316;0.732739;0.094999;,
  -0.091943;0.707985;0.089544;,
  -0.102316;0.732739;0.094999;,
  -0.097104;0.706281;0.089262;,
  -0.107554;0.731269;0.094765;,
  -0.005374;0.733062;0.100080;,
  -0.030128;0.762237;0.101090;,
  -0.001679;0.734397;0.104329;,
  -0.030128;0.762237;0.101090;,
  -0.005374;0.733062;0.100080;,
  -0.034659;0.760350;0.099709;,
  -0.034659;0.760350;0.099709;,
  -0.044219;0.780375;0.088849;,
  -0.030128;0.762237;0.101090;,
  -0.044219;0.780375;0.088849;,
  -0.034659;0.760350;0.099709;,
  -0.050799;0.778061;0.088362;,
  -0.055731;0.791922;0.074937;,
  -0.044219;0.780375;0.088849;,
  -0.050799;0.778061;0.088362;,
  -0.044219;0.780375;0.088849;,
  -0.055731;0.791922;0.074937;,
  -0.049138;0.794403;0.075249;,
  -0.056370;0.800013;0.054395;,
  -0.049138;0.794403;0.075249;,
  -0.055731;0.791922;0.074937;,
  -0.049138;0.794403;0.075249;,
  -0.056370;0.800013;0.054395;,
  -0.049716;0.802592;0.054487;,
  -0.056688;0.799151;0.032177;,
  -0.049716;0.802592;0.054487;,
  -0.056370;0.800013;0.054395;,
  -0.049716;0.802592;0.054487;,
  -0.056688;0.799151;0.032177;,
  -0.049930;0.801748;0.032030;,
  -0.049930;0.801748;0.032030;,
  -0.053948;0.789440;0.010962;,
  -0.047057;0.791972;0.010588;,
  -0.053948;0.789440;0.010962;,
  -0.049930;0.801748;0.032030;,
  -0.056688;0.799151;0.032177;,
  -0.047057;0.791972;0.010588;,
  -0.043962;0.774528;-0.005965;,
  -0.036894;0.774443;-0.007017;,
  -0.043962;0.774528;-0.005965;,
  -0.047057;0.791972;0.010588;,
  -0.053948;0.789440;0.010962;,
  -0.036894;0.774443;-0.007017;,
  -0.026057;0.753175;-0.019263;,
  -0.018568;0.754268;-0.020566;,
  -0.026057;0.753175;-0.019263;,
  -0.036894;0.774443;-0.007017;,
  -0.043962;0.774528;-0.005965;,
  -0.018568;0.754268;-0.020566;,
  -0.004017;0.730520;-0.025769;,
  0.000996;0.732041;-0.029812;,
  -0.004017;0.730520;-0.025769;,
  -0.018568;0.754268;-0.020566;,
  -0.026057;0.753175;-0.019263;,
  -0.082002;0.697642;-0.035828;,
  -0.089300;0.700537;-0.014336;,
  -0.086849;0.695744;-0.040270;,
  -0.089300;0.700537;-0.014336;,
  -0.082002;0.697642;-0.035828;,
  -0.084797;0.702447;-0.014653;,
  -0.001679;0.734397;0.104329;,
  -0.027023;0.725575;0.120482;,
  -0.005374;0.733062;0.100080;,
  -0.027023;0.725575;0.120482;,
  -0.001679;0.734397;0.104329;,
  -0.021960;0.727459;0.125678;,
  -0.027023;0.725575;0.120482;,
  -0.021960;0.727459;0.125678;,
  -0.029831;0.724774;0.128371;,
  -0.027023;0.725575;0.120482;,
  -0.058122;0.714660;0.129326;,
  -0.058500;0.714477;0.123908;,
  -0.058122;0.714660;0.129326;,
  -0.027023;0.725575;0.120482;,
  -0.029831;0.724774;0.128371;,
  -0.058500;0.714477;0.123908;,
  -0.086967;0.702682;0.118544;,
  -0.089344;0.702786;0.110039;,
  -0.086967;0.702682;0.118544;,
  -0.058500;0.714477;0.123908;,
  -0.058122;0.714660;0.129326;,
  -0.089344;0.702786;0.110039;,
  -0.086967;0.702682;0.118544;,
  -0.094347;0.700388;0.114459;,
  -0.089344;0.702786;0.110039;,
  -0.097104;0.706281;0.089262;,
  -0.091943;0.707985;0.089544;,
  -0.097104;0.706281;0.089262;,
  -0.089344;0.702786;0.110039;,
  -0.094347;0.700388;0.114459;,
  0.091996;0.691560;-0.000796;,
  0.103514;0.689100;0.025287;,
  0.098455;0.689100;0.025287;,
  0.096520;0.691560;-0.003062;,
  0.058516;0.700129;-0.033784;,
  0.060942;0.700802;-0.038173;,
  -0.001532;0.712197;-0.034592;,
  -0.001532;0.713446;-0.039495;,
  0.091996;0.707961;-0.000796;,
  0.103514;0.705501;0.025287;,
  0.096520;0.707961;-0.003062;,
  0.098455;0.705501;0.025287;,
  0.058369;0.716352;-0.031378;,
  0.060795;0.717025;-0.035767;,
  -0.001532;0.728090;-0.030542;,
  -0.001532;0.729339;-0.035445;,
  0.096520;0.707961;-0.003062;,
  0.103514;0.689100;0.025287;,
  0.096520;0.691560;-0.003062;,
  0.103514;0.705501;0.025287;,
  0.060795;0.717025;-0.035767;,
  0.060942;0.700802;-0.038173;,
  -0.001532;0.729339;-0.035445;,
  -0.001532;0.713446;-0.039495;,
  0.058369;0.716352;-0.031378;,
  -0.001532;0.712197;-0.034592;,
  0.058516;0.700129;-0.033784;,
  -0.001532;0.728090;-0.030542;,
  0.091996;0.707961;-0.000796;,
  0.091996;0.691560;-0.000796;,
  0.098455;0.705501;0.025287;,
  0.098455;0.689100;0.025287;,
  0.096983;0.691560;0.082700;,
  0.108524;0.689100;0.056255;,
  0.101058;0.691560;0.085698;,
  0.103464;0.689100;0.056255;,
  0.057371;0.700419;0.102911;,
  0.058699;0.700340;0.107792;,
  -0.002039;0.714213;0.105158;,
  -0.002039;0.714208;0.110218;,
  0.096983;0.709069;0.082167;,
  0.108524;0.705501;0.056255;,
  0.103464;0.705501;0.056255;,
  0.101058;0.709481;0.085137;,
  0.057793;0.716814;0.103060;,
  0.059121;0.716735;0.107942;,
  -0.002039;0.730614;0.105176;,
  -0.002039;0.730608;0.110236;,
  0.101058;0.709481;0.085137;,
  0.108524;0.689100;0.056255;,
  0.108524;0.705501;0.056255;,
  0.101058;0.691560;0.085698;,
  0.059121;0.716735;0.107942;,
  0.058699;0.700340;0.107792;,
  -0.002039;0.730608;0.110236;,
  -0.002039;0.714208;0.110218;,
  0.057793;0.716814;0.103060;,
  -0.002039;0.714213;0.105158;,
  -0.002039;0.730614;0.105176;,
  0.057371;0.700419;0.102911;,
  0.096983;0.709069;0.082167;,
  0.096983;0.691560;0.082700;,
  0.103464;0.705501;0.056255;,
  0.103464;0.689100;0.056255;,
  0.103514;0.705501;0.025287;,
  0.103464;0.705501;0.056255;,
  0.108524;0.705501;0.056255;,
  0.103464;0.705501;0.056255;,
  0.103514;0.705501;0.025287;,
  0.098455;0.705501;0.025287;,
  0.103514;0.689100;0.025287;,
  0.103464;0.689100;0.056255;,
  0.098455;0.689100;0.025287;,
  0.108524;0.689100;0.056255;,
  -0.037436;0.722836;-0.035033;,
  -0.034047;0.722739;-0.031277;,
  -0.037037;0.738564;-0.028174;,
  -0.040425;0.738660;-0.031930;,
  -0.040425;0.738660;-0.031930;,
  -0.037436;0.722836;-0.035033;,
  -0.034047;0.722739;-0.031277;,
  -0.037037;0.738564;-0.028174;,
  -0.040742;0.724441;0.110840;,
  -0.039981;0.725337;0.115761;,
  -0.041402;0.741449;0.113048;,
  -0.042164;0.740553;0.108127;,
  -0.039981;0.725337;0.115761;,
  -0.041402;0.741449;0.113048;,
  -0.042164;0.740553;0.108127;,
  -0.040742;0.724441;0.110840;,
  -0.074346;0.701536;-0.035313;,
  -0.081645;0.713139;-0.023845;,
  -0.078295;0.699720;-0.024196;,
  -0.079964;0.714178;-0.035495;,
  -0.092427;0.710556;0.002160;,
  -0.089006;0.697150;0.002160;,
  -0.098790;0.708427;0.039073;,
  -0.098124;0.694608;0.039073;,
  -0.096617;0.711385;0.077654;,
  -0.094514;0.697727;0.078340;,
  -0.094465;0.718835;0.090205;,
  -0.089871;0.705794;0.090707;,
  -0.079043;0.699450;-0.035213;,
  -0.086533;0.711893;-0.022853;,
  -0.084662;0.712092;-0.035395;,
  -0.083183;0.698474;-0.023204;,
  -0.097408;0.709285;0.002160;,
  -0.093988;0.695879;0.002160;,
  -0.103925;0.708180;0.039073;,
  -0.103259;0.694361;0.039073;,
  -0.101674;0.710633;0.078189;,
  -0.099572;0.696975;0.078875;,
  -0.099303;0.717119;0.089926;,
  -0.094709;0.704079;0.090427;,
  -0.074346;0.701536;-0.035313;,
  -0.084662;0.712092;-0.035395;,
  -0.079964;0.714178;-0.035495;,
  -0.079043;0.699450;-0.035213;,
  -0.079964;0.714178;-0.035495;,
  -0.086533;0.711893;-0.022853;,
  -0.081645;0.713139;-0.023845;,
  -0.084662;0.712092;-0.035395;,
  -0.097408;0.709285;0.002160;,
  -0.092427;0.710556;0.002160;,
  -0.103925;0.708180;0.039073;,
  -0.098790;0.708427;0.039073;,
  -0.101674;0.710633;0.078189;,
  -0.096617;0.711385;0.077654;,
  -0.099303;0.717119;0.089926;,
  -0.094465;0.718835;0.090205;,
  -0.092585;0.717392;0.114967;,
  -0.092665;0.702819;0.112629;,
  -0.087846;0.704512;0.113213;,
  -0.097403;0.715698;0.114383;,
  -0.089871;0.705794;0.090707;,
  -0.099572;0.696975;0.078875;,
  -0.094514;0.697727;0.078340;,
  -0.094709;0.704079;0.090427;,
  -0.103259;0.694361;0.039073;,
  -0.098124;0.694608;0.039073;,
  -0.093988;0.695879;0.002160;,
  -0.089006;0.697150;0.002160;,
  -0.083183;0.698474;-0.023204;,
  -0.078295;0.699720;-0.024196;,
  -0.079043;0.699450;-0.035213;,
  -0.074346;0.701536;-0.035313;,
  -0.094465;0.718835;0.090205;,
  -0.087846;0.704512;0.113213;,
  -0.089871;0.705794;0.090707;,
  -0.087846;0.704512;0.113213;,
  -0.094465;0.718835;0.090205;,
  -0.092585;0.717392;0.114967;,
  -0.089871;0.705794;0.090707;,
  -0.092665;0.702819;0.112629;,
  -0.094709;0.704079;0.090427;,
  -0.092665;0.702819;0.112629;,
  -0.089871;0.705794;0.090707;,
  -0.087846;0.704512;0.113213;,
  -0.094709;0.704079;0.090427;,
  -0.097403;0.715698;0.114383;,
  -0.099303;0.717119;0.089926;,
  -0.097403;0.715698;0.114383;,
  -0.094709;0.704079;0.090427;,
  -0.092665;0.702819;0.112629;,
  -0.099303;0.717119;0.089926;,
  -0.092585;0.717392;0.114967;,
  -0.094465;0.718835;0.090205;,
  -0.092585;0.717392;0.114967;,
  -0.099303;0.717119;0.089926;,
  -0.097403;0.715698;0.114383;;
  332;
  3;0,1,2;,
  3;1,0,3;,
  3;2,4,5;,
  3;4,2,1;,
  3;5,6,7;,
  3;6,5,4;,
  3;7,8,9;,
  3;8,7,6;,
  3;10,11,12;,
  3;11,10,13;,
  3;14,11,15;,
  3;11,14,12;,
  3;14,16,17;,
  3;16,14,15;,
  3;17,18,19;,
  3;18,17,16;,
  3;19,3,0;,
  3;3,19,18;,
  3;20,21,22;,
  3;21,20,23;,
  3;22,24,25;,
  3;24,22,21;,
  3;25,26,27;,
  3;26,25,24;,
  3;27,28,29;,
  3;28,27,26;,
  3;30,31,32;,
  3;31,30,33;,
  3;32,34,35;,
  3;34,32,31;,
  3;35,36,37;,
  3;36,35,34;,
  3;37,38,39;,
  3;38,37,36;,
  3;39,23,20;,
  3;23,39,38;,
  3;23,40,21;,
  3;40,23,41;,
  3;21,42,24;,
  3;42,21,40;,
  3;24,43,26;,
  3;43,24,42;,
  3;26,44,28;,
  3;44,26,43;,
  3;33,45,31;,
  3;45,33,46;,
  3;31,47,34;,
  3;47,31,45;,
  3;34,48,36;,
  3;48,34,47;,
  3;36,49,38;,
  3;49,36,48;,
  3;38,41,23;,
  3;41,38,49;,
  3;41,50,40;,
  3;50,41,51;,
  3;40,52,42;,
  3;52,40,50;,
  3;42,53,43;,
  3;53,42,52;,
  3;43,54,44;,
  3;54,43,53;,
  3;46,55,45;,
  3;55,46,56;,
  3;45,57,47;,
  3;57,45,55;,
  3;47,58,48;,
  3;58,47,57;,
  3;48,59,49;,
  3;59,48,58;,
  3;49,51,41;,
  3;51,49,59;,
  3;51,60,50;,
  3;60,51,61;,
  3;50,62,52;,
  3;62,50,60;,
  3;52,63,53;,
  3;63,52,62;,
  3;53,64,54;,
  3;64,53,63;,
  3;56,65,55;,
  3;65,56,66;,
  3;55,67,57;,
  3;67,55,65;,
  3;57,68,58;,
  3;68,57,67;,
  3;58,69,59;,
  3;69,58,68;,
  3;59,61,51;,
  3;61,59,69;,
  3;70,71,72;,
  3;71,70,73;,
  3;72,74,75;,
  3;74,72,71;,
  3;75,76,77;,
  3;76,75,74;,
  3;77,78,79;,
  3;78,77,76;,
  3;80,81,82;,
  3;81,80,83;,
  3;82,84,85;,
  3;84,82,81;,
  3;85,86,87;,
  3;86,85,84;,
  3;87,88,89;,
  3;88,87,86;,
  3;89,73,70;,
  3;73,89,88;,
  3;90,91,92;,
  3;91,90,93;,
  3;93,94,91;,
  3;95,94,96;,
  3;94,95,91;,
  3;96,97,95;,
  3;97,96,98;,
  3;99,100,101;,
  3;100,99,102;,
  3;103,102,99;,
  3;102,103,104;,
  3;103,105,104;,
  3;105,92,104;,
  3;92,105,106;,
  3;106,90,92;,
  3;107,108,109;,
  3;110,111,112;,
  3;113,114,115;,
  3;114,113,116;,
  3;116,117,114;,
  3;117,116,107;,
  3;107,118,117;,
  3;118,107,109;,
  3;119,112,111;,
  3;112,119,120;,
  3;111,121,119;,
  3;121,111,122;,
  3;122,115,121;,
  3;115,122,113;,
  3;123,124,125;,
  3;124,123,126;,
  3;126,127,124;,
  3;126,128,127;,
  3;128,126,129;,
  3;129,130,128;,
  3;130,129,131;,
  3;132,133,134;,
  3;133,132,135;,
  3;135,136,133;,
  3;136,135,137;,
  3;137,138,136;,
  3;137,139,138;,
  3;139,137,123;,
  3;123,125,139;,
  3;140,141,142;,
  3;143,144,145;,
  3;146,147,148;,
  3;149,150,151;,
  3;152,153,154;,
  3;155,156,157;,
  3;158,159,160;,
  3;161,162,163;,
  3;164,165,166;,
  3;167,168,169;,
  3;170,171,172;,
  3;173,174,175;,
  3;176,177,178;,
  3;179,180,181;,
  3;182,183,184;,
  3;185,186,187;,
  3;188,189,190;,
  3;191,192,193;,
  3;194,195,196;,
  3;197,198,199;,
  3;200,201,202;,
  3;203,204,205;,
  3;206,207,208;,
  3;209,210,211;,
  3;212,213,214;,
  3;215,216,217;,
  3;218,219,220;,
  3;221,222,223;,
  3;224,225,226;,
  3;227,228,229;,
  3;230,231,232;,
  3;233,234,235;,
  3;236,237,238;,
  3;239,240,241;,
  3;242,243,244;,
  3;245,246,247;,
  3;248,249,250;,
  3;251,252,253;,
  3;254,255,256;,
  3;257,258,259;,
  3;260,261,262;,
  3;263,264,265;,
  3;266,267,268;,
  3;269,270,271;,
  3;272,273,274;,
  3;275,276,277;,
  3;278,279,280;,
  3;281,282,283;,
  3;284,285,286;,
  3;287,288,289;,
  3;290,291,292;,
  3;293,294,295;,
  3;296,297,298;,
  3;299,300,301;,
  3;302,303,304;,
  3;305,306,307;,
  3;308,309,310;,
  3;309,308,311;,
  3;312,311,308;,
  3;311,312,313;,
  3;314,313,312;,
  3;313,314,315;,
  3;316,317,318;,
  3;317,316,319;,
  3;320,318,321;,
  3;318,320,316;,
  3;322,321,323;,
  3;321,322,320;,
  3;324,325,326;,
  3;325,324,327;,
  3;328,326,329;,
  3;326,328,324;,
  3;330,329,331;,
  3;329,330,328;,
  3;332,333,334;,
  3;333,332,335;,
  3;336,334,337;,
  3;334,336,332;,
  3;338,337,339;,
  3;337,338,336;,
  3;340,341,342;,
  3;341,340,343;,
  3;344,342,345;,
  3;342,344,340;,
  3;346,345,347;,
  3;345,346,344;,
  3;348,349,350;,
  3;349,348,351;,
  3;352,351,348;,
  3;351,352,353;,
  3;354,353,352;,
  3;353,354,355;,
  3;356,357,358;,
  3;357,356,359;,
  3;360,359,356;,
  3;359,360,361;,
  3;362,361,360;,
  3;361,362,363;,
  3;364,365,366;,
  3;365,364,367;,
  3;368,367,364;,
  3;367,368,369;,
  3;370,369,368;,
  3;369,370,371;,
  3;339,370,338;,
  3;370,339,371;,
  3;372,373,374;,
  3;375,376,377;,
  3;325,358,357;,
  3;358,325,327;,
  3;378,379,380;,
  3;379,378,381;,
  3;314,382,315;,
  3;382,314,383;,
  3;323,384,322;,
  3;384,323,385;,
  3;331,386,330;,
  3;386,331,387;,
  3;335,388,333;,
  3;388,335,389;,
  3;347,390,346;,
  3;390,347,391;,
  3;354,392,355;,
  3;392,354,393;,
  3;362,394,363;,
  3;394,362,395;,
  3;365,396,366;,
  3;396,365,397;,
  3;398,399,400;,
  3;399,398,401;,
  3;400,402,403;,
  3;402,400,399;,
  3;403,404,405;,
  3;404,403,402;,
  3;405,406,407;,
  3;406,405,404;,
  3;407,408,409;,
  3;408,407,406;,
  3;410,411,412;,
  3;411,410,413;,
  3;413,414,411;,
  3;414,413,415;,
  3;415,416,414;,
  3;416,415,417;,
  3;417,418,416;,
  3;418,417,419;,
  3;419,420,418;,
  3;420,419,421;,
  3;422,423,424;,
  3;423,422,425;,
  3;426,427,428;,
  3;427,426,429;,
  3;428,430,431;,
  3;430,428,427;,
  3;431,432,433;,
  3;432,431,430;,
  3;433,434,435;,
  3;434,433,432;,
  3;435,436,437;,
  3;436,435,434;,
  3;438,439,440;,
  3;439,438,441;,
  3;442,443,444;,
  3;443,442,445;,
  3;444,446,447;,
  3;446,444,443;,
  3;447,448,449;,
  3;448,447,446;,
  3;449,450,451;,
  3;450,449,448;,
  3;451,452,453;,
  3;452,451,450;,
  3;454,455,456;,
  3;457,458,459;,
  3;460,461,462;,
  3;463,464,465;,
  3;466,467,468;,
  3;469,470,471;,
  3;472,473,474;,
  3;475,476,477;;

  MeshNormals {
   478;
   0.975695;0.218979;-0.008189;,
   0.979791;0.194346;-0.047330;,
   0.983641;0.175467;-0.040765;,
   0.974733;0.223370;-0.001047;,
   0.958496;0.261675;-0.113188;,
   0.941498;0.330261;-0.067155;,
   0.899038;0.420847;0.120908;,
   0.760908;0.587193;0.276086;,
   0.658748;0.531323;0.532678;,
   0.490272;0.576989;0.653236;,
   0.594968;0.468100;-0.653372;,
   0.723621;0.611064;-0.320895;,
   0.653385;0.716279;-0.245014;,
   0.521655;0.336385;-0.784042;,
   0.925241;0.371125;0.078705;,
   0.948172;0.303372;0.094530;,
   0.967757;0.179847;0.176356;,
   0.958732;0.182103;0.218340;,
   0.984955;0.161350;0.061888;,
   0.982141;0.184710;0.035791;,
   0.087963;0.981824;0.168179;,
   -0.041620;0.831661;0.553722;,
   0.114326;0.836064;0.536589;,
   -0.072004;0.982214;0.173413;,
   0.013148;0.582179;0.812954;,
   0.160991;0.601255;0.782672;,
   0.080780;0.305870;0.948640;,
   0.221790;0.336240;0.915288;,
   0.125742;0.154636;0.979937;,
   0.256367;0.197548;0.946177;,
   0.281500;0.273359;-0.919800;,
   0.111731;0.366962;-0.923502;,
   0.241637;0.401353;-0.883475;,
   0.151918;0.233325;-0.960459;,
   0.042355;0.610177;-0.791132;,
   0.175115;0.628341;-0.757972;,
   -0.017747;0.819865;-0.572282;,
   0.124554;0.824932;-0.551338;,
   -0.061856;0.969700;-0.236337;,
   0.092044;0.969147;-0.228654;,
   -0.278254;0.778055;0.563210;,
   -0.317630;0.932656;0.171068;,
   -0.207452;0.505240;0.837673;,
   -0.169934;0.195400;0.965889;,
   -0.178458;0.046229;0.982861;,
   -0.168742;0.260578;-0.950592;,
   -0.113094;0.154284;-0.981533;,
   -0.221101;0.503874;-0.835000;,
   -0.237219;0.768014;-0.594880;,
   -0.299712;0.920275;-0.251529;,
   -0.511105;0.668744;0.539956;,
   -0.558571;0.814175;0.158486;,
   -0.402504;0.388430;0.828923;,
   -0.358721;0.036542;0.932730;,
   -0.354828;-0.111230;0.928292;,
   -0.439367;0.169881;-0.882098;,
   -0.373950;0.079257;-0.924056;,
   -0.487883;0.314217;-0.814394;,
   -0.460365;0.630593;-0.624834;,
   -0.535352;0.806228;-0.251783;,
   -0.646887;0.564787;0.512399;,
   -0.697695;0.701926;0.143253;,
   -0.522787;0.292324;0.800775;,
   -0.486322;-0.035721;0.873049;,
   -0.435118;-0.173319;0.883534;,
   -0.559522;0.099134;-0.822865;,
   -0.516397;0.004403;-0.856338;,
   -0.604368;0.220042;-0.765716;,
   -0.572729;0.514224;-0.638400;,
   -0.670330;0.697659;-0.252843;,
   -0.997086;-0.072764;0.022922;,
   -0.981903;-0.130557;0.137192;,
   -0.983733;-0.133450;0.120251;,
   -0.997341;-0.069141;0.023015;,
   -0.945159;-0.250403;0.209697;,
   -0.958585;-0.234351;0.161850;,
   -0.924610;-0.354471;0.139452;,
   -0.941479;-0.324516;0.091136;,
   -0.933389;-0.354182;0.057798;,
   -0.943942;-0.329062;0.026315;,
   -0.911028;-0.408426;-0.056721;,
   -0.930045;-0.349892;-0.112217;,
   -0.936730;-0.317506;-0.147401;,
   -0.893121;-0.449815;-0.001262;,
   -0.939379;-0.273083;-0.207347;,
   -0.943729;-0.233386;-0.234320;,
   -0.960473;-0.155593;-0.230830;,
   -0.969598;-0.110654;-0.218254;,
   -0.991645;-0.066535;-0.110511;,
   -0.993301;-0.060120;-0.098684;,
   -0.936526;-0.348511;0.038209;,
   -0.960090;-0.221336;0.170990;,
   -0.928707;-0.370613;0.012223;,
   -0.996333;-0.025476;0.081680;,
   -0.928408;-0.311466;0.202604;,
   -0.920082;-0.391287;-0.018521;,
   -0.789394;-0.574543;-0.216233;,
   -0.656003;-0.487987;-0.575786;,
   -0.480418;-0.525106;-0.702469;,
   -0.792271;-0.556761;0.249648;,
   -0.584818;-0.487935;0.648002;,
   -0.304740;-0.524749;0.794841;,
   -0.904166;-0.415761;0.098118;,
   -0.898628;-0.406053;-0.166097;,
   -0.923771;-0.316434;-0.215678;,
   -0.955150;-0.226177;-0.191137;,
   -0.913796;-0.402422;0.055086;,
   0.166878;-0.252753;-0.953031;,
   -0.065628;-0.119633;-0.990647;,
   0.361680;-0.307183;-0.880242;,
   -0.143852;-0.096877;0.984846;,
   0.128550;-0.338886;0.932004;,
   0.154318;-0.181390;0.971228;,
   0.396599;-0.913709;0.088579;,
   0.327578;-0.631355;-0.702911;,
   0.341767;-0.939557;0.020669;,
   0.337071;-0.627870;-0.701543;,
   0.163511;-0.179853;-0.970009;,
   0.214855;-0.081608;-0.973231;,
   0.260180;-0.266754;0.927981;,
   0.307978;-0.096595;0.946477;,
   0.226058;-0.682024;0.695515;,
   0.203953;-0.699743;0.684663;,
   0.994088;0.105166;0.027005;,
   0.987420;0.083609;-0.134209;,
   0.993640;0.096129;-0.058643;,
   0.969278;0.202423;-0.139732;,
   0.911328;0.246341;-0.329843;,
   0.937244;0.347413;0.029645;,
   0.933958;0.354588;0.044604;,
   0.913909;0.405892;0.004682;,
   0.909703;0.415138;-0.010040;,
   0.893802;0.448132;0.017215;,
   0.912420;0.409094;0.011495;,
   0.893477;0.448821;0.016082;,
   0.915494;0.401589;0.024431;,
   0.947381;0.304572;0.098511;,
   0.958287;0.237828;0.158505;,
   0.964378;0.202492;0.170215;,
   0.987198;0.107255;0.118051;,
   0.394180;-0.918261;-0.037677;,
   0.394180;-0.918261;-0.037677;,
   0.394180;-0.918261;-0.037677;,
   0.289472;-0.954700;-0.068948;,
   0.289472;-0.954700;-0.068948;,
   0.289472;-0.954700;-0.068948;,
   0.291324;-0.956624;0.000471;,
   0.291324;-0.956624;0.000471;,
   0.291324;-0.956624;0.000471;,
   0.344827;-0.938636;0.007606;,
   0.344827;-0.938636;0.007606;,
   0.344827;-0.938636;0.007606;,
   0.340693;-0.939961;0.020043;,
   0.340693;-0.939961;0.020043;,
   0.340693;-0.939961;0.020043;,
   0.350053;-0.936564;0.017619;,
   0.350053;-0.936564;0.017619;,
   0.350053;-0.936564;0.017619;,
   0.438642;-0.872374;0.215769;,
   0.438642;-0.872374;0.215769;,
   0.438642;-0.872374;0.215769;,
   0.461079;-0.871719;0.165865;,
   0.461079;-0.871719;0.165865;,
   0.461079;-0.871719;0.165865;,
   0.079055;-0.020945;0.996650;,
   0.079055;-0.020945;0.996650;,
   0.079055;-0.020945;0.996650;,
   0.080670;-0.020452;0.996531;,
   0.080670;-0.020452;0.996531;,
   0.080670;-0.020452;0.996531;,
   0.196517;-0.355726;0.913696;,
   0.196517;-0.355726;0.913696;,
   0.196517;-0.355726;0.913696;,
   0.155715;-0.381470;0.911172;,
   0.155715;-0.381470;0.911172;,
   0.155715;-0.381470;0.911172;,
   0.167800;-0.426711;0.888685;,
   0.167800;-0.426711;0.888685;,
   0.167800;-0.426711;0.888685;,
   0.032269;-0.514712;0.856756;,
   0.032269;-0.514712;0.856756;,
   0.032269;-0.514712;0.856756;,
   0.139431;-0.890107;0.433899;,
   0.139431;-0.890107;0.433899;,
   0.139431;-0.890107;0.433899;,
   0.144029;-0.888638;0.435406;,
   0.144029;-0.888638;0.435406;,
   0.144029;-0.888638;0.435406;,
   0.176674;-0.983220;0.045445;,
   0.176674;-0.983220;0.045445;,
   0.176674;-0.983220;0.045445;,
   0.174255;-0.983682;0.044769;,
   0.174255;-0.983682;0.044769;,
   0.174255;-0.983682;0.044769;,
   0.158395;-0.911915;-0.378578;,
   0.158395;-0.911915;-0.378578;,
   0.158395;-0.911915;-0.378578;,
   0.158742;-0.911879;-0.378519;,
   0.158742;-0.911879;-0.378519;,
   0.158742;-0.911879;-0.378519;,
   0.095865;-0.694388;-0.713187;,
   0.095865;-0.694388;-0.713187;,
   0.095865;-0.694388;-0.713187;,
   0.097761;-0.694215;-0.713098;,
   0.097761;-0.694215;-0.713098;,
   0.097761;-0.694215;-0.713098;,
   0.114253;-0.254437;-0.960317;,
   0.114253;-0.254437;-0.960317;,
   0.114253;-0.254437;-0.960317;,
   -0.020409;-0.277247;-0.960582;,
   -0.020409;-0.277247;-0.960582;,
   -0.020409;-0.277247;-0.960582;,
   -0.015569;0.208939;-0.977805;,
   -0.015569;0.208939;-0.977805;,
   -0.015569;0.208939;-0.977805;,
   -0.015071;0.209034;-0.977792;,
   -0.015071;0.209034;-0.977792;,
   -0.015071;0.209034;-0.977792;,
   0.567264;0.503855;-0.651415;,
   0.567264;0.503855;-0.651415;,
   0.567264;0.503855;-0.651415;,
