xof 0303txt 0032
template ColorRGBA {
 <35ff44e0-6c7c-11cf-8f52-0040333594a3>
 FLOAT red;
 FLOAT green;
 FLOAT blue;
 FLOAT alpha;
}

template ColorRGB {
 <d3e16e81-7835-11cf-8f52-0040333594a3>
 FLOAT red;
 FLOAT green;
 FLOAT blue;
}

template Material {
 <3d82ab4d-62da-11cf-ab39-0020af71e433>
 ColorRGBA faceColor;
 FLOAT power;
 ColorRGB specularColor;
 ColorRGB emissiveColor;
 [...]
}

template TextureFilename {
 <a42790e1-7810-11cf-8f52-0040333594a3>
 STRING filename;
}

template Frame {
 <3d82ab46-62da-11cf-ab39-0020af71e433>
 [...]
}

template Matrix4x4 {
 <f6f23f45-7686-11cf-8f52-0040333594a3>
 array FLOAT matrix[16];
}

template FrameTransformMatrix {
 <f6f23f41-7686-11cf-8f52-0040333594a3>
 Matrix4x4 frameMatrix;
}

template Vector {
 <3d82ab5e-62da-11cf-ab39-0020af71e433>
 FLOAT x;
 FLOAT y;
 FLOAT z;
}

template MeshFace {
 <3d82ab5f-62da-11cf-ab39-0020af71e433>
 DWORD nFaceVertexIndices;
 array DWORD faceVertexIndices[nFaceVertexIndices];
}

template Mesh {
 <3d82ab44-62da-11cf-ab39-0020af71e433>
 DWORD nVertices;
 array Vector vertices[nVertices];
 DWORD nFaces;
 array MeshFace faces[nFaces];
 [...]
}

template MeshNormals {
 <f6f23f43-7686-11cf-8f52-0040333594a3>
 DWORD nNormals;
 array Vector normals[nNormals];
 DWORD nFaceNormals;
 array MeshFace faceNormals[nFaceNormals];
}

template MeshMaterialList {
 <f6f23f42-7686-11cf-8f52-0040333594a3>
 DWORD nMaterials;
 DWORD nFaceIndexes;
 array DWORD faceIndexes[nFaceIndexes];
 [Material <3d82ab4d-62da-11cf-ab39-0020af71e433>]
}

template Coords2d {
 <f6f23f44-7686-11cf-8f52-0040333594a3>
 FLOAT u;
 FLOAT v;
}

template MeshTextureCoords {
 <f6f23f40-7686-11cf-8f52-0040333594a3>
 DWORD nTextureCoords;
 array Coords2d textureCoords[nTextureCoords];
}

template XSkinMeshHeader {
 <3cf169ce-ff7c-44ab-93c0-f78f62d172e2>
 WORD nMaxSkinWeightsPerVertex;
 WORD nMaxSkinWeightsPerFace;
 WORD nBones;
}

template SkinWeights {
 <6f0d123b-bad2-4167-a0d0-80224f25fabb>
 STRING transformNodeName;
 DWORD nWeights;
 array DWORD vertexIndices[nWeights];
 array FLOAT weights[nWeights];
 Matrix4x4 matrixOffset;
}

template AnimTicksPerSecond {
 <9e415a43-7ba6-4a73-8743-b73d47e88476>
 DWORD AnimTicksPerSecond;
}

template Animation {
 <3d82ab4f-62da-11cf-ab39-0020af71e433>
 [...]
}

template AnimationSet {
 <3d82ab50-62da-11cf-ab39-0020af71e433>
 [Animation <3d82ab4f-62da-11cf-ab39-0020af71e433>]
}

template FloatKeys {
 <10dd46a9-775b-11cf-8f52-0040333594a3>
 DWORD nValues;
 array FLOAT values[nValues];
}

template TimedFloatKeys {
 <f406b180-7b3b-11cf-8f52-0040333594a3>
 DWORD time;
 FloatKeys tfkeys;
}

template AnimationKey {
 <10dd46a8-775b-11cf-8f52-0040333594a3>
 DWORD keyType;
 DWORD nKeys;
 array TimedFloatKeys keys[nKeys];
}


Material _16_-_Defaultoo {
 1.000000;1.000000;1.000000;1.000000;;
 100.000000;
 0.200000;0.200000;0.200000;;
 0.000000;0.000000;0.000000;;

 TextureFilename {
  "ArticulatedShoulderpad.png";
 }
}

Frame Dummy01 {
 

 FrameTransformMatrix {
  1.000000,0.000000,0.000000,0.000000,0.000000,-0.000000,-1.000000,0.000000,0.000000,1.000000,-0.000000,0.000000,0.000000,0.000000,0.000000,1.000000;;
 }

 Frame Bip01 {
  

  FrameTransformMatrix {
   -0.087155,0.982405,-0.165183,0.000000,-0.000001,0.165814,0.986157,0.000000,0.996195,0.085949,-0.014450,0.000000,-0.010000,-0.012284,0.490453,1.000000;;
  }

  Frame Bip01_Pelvis {
   

   FrameTransformMatrix {
    0.000000,1.000000,-0.000001,0.000000,-0.000001,0.000001,1.000000,0.000000,1.000000,0.000000,0.000001,0.000000,0.000000,0.000000,0.000000,1.000000;;
   }

   Frame Bip01_Spine {
    

    FrameTransformMatrix {
     0.984686,0.000002,-0.174337,0.000000,-0.000001,1.000000,0.000004,0.000000,0.174337,-0.000004,0.984686,0.000000,0.051619,0.000000,-0.000083,1.000000;;
    }

    Frame Bip01_Spine1 {
     

     FrameTransformMatrix {
      0.997819,0.052687,0.039774,0.000000,-0.044862,0.983198,-0.176942,0.000000,-0.048428,0.174771,0.983417,0.000000,0.106484,-0.000015,-0.000083,1.000000;;
     }

     Frame Bip01_Neck {
      

      FrameTransformMatrix {
       0.966067,-0.020835,0.257451,0.000000,0.025191,0.999590,-0.013632,0.000000,-0.257061,0.019655,0.966195,0.000000,0.130511,-0.000001,0.004626,1.000000;;
      }

      Frame Bip01_Head {
       

       FrameTransformMatrix {
        0.989321,-0.051753,-0.136255,0.000000,0.064251,0.993958,0.088989,0.000000,0.130826,-0.096793,0.986669,0.000000,0.033674,-0.000000,-0.000000,1.000000;;
       }
      }

      Frame Bip01_L_Clavicle {
       

       FrameTransformMatrix {
        -0.205975,0.976135,0.068811,0.000000,0.943873,0.216738,-0.249254,0.000000,-0.258220,0.013609,-0.965990,0.000000,-0.024734,0.015166,0.002017,1.000000;;
       }

       Frame Bip01_L_UpperArm {
        

        FrameTransformMatrix {
         0.385871,-0.777669,0.496320,0.000000,0.922466,0.332598,-0.196046,0.000000,-0.012616,0.533487,0.845714,0.000000,0.087086,-0.000000,0.000000,1.000000;;
        }

        Frame Bip01_L_Forearm {
         

         FrameTransformMatrix {
          0.943939,0.000000,-0.330119,0.000000,0.000000,1.000000,-0.000000,0.000000,0.330119,-0.000000,0.943939,0.000000,0.137062,-0.000000,0.000000,1.000000;;
         }

         Frame Bip01_L_Hand {
          

          FrameTransformMatrix {
           1.000000,-0.000000,0.000000,0.000000,0.000000,0.000796,1.000000,0.000000,0.000000,-1.000000,0.000796,0.000000,0.137062,0.000000,0.000000,1.000000;;
          }

          Frame Bip01_L_Finger0 {
           

           FrameTransformMatrix {
            0.690342,-0.181727,0.700288,0.000000,0.558537,0.749101,-0.356210,0.000000,-0.459853,0.637043,0.618637,0.000000,0.057681,-0.023605,-0.000272,1.000000;;
           }
          }

          Frame Bip01_L_Finger1 {
           

           FrameTransformMatrix {
            0.728079,-0.000546,0.685493,0.000000,0.000000,1.000000,0.000796,0.000000,-0.685493,-0.000580,0.728079,0.000000,0.084102,0.000000,0.000000,1.000000;;
           }
          }
         }
        }
       }
      }

      Frame Bip01_R_Clavicle {
       

       FrameTransformMatrix {
        -0.028509,-0.999573,-0.006461,0.000000,-0.965665,0.025871,0.258498,0.000000,-0.258220,0.013609,-0.965990,0.000000,-0.024080,-0.016250,0.001399,1.000000;;
       }

       Frame Bip01_R_UpperArm {
        

        FrameTransformMatrix {
         0.221390,0.975047,0.016433,0.000000,-0.974986,0.221654,-0.016512,0.000000,-0.019742,-0.012366,0.999729,0.000000,0.087086,0.000000,0.000000,1.000000;;
        }

        Frame Bip01_R_Forearm {
         

         FrameTransformMatrix {
          0.915660,-0.000000,-0.401954,0.000000,-0.000000,1.000000,-0.000000,0.000000,0.401954,-0.000000,0.915660,0.000000,0.137062,0.000000,-0.000000,1.000000;;
         }

         Frame Bip01_R_Hand {
          

          FrameTransformMatrix {
           0.975195,-0.000000,-0.221346,0.000000,-0.221346,0.000796,-0.975195,0.000000,0.000176,1.000000,0.000777,0.000000,0.137062,0.000000,0.000000,1.000000;;
          }

          Frame Bip01_R_Finger0 {
           

           FrameTransformMatrix {
            0.417774,-0.116941,0.900994,0.000000,-0.558537,0.749101,0.356210,0.000000,-0.716591,-0.652054,0.247639,0.000000,0.057681,0.023605,-0.000272,1.000000;;
           }
          }

          Frame Bip01_R_Finger1 {
           

           FrameTransformMatrix {
            0.352436,0.000745,0.935835,0.000000,-0.000000,1.000000,-0.000796,0.000000,-0.935836,0.000281,0.352436,0.000000,0.084102,0.000000,0.000000,1.000000;;
           }
          }
         }
        }
       }
      }
     }

     Frame Bip01_BackPack {
      

      FrameTransformMatrix {
       0.180560,0.080500,-0.980264,0.000000,0.047560,0.994764,0.090451,0.000000,0.982413,-0.062954,0.175786,0.000000,0.063697,0.000003,-0.088856,1.000000;;
      }
     }
    }

    Frame Bip01_L_Thigh {
     

     FrameTransformMatrix {
      -0.888504,0.030427,0.457858,0.000000,-0.032107,-0.999476,0.004114,0.000000,0.457744,-0.011045,0.889016,0.000000,-0.050843,0.055225,-0.008917,1.000000;;
     }

     Frame Bip01_L_Calf {
      

      FrameTransformMatrix {
       0.942235,-0.000000,-0.334952,0.000000,-0.000000,1.000000,-0.000000,0.000000,0.334952,0.000000,0.942235,0.000000,0.237500,0.000000,-0.000000,1.000000;;
      }

      Frame Bip01_L_Foot {
       

       FrameTransformMatrix {
        0.924325,-0.026487,0.380687,0.000000,-0.068962,0.969570,0.234901,0.000000,-0.375325,-0.243378,0.894371,0.000000,0.206841,-0.000000,0.000000,1.000000;;
       }

       Frame Bip01_L_Toe0 {
        

        FrameTransformMatrix {
         0.000000,0.000000,1.000000,0.000000,0.000000,1.000000,-0.000000,0.000000,-1.000000,0.000000,0.000000,0.000000,0.065373,0.000000,0.066450,1.000000;;
        }
       }
      }
     }
    }

    Frame Bip01_R_Thigh {
     

     FrameTransformMatrix {
      -0.996965,0.030321,-0.071704,0.000000,-0.029454,-0.999480,-0.013113,0.000000,-0.072065,-0.010961,0.997340,0.000000,-0.050843,-0.055225,-0.008917,1.000000;;
     }

     Frame Bip01_R_Calf {
      

      FrameTransformMatrix {
       0.730239,0.000000,-0.683192,0.000000,0.000000,1.000000,0.000000,0.000000,0.683192,-0.000000,0.730239,0.000000,0.237500,0.000000,0.000000,1.000000;;
      }

      Frame Bip01_R_Foot {
       

       FrameTransformMatrix {
        0.991957,0.087165,-0.091782,0.000000,-0.093276,0.993546,-0.064539,0.000000,0.085565,0.072581,0.993685,0.000000,0.206841,-0.000000,0.000000,1.000000;;
       }

       Frame Bip01_R_Toe0 {
        

        FrameTransformMatrix {
         0.000000,0.000000,1.000000,0.000000,0.000000,1.000000,-0.000000,0.000000,-1.000000,0.000000,0.000000,0.000000,0.065373,0.000000,0.066450,1.000000;;
        }
       }
      }
     }
    }
   }

   Frame Bip01_DressFront {
    

    FrameTransformMatrix {
     -0.880185,-0.088339,0.466338,0.000000,0.121847,0.907542,0.401896,0.000000,-0.458725,0.410564,-0.788041,0.000000,-0.043935,0.001339,0.061057,1.000000;;
    }

    Frame Bip01_DressFront02 {
     

     FrameTransformMatrix {
      0.912593,0.000001,0.408870,0.000000,-0.000001,1.000000,-0.000000,0.000000,-0.408870,-0.000000,0.912593,0.000000,0.183378,-0.000000,-0.000120,1.000000;;
     }
    }
   }

   Frame Bip01_DressBack {
    

    FrameTransformMatrix {
     -0.886023,0.038029,0.462080,0.000000,0.191625,0.937561,0.290274,0.000000,-0.422190,0.345735,-0.837988,0.000000,-0.047673,-0.000048,-0.078302,1.000000;;
    }

    Frame Bip01_DressBack02 {
     

     FrameTransformMatrix {
      0.936852,0.174932,-0.302833,0.000000,-0.166408,0.984581,0.053939,0.000000,0.307600,-0.000139,0.951516,0.000000,0.176125,0.000000,-0.000103,1.000000;;
     }
    }
   }
  }

  Frame Bip01_Prop1 {
   

   FrameTransformMatrix {
    -0.233929,-0.108090,0.966226,0.000000,0.687222,0.684611,0.242967,0.000000,-0.687752,0.720850,-0.085868,0.000000,0.108125,-0.048422,-0.137969,1.000000;;
   }
  }

  Frame Bip01_Prop2 {
   

   FrameTransformMatrix {
    -0.163643,-0.967062,0.194966,0.000000,0.985576,-0.168906,-0.010564,0.000000,0.043147,0.190425,0.980753,0.000000,-0.138405,-0.102098,0.114818,1.000000;;
   }
  }
 }
}

Frame Translation_Data {
 

 FrameTransformMatrix {
  0.000000,0.000000,-1.000000,0.000000,-1.000000,-0.000000,-0.000000,0.000000,-0.000000,1.000000,-0.000000,0.000000,0.000000,-0.000000,0.000000,1.000000;;
 }
}

Frame Bob_ArticShoulderSpike_L_ALT {
 

 FrameTransformMatrix {
  -1.000000,0.000000,0.000000,0.000000,0.000000,-1.000000,0.000000,0.000000,0.000000,0.000000,1.000000,0.000000,0.000000,-0.001215,0.093306,1.000000;;
 }

 Mesh Bob_ArticShoulderSpike_L_ALT {
  701;
  -0.173717;-0.795267;-0.001462;,
  -0.168333;-0.756402;0.003210;,
  -0.188638;-0.763033;0.002365;,
  -0.202532;-0.791049;-0.001055;,
  -0.093567;-0.813710;0.014688;,
  -0.052335;-0.803865;0.003301;,
  -0.065481;-0.777515;0.020357;,
  -0.105077;-0.785098;0.028800;,
  -0.141433;-0.802748;0.014563;,
  -0.143356;-0.795761;0.008503;,
  -0.138482;-0.736786;0.009828;,
  -0.168851;-0.758339;0.008380;,
  -0.171522;-0.798317;0.004468;,
  -0.102607;-0.835103;-0.029388;,
  -0.058863;-0.818106;-0.031426;,
  -0.141998;-0.819840;-0.032315;,
  -0.142461;-0.814502;-0.033570;,
  -0.081078;-0.752109;0.032448;,
  -0.106387;-0.738225;0.023899;,
  -0.176215;-0.810705;-0.039024;,
  -0.207055;-0.800644;-0.045259;,
  -0.176603;-0.805708;-0.038939;,
  -0.162748;-0.784432;-0.014698;,
  -0.201407;-0.786232;-0.008801;,
  -0.189456;-0.761158;-0.004958;,
  -0.163764;-0.756082;-0.012057;,
  -0.095109;-0.793042;-0.006244;,
  -0.103397;-0.776425;0.000957;,
  -0.066263;-0.770040;0.004997;,
  -0.053476;-0.791430;-0.006440;,
  -0.133254;-0.785968;-0.006520;,
  -0.134446;-0.737083;-0.004078;,
  -0.062521;-0.801158;-0.034580;,
  -0.101597;-0.808055;-0.035094;,
  -0.132335;-0.795946;-0.035911;,
  -0.072606;-0.744408;0.022133;,
  -0.101893;-0.735317;0.000908;,
  -0.167129;-0.786896;-0.040819;,
  -0.204501;-0.791683;-0.045246;,
  -0.188638;-0.763033;0.002365;,
  -0.189456;-0.761158;-0.004958;,
  -0.201407;-0.786232;-0.008801;,
  -0.202532;-0.791049;-0.001055;,
  -0.204501;-0.791683;-0.045246;,
  -0.207055;-0.800644;-0.045259;,
  -0.058863;-0.818106;-0.031426;,
  -0.062521;-0.801158;-0.034580;,
  -0.053476;-0.791430;-0.006440;,
  -0.052335;-0.803865;0.003301;,
  -0.066263;-0.770040;0.004997;,
  -0.065481;-0.777515;0.020357;,
  -0.072606;-0.744408;0.022133;,
  -0.081078;-0.752109;0.032448;,
  -0.101893;-0.735317;0.000908;,
  -0.105646;-0.732839;0.013607;,
  -0.134446;-0.737083;-0.004078;,
  -0.138482;-0.736786;0.009828;,
  -0.163764;-0.756082;-0.012057;,
  -0.168333;-0.756402;0.003210;,
  -0.173695;-0.795299;-0.089096;,
  -0.202439;-0.790924;-0.087716;,
  -0.188935;-0.762358;-0.089786;,
  -0.167426;-0.755946;-0.094083;,
  -0.093580;-0.813715;-0.105048;,
  -0.105093;-0.785101;-0.119161;,
  -0.065492;-0.777526;-0.110891;,
  -0.052341;-0.803869;-0.093832;,
  -0.141435;-0.802756;-0.104917;,
  -0.143335;-0.795746;-0.099074;,
  -0.171519;-0.798286;-0.093863;,
  -0.166003;-0.757738;-0.098228;,
  -0.139086;-0.748285;-0.100637;,
  -0.058865;-0.818108;-0.059100;,
  -0.102609;-0.835104;-0.060973;,
  -0.141997;-0.819841;-0.058047;,
  -0.142462;-0.814500;-0.056958;,
  -0.081098;-0.752118;-0.122974;,
  -0.107175;-0.738090;-0.114039;,
  -0.176204;-0.810325;-0.051290;,
  -0.176583;-0.805729;-0.051606;,
  -0.162757;-0.784427;-0.075826;,
  -0.162845;-0.755458;-0.078982;,
  -0.188810;-0.761801;-0.082266;,
  -0.201535;-0.786317;-0.081896;,
  -0.095109;-0.793042;-0.084279;,
  -0.053476;-0.791430;-0.084083;,
  -0.066263;-0.770040;-0.095521;,
  -0.103397;-0.776425;-0.091481;,
  -0.133262;-0.785956;-0.084010;,
  -0.134267;-0.748528;-0.085920;,
  -0.101597;-0.808055;-0.055429;,
  -0.062521;-0.801158;-0.055943;,
  -0.132335;-0.795946;-0.054612;,
  -0.072606;-0.744409;-0.112657;,
  -0.102860;-0.735034;-0.091360;,
  -0.167129;-0.786897;-0.049704;,
  -0.188935;-0.762358;-0.089786;,
  -0.202439;-0.790924;-0.087716;,
  -0.201535;-0.786317;-0.081896;,
  -0.188810;-0.761801;-0.082266;,
  -0.058865;-0.818108;-0.059100;,
  -0.052341;-0.803869;-0.093832;,
  -0.053476;-0.791430;-0.084083;,
  -0.062521;-0.801158;-0.055943;,
  -0.065492;-0.777526;-0.110891;,
  -0.066263;-0.770040;-0.095521;,
  -0.081098;-0.752118;-0.122974;,
  -0.072606;-0.744409;-0.112657;,
  -0.107127;-0.732804;-0.103902;,
  -0.102860;-0.735034;-0.091360;,
  -0.139086;-0.748285;-0.100637;,
  -0.134267;-0.748528;-0.085920;,
  -0.167426;-0.755946;-0.094083;,
  -0.162845;-0.755458;-0.078982;,
  -0.167129;-0.786896;-0.040819;,
  -0.167129;-0.786897;-0.049704;,
  -0.204501;-0.791683;-0.045246;,
  -0.132335;-0.795946;-0.035911;,
  -0.132335;-0.795946;-0.054612;,
  -0.101597;-0.808055;-0.035094;,
  -0.101597;-0.808055;-0.055429;,
  -0.062521;-0.801158;-0.034580;,
  -0.062521;-0.801158;-0.055943;,
  0.112596;-0.691652;-0.068015;,
  0.101123;-0.693983;-0.098858;,
  0.090751;-0.694295;-0.093988;,
  0.097436;-0.691641;-0.068033;,
  0.062173;-0.703181;-0.137725;,
  0.057360;-0.702847;-0.126757;,
  -0.000159;-0.713265;-0.147629;,
  -0.000203;-0.712101;-0.134595;,
  -0.048390;-0.726939;-0.132015;,
  -0.048412;-0.725602;-0.122778;,
  -0.093773;-0.750977;-0.105216;,
  -0.093673;-0.751347;-0.100543;,
  0.112586;-0.708247;-0.068046;,
  0.097526;-0.708327;-0.067940;,
  0.090751;-0.710446;-0.093833;,
  0.101051;-0.710927;-0.098844;,
  0.057365;-0.718824;-0.124337;,
  0.062023;-0.719943;-0.135233;,
  -0.000046;-0.727973;-0.130583;,
  -0.000139;-0.729536;-0.143386;,
  -0.041140;-0.739834;-0.118613;,
  -0.041291;-0.741395;-0.127705;,
  -0.079500;-0.759041;-0.100320;,
  -0.079278;-0.759731;-0.105653;,
  0.112596;-0.691652;-0.068015;,
  0.112586;-0.708247;-0.068046;,
  0.101051;-0.710927;-0.098844;,
  0.101123;-0.693983;-0.098858;,
  0.062023;-0.719943;-0.135233;,
  0.062173;-0.703181;-0.137725;,
  -0.000139;-0.729536;-0.143386;,
  -0.000159;-0.713265;-0.147629;,
  -0.041291;-0.741395;-0.127705;,
  -0.048390;-0.726939;-0.132015;,
  -0.079278;-0.759731;-0.105653;,
  -0.093773;-0.750977;-0.105216;,
  -0.093673;-0.751347;-0.100543;,
  -0.079500;-0.759041;-0.100320;,
  -0.041140;-0.739834;-0.118613;,
  -0.048412;-0.725602;-0.122778;,
  -0.000046;-0.727973;-0.130583;,
  -0.000203;-0.712101;-0.134595;,
  0.057365;-0.718824;-0.124337;,
  0.057360;-0.702847;-0.126757;,
  0.090751;-0.710446;-0.093833;,
  0.090751;-0.694295;-0.093988;,
  0.097526;-0.708327;-0.067940;,
  0.097436;-0.691641;-0.068033;,
  0.116915;-0.691530;-0.031442;,
  0.102277;-0.691782;-0.037048;,
  0.095589;-0.694433;-0.011028;,
  0.103334;-0.693892;-0.001891;,
  0.056304;-0.702979;0.009554;,
  0.061802;-0.702830;0.021155;,
  -0.000181;-0.711759;0.015237;,
  0.000148;-0.712315;0.029493;,
  -0.058366;-0.729304;0.013052;,
  -0.058839;-0.730727;0.025072;,
  -0.093918;-0.751128;0.008542;,
  -0.093849;-0.751316;0.013187;,
  0.116916;-0.708366;-0.031425;,
  0.103293;-0.710954;-0.001841;,
  0.095618;-0.710374;-0.010977;,
  0.102388;-0.708194;-0.037165;,
  0.062233;-0.719649;0.021095;,
  0.056818;-0.719352;0.009402;,
  -0.000221;-0.728874;0.027743;,
  -0.000131;-0.728053;0.012286;,
  -0.055027;-0.746492;0.022190;,
  -0.054534;-0.745030;0.008952;,
  -0.079301;-0.760139;0.013059;,
  -0.079495;-0.759398;0.007905;,
  0.116915;-0.691530;-0.031442;,
  0.103334;-0.693892;-0.001891;,
  0.103293;-0.710954;-0.001841;,
  0.116916;-0.708366;-0.031425;,
  0.061802;-0.702830;0.021155;,
  0.062233;-0.719649;0.021095;,
  0.000148;-0.712315;0.029493;,
  -0.000221;-0.728874;0.027743;,
  -0.058839;-0.730727;0.025072;,
  -0.055027;-0.746492;0.022190;,
  -0.093849;-0.751316;0.013187;,
  -0.079301;-0.760139;0.013059;,
  -0.093918;-0.751128;0.008542;,
  -0.058366;-0.729304;0.013052;,
  -0.054534;-0.745030;0.008952;,
  -0.079495;-0.759398;0.007905;,
  -0.000181;-0.711759;0.015237;,
  -0.000131;-0.728053;0.012286;,
  0.056304;-0.702979;0.009554;,
  0.056818;-0.719352;0.009402;,
  0.095589;-0.694433;-0.011028;,
  0.095618;-0.710374;-0.010977;,
  0.102277;-0.691782;-0.037048;,
  0.102388;-0.708194;-0.037165;,
  0.102388;-0.708194;-0.037165;,
  0.102277;-0.691782;-0.037048;,
  0.097436;-0.691641;-0.068033;,
  0.097436;-0.691641;-0.068033;,
  0.097526;-0.708327;-0.067940;,
  0.102388;-0.708194;-0.037165;,
  0.102388;-0.708194;-0.037165;,
  0.097526;-0.708327;-0.067940;,
  0.112586;-0.708247;-0.068046;,
  0.112586;-0.708247;-0.068046;,
  0.116916;-0.708366;-0.031425;,
  0.102388;-0.708194;-0.037165;,
  0.116916;-0.708366;-0.031425;,
  0.112586;-0.708247;-0.068046;,
  0.112596;-0.691652;-0.068015;,
  0.112596;-0.691652;-0.068015;,
  0.116915;-0.691530;-0.031442;,
  0.116916;-0.708366;-0.031425;,
  0.102277;-0.691782;-0.037048;,
  0.116915;-0.691530;-0.031442;,
  0.112596;-0.691652;-0.068015;,
  0.112596;-0.691652;-0.068015;,
  0.097436;-0.691641;-0.068033;,
  0.102277;-0.691782;-0.037048;,
  -0.081078;-0.752109;0.032448;,
  -0.105646;-0.732839;0.013607;,
  -0.106387;-0.738225;0.023899;,
  -0.105646;-0.732839;0.013607;,
  -0.138482;-0.736786;0.009828;,
  -0.139276;-0.742801;0.017800;,
  -0.139276;-0.742801;0.017800;,
  -0.106387;-0.738225;0.023899;,
  -0.105646;-0.732839;0.013607;,
  -0.138482;-0.736786;0.009828;,
  -0.143356;-0.795761;0.008503;,
  -0.141433;-0.802748;0.014563;,
  -0.141433;-0.802748;0.014563;,
  -0.139276;-0.742801;0.017800;,
  -0.138482;-0.736786;0.009828;,
  -0.143356;-0.795761;0.008503;,
  -0.142461;-0.814502;-0.033570;,
  -0.141998;-0.819840;-0.032315;,
  -0.141998;-0.819840;-0.032315;,
  -0.141433;-0.802748;0.014563;,
  -0.143356;-0.795761;0.008503;,
  -0.142461;-0.814502;-0.033570;,
  -0.142462;-0.814500;-0.056958;,
  -0.141997;-0.819841;-0.058047;,
  -0.141997;-0.819841;-0.058047;,
  -0.141998;-0.819840;-0.032315;,
  -0.142461;-0.814502;-0.033570;,
  -0.142462;-0.814500;-0.056958;,
  -0.143335;-0.795746;-0.099074;,
  -0.141435;-0.802756;-0.104917;,
  -0.141435;-0.802756;-0.104917;,
  -0.141997;-0.819841;-0.058047;,
  -0.142462;-0.814500;-0.056958;,
  -0.143335;-0.795746;-0.099074;,
  -0.139086;-0.748285;-0.100637;,
  -0.133953;-0.753004;-0.108215;,
  -0.133953;-0.753004;-0.108215;,
  -0.141435;-0.802756;-0.104917;,
  -0.143335;-0.795746;-0.099074;,
  -0.139086;-0.748285;-0.100637;,
  -0.107127;-0.732804;-0.103902;,
  -0.107175;-0.738090;-0.114039;,
  -0.107175;-0.738090;-0.114039;,
  -0.133953;-0.753004;-0.108215;,
  -0.139086;-0.748285;-0.100637;,
  -0.107127;-0.732804;-0.103902;,
  -0.081098;-0.752118;-0.122974;,
  -0.107175;-0.738090;-0.114039;,
  -0.168333;-0.756402;0.003210;,
  -0.173717;-0.795267;-0.001462;,
  -0.171522;-0.798317;0.004468;,
  -0.171522;-0.798317;0.004468;,
  -0.168851;-0.758339;0.008380;,
  -0.168333;-0.756402;0.003210;,
  -0.173717;-0.795267;-0.001462;,
  -0.176603;-0.805708;-0.038939;,
  -0.176215;-0.810705;-0.039024;,
  -0.176215;-0.810705;-0.039024;,
  -0.171522;-0.798317;0.004468;,
  -0.173717;-0.795267;-0.001462;,
  -0.176603;-0.805708;-0.038939;,
  -0.176583;-0.805729;-0.051606;,
  -0.176204;-0.810325;-0.051290;,
  -0.176204;-0.810325;-0.051290;,
  -0.176215;-0.810705;-0.039024;,
  -0.176603;-0.805708;-0.038939;,
  -0.176583;-0.805729;-0.051606;,
  -0.173695;-0.795299;-0.089096;,
  -0.171519;-0.798286;-0.093863;,
  -0.171519;-0.798286;-0.093863;,
  -0.176204;-0.810325;-0.051290;,
  -0.176583;-0.805729;-0.051606;,
  -0.173695;-0.795299;-0.089096;,
  -0.167426;-0.755946;-0.094083;,
  -0.166003;-0.757738;-0.098228;,
  -0.166003;-0.757738;-0.098228;,
  -0.171519;-0.798286;-0.093863;,
  -0.173695;-0.795299;-0.089096;,
  -0.167426;-0.755946;-0.094083;,
  -0.139086;-0.748285;-0.100637;,
  -0.166003;-0.757738;-0.098228;,
  -0.138482;-0.736786;0.009828;,
  -0.168333;-0.756402;0.003210;,
  -0.168851;-0.758339;0.008380;,
  -0.133953;-0.753004;-0.108215;,
  -0.139276;-0.742801;0.017800;,
  -0.100839;-0.818216;0.001173;,
  -0.101226;-0.820162;0.002248;,
  -0.104221;-0.821245;-0.000876;,
  -0.103808;-0.819290;-0.001923;,
  -0.108190;-0.819670;0.000414;,
  -0.107742;-0.817729;-0.000643;,
  -0.107742;-0.817729;-0.000643;,
  -0.108190;-0.819670;0.000414;,
  -0.107649;-0.817613;0.004336;,
  -0.107205;-0.815690;0.003243;,
  -0.103345;-0.817917;0.005469;,
  -0.102939;-0.815991;0.004366;,
  -0.103102;-0.820204;0.002529;,
  -0.104657;-0.820766;0.000907;,
  -0.106717;-0.819948;0.001577;,
  -0.106717;-0.819948;0.001577;,
  -0.106436;-0.818881;0.003612;,
  -0.104202;-0.819038;0.004200;,
  -0.109981;-0.851555;0.019916;,
  -0.111469;-0.852104;0.018384;,
  -0.113429;-0.851318;0.019013;,
  -0.113429;-0.851318;0.019013;,
  -0.113164;-0.850273;0.020945;,
  -0.111022;-0.850419;0.021508;,
  -0.113551;-0.858882;0.024767;,
  -0.113551;-0.858882;0.024767;,
  -0.100839;-0.818216;0.001173;,
  -0.103808;-0.819290;-0.001923;,
  -0.107742;-0.817729;-0.000643;,
  -0.107205;-0.815690;0.003243;,
  -0.102939;-0.815991;0.004366;,
  -0.104660;-0.833135;-0.044648;,
  -0.105281;-0.835304;-0.044656;,
  -0.108120;-0.834438;-0.047986;,
  -0.107474;-0.832277;-0.047948;,
  -0.112031;-0.833260;-0.046192;,
  -0.111350;-0.831109;-0.046171;,
  -0.111350;-0.831109;-0.046171;,
  -0.112031;-0.833260;-0.046192;,
  -0.111609;-0.833397;-0.041753;,
  -0.110932;-0.831245;-0.041771;,
  -0.107437;-0.834660;-0.040804;,
  -0.106797;-0.832497;-0.040830;,
  -0.107169;-0.835275;-0.044475;,
  -0.108643;-0.834826;-0.046204;,
  -0.110673;-0.834214;-0.045273;,
  -0.110673;-0.834214;-0.045273;,
  -0.110454;-0.834286;-0.042969;,
  -0.108289;-0.834941;-0.042476;,
  -0.117818;-0.870192;-0.044549;,
  -0.119231;-0.869781;-0.046190;,
  -0.121161;-0.869187;-0.045308;,
  -0.121161;-0.869187;-0.045308;,
  -0.120952;-0.869227;-0.043106;,
  -0.118875;-0.869851;-0.042632;,
  -0.122314;-0.878520;-0.043923;,
  -0.122314;-0.878520;-0.043923;,
  -0.104660;-0.833135;-0.044648;,
  -0.107474;-0.832277;-0.047948;,
  -0.111350;-0.831109;-0.046171;,
  -0.110932;-0.831245;-0.041771;,
  -0.106797;-0.832497;-0.040830;,
  -0.101026;-0.817564;-0.093838;,
  -0.101369;-0.819648;-0.094633;,
  -0.104232;-0.817992;-0.097626;,
  -0.103864;-0.815923;-0.096805;,
  -0.108293;-0.817959;-0.095778;,
  -0.107888;-0.815891;-0.094973;,
  -0.107888;-0.815891;-0.094973;,
  -0.108293;-0.817959;-0.095778;,
  -0.107938;-0.819595;-0.091643;,
  -0.107537;-0.817512;-0.090875;,
  -0.103659;-0.820638;-0.090935;,
  -0.103296;-0.818546;-0.090174;,
  -0.103249;-0.819894;-0.094570;,
  -0.104735;-0.819035;-0.096123;,
  -0.106843;-0.819018;-0.095164;,
  -0.106843;-0.819018;-0.095164;,
  -0.106659;-0.819867;-0.093018;,
  -0.104438;-0.820409;-0.092650;,
  -0.109424;-0.853525;-0.107352;,
  -0.110848;-0.852724;-0.108834;,
  -0.112853;-0.852696;-0.107921;,
  -0.112853;-0.852696;-0.107921;,
  -0.112681;-0.853482;-0.105859;,
  -0.110551;-0.853997;-0.105504;,
  -0.112850;-0.861989;-0.109919;,
  -0.112850;-0.861989;-0.109919;,
  -0.101026;-0.817564;-0.093838;,
  -0.103864;-0.815923;-0.096805;,
  -0.107888;-0.815891;-0.094973;,
  -0.107537;-0.817512;-0.090875;,
  -0.103296;-0.818546;-0.090174;,
  -0.119960;-0.819445;-0.076403;,
  -0.120653;-0.821531;-0.076913;,
  -0.123275;-0.819837;-0.080100;,
  -0.122559;-0.817767;-0.079561;,
  -0.127236;-0.818900;-0.078273;,
  -0.126484;-0.816838;-0.077751;,
  -0.126484;-0.816838;-0.077751;,
  -0.127236;-0.818900;-0.078273;,
  -0.127061;-0.820013;-0.073956;,
  -0.126311;-0.817941;-0.073473;,
  -0.122993;-0.821639;-0.073116;,
  -0.122279;-0.819552;-0.072640;,
  -0.122547;-0.821456;-0.076817;,
  -0.123908;-0.820578;-0.078471;,
  -0.125963;-0.820091;-0.077523;,
  -0.125963;-0.820091;-0.077523;,
  -0.125873;-0.820669;-0.075282;,
  -0.123761;-0.821513;-0.074846;,
  -0.134362;-0.855012;-0.085002;,
  -0.135669;-0.854191;-0.086577;,
  -0.137623;-0.853716;-0.085676;,
  -0.137623;-0.853716;-0.085676;,
  -0.137536;-0.854241;-0.083528;,
  -0.135510;-0.855047;-0.083107;,
  -0.139168;-0.863066;-0.086417;,
  -0.139168;-0.863066;-0.086417;,
  -0.119960;-0.819445;-0.076403;,
  -0.122559;-0.817767;-0.079561;,
  -0.126484;-0.816838;-0.077751;,
  -0.126311;-0.817941;-0.073473;,
  -0.122279;-0.819552;-0.072640;,
  -0.125255;-0.824544;-0.044346;,
  -0.125970;-0.826683;-0.044389;,
  -0.128717;-0.825656;-0.047751;,
  -0.127977;-0.823525;-0.047678;,
  -0.132599;-0.824325;-0.046002;,
  -0.131825;-0.822207;-0.045944;,
  -0.131825;-0.822207;-0.045944;,
  -0.132599;-0.824325;-0.046002;,
  -0.132252;-0.824531;-0.041559;,
  -0.131481;-0.822410;-0.041541;,
  -0.128155;-0.825987;-0.040562;,
  -0.127420;-0.823854;-0.040553;,
  -0.127858;-0.826573;-0.044236;,
  -0.129284;-0.826040;-0.045981;,
  -0.131299;-0.825349;-0.045073;,
  -0.131299;-0.825349;-0.045073;,
  -0.131119;-0.825456;-0.042767;,
  -0.128992;-0.826212;-0.042250;,
  -0.140033;-0.860981;-0.044881;,
  -0.141402;-0.860489;-0.046538;,
  -0.143317;-0.859821;-0.045678;,
  -0.143317;-0.859821;-0.045678;,
  -0.143144;-0.859894;-0.043474;,
  -0.141103;-0.860615;-0.042976;,
  -0.144902;-0.869109;-0.044421;,
  -0.144902;-0.869109;-0.044421;,
  -0.125255;-0.824544;-0.044346;,
  -0.127977;-0.823525;-0.047678;,
  -0.131825;-0.822207;-0.045944;,
  -0.131481;-0.822410;-0.041541;,
  -0.127420;-0.823854;-0.040553;,
  -0.121231;-0.820537;-0.016891;,
  -0.121888;-0.822587;-0.016213;,
  -0.124904;-0.822664;-0.019500;,
  -0.124220;-0.820614;-0.020148;,
  -0.128681;-0.820869;-0.017947;,
  -0.127964;-0.818835;-0.018609;,
  -0.127964;-0.818835;-0.018609;,
  -0.128681;-0.820869;-0.017947;,
  -0.128000;-0.819683;-0.013700;,
  -0.127289;-0.817660;-0.014400;,
  -0.123802;-0.820744;-0.012629;,
  -0.123128;-0.818712;-0.013339;,
  -0.123762;-0.822441;-0.015953;,
  -0.125327;-0.822481;-0.017659;,
  -0.127288;-0.821550;-0.016853;,
  -0.127288;-0.821550;-0.016853;,
  -0.126934;-0.820934;-0.014649;,
  -0.124755;-0.821485;-0.014093;,
  -0.134989;-0.855390;-0.004957;,
  -0.136489;-0.855442;-0.006572;,
  -0.138353;-0.854546;-0.005812;,
  -0.138353;-0.854546;-0.005812;,
  -0.138016;-0.853930;-0.003714;,
  -0.135925;-0.854454;-0.003181;,
  -0.139581;-0.862989;-0.001622;,
  -0.139581;-0.862989;-0.001622;,
  -0.121231;-0.820537;-0.016891;,
  -0.124220;-0.820614;-0.020148;,
  -0.127964;-0.818835;-0.018609;,
  -0.127289;-0.817660;-0.014400;,
  -0.123128;-0.818712;-0.013339;,
  -0.152612;-0.807576;-0.073602;,
  -0.152946;-0.809758;-0.074066;,
  -0.155920;-0.808600;-0.077182;,
  -0.155560;-0.806428;-0.076690;,
  -0.159925;-0.808335;-0.075234;,
  -0.159529;-0.806166;-0.074760;,
  -0.159529;-0.806166;-0.074760;,
  -0.159925;-0.808335;-0.075234;,
  -0.159425;-0.809330;-0.070914;,
  -0.159034;-0.807151;-0.070478;,
  -0.155112;-0.810209;-0.070192;,
  -0.154758;-0.808023;-0.069763;,
  -0.154819;-0.810013;-0.073908;,
  -0.156363;-0.809412;-0.075525;,
  -0.158442;-0.809274;-0.074514;,
  -0.158442;-0.809274;-0.074514;,
  -0.158182;-0.809791;-0.072272;,
  -0.155944;-0.810247;-0.071897;,
  -0.160849;-0.845243;-0.081330;,
  -0.162327;-0.844688;-0.082869;,
  -0.164305;-0.844545;-0.081908;,
  -0.164305;-0.844545;-0.081908;,
  -0.164062;-0.845011;-0.079759;,
  -0.161914;-0.845445;-0.079397;,
  -0.164218;-0.854032;-0.082496;,
  -0.164218;-0.854032;-0.082496;,
  -0.152612;-0.807576;-0.073602;,
  -0.155560;-0.806428;-0.076690;,
  -0.159529;-0.806166;-0.074760;,
  -0.159034;-0.807151;-0.070478;,
  -0.154758;-0.808023;-0.069763;,
  -0.152231;-0.812861;-0.043587;,
  -0.152511;-0.815100;-0.043591;,
  -0.155449;-0.814687;-0.046922;,
  -0.155143;-0.812452;-0.046888;,
  -0.159495;-0.814120;-0.045129;,
  -0.159153;-0.811890;-0.045111;,
  -0.159153;-0.811890;-0.045111;,
  -0.159495;-0.814120;-0.045129;,
  -0.159057;-0.814182;-0.040690;,
  -0.158718;-0.811952;-0.040712;,
  -0.154740;-0.814788;-0.039739;,
  -0.154440;-0.812552;-0.039770;,
  -0.154381;-0.815361;-0.043410;,
  -0.155907;-0.815147;-0.045139;,
  -0.158007;-0.814853;-0.044208;,
  -0.158007;-0.814853;-0.044208;,
  -0.157779;-0.814885;-0.041904;,
  -0.155539;-0.815199;-0.041411;,
  -0.159540;-0.851499;-0.043419;,
  -0.160999;-0.851313;-0.045061;,
  -0.162997;-0.851021;-0.044179;,
  -0.162997;-0.851021;-0.044179;,
  -0.162785;-0.851025;-0.041977;,
  -0.160636;-0.851321;-0.041502;,
  -0.162703;-0.860418;-0.042778;,
  -0.162703;-0.860418;-0.042778;,
  -0.152231;-0.812861;-0.043587;,
  -0.155143;-0.812452;-0.046888;,
  -0.159153;-0.811890;-0.045111;,
  -0.158718;-0.811952;-0.040712;,
  -0.154440;-0.812552;-0.039770;,
  -0.152246;-0.808445;-0.018202;,
  -0.152662;-0.810586;-0.017625;,
  -0.155515;-0.810911;-0.021039;,
  -0.155074;-0.808767;-0.021585;,
  -0.159547;-0.809670;-0.019588;,
  -0.159070;-0.807537;-0.020147;,
  -0.159070;-0.807537;-0.020147;,
  -0.159547;-0.809670;-0.019588;,
  -0.159186;-0.808578;-0.015277;,
  -0.158712;-0.806455;-0.015876;,
  -0.154930;-0.809144;-0.014064;,
  -0.154494;-0.807016;-0.014673;,
  -0.154547;-0.810688;-0.017441;,
  -0.156028;-0.810857;-0.019213;,
  -0.158121;-0.810213;-0.018460;,
  -0.158121;-0.810213;-0.018460;,
  -0.157933;-0.809646;-0.016222;,
  -0.155725;-0.809940;-0.015593;,
  -0.161893;-0.845201;-0.008091;,
  -0.163312;-0.845377;-0.009770;,
  -0.165303;-0.844755;-0.009060;,
  -0.165303;-0.844755;-0.009060;,
  -0.165127;-0.844186;-0.006929;,
  -0.163008;-0.844463;-0.006325;,
  -0.165604;-0.853446;-0.005223;,
  -0.165604;-0.853446;-0.005223;,
  -0.152246;-0.808445;-0.018202;,
  -0.155074;-0.808767;-0.021585;,
  -0.159070;-0.807537;-0.020147;,
  -0.158712;-0.806455;-0.015876;,
  -0.154494;-0.807016;-0.014673;,
  -0.184451;-0.804043;-0.044822;,
  -0.184809;-0.806263;-0.044639;,
  -0.187747;-0.806024;-0.047988;,
  -0.187363;-0.803806;-0.048140;,
  -0.191762;-0.805168;-0.046240;,
  -0.191342;-0.802958;-0.046408;,
  -0.191342;-0.802958;-0.046408;,
  -0.191762;-0.805168;-0.046240;,
  -0.191304;-0.804878;-0.041812;,
  -0.190889;-0.802671;-0.042019;,
  -0.187007;-0.805555;-0.040823;,
  -0.186630;-0.803341;-0.041039;,
  -0.186686;-0.806442;-0.044434;,
  -0.188212;-0.806318;-0.046172;,
  -0.190295;-0.805874;-0.045265;,
  -0.190295;-0.805874;-0.045265;,
  -0.190058;-0.805724;-0.042966;,
  -0.187828;-0.806075;-0.042453;,
  -0.193105;-0.842253;-0.041437;,
  -0.194565;-0.842152;-0.043086;,
  -0.196547;-0.841718;-0.042228;,
  -0.196547;-0.841718;-0.042228;,
  -0.196324;-0.841546;-0.040033;,
  -0.194185;-0.841878;-0.039540;,
  -0.196575;-0.850971;-0.040053;,
  -0.196575;-0.850971;-0.040053;,
  -0.184451;-0.804043;-0.044822;,
  -0.187363;-0.803806;-0.048140;,
  -0.191342;-0.802958;-0.046408;,
  -0.190889;-0.802671;-0.042019;,
  -0.186630;-0.803341;-0.041039;,
  -0.182552;-0.798498;-0.020124;,
  -0.183216;-0.800595;-0.019621;,
  -0.185641;-0.800682;-0.023365;,
  -0.184955;-0.798584;-0.023834;,
  -0.189702;-0.799099;-0.022414;,
  -0.188980;-0.797016;-0.022892;,
  -0.188980;-0.797016;-0.022892;,
  -0.189702;-0.799099;-0.022414;,
  -0.189787;-0.798034;-0.018083;,
  -0.189064;-0.795960;-0.018599;,
  -0.185779;-0.798958;-0.016357;,
  -0.185092;-0.796876;-0.016889;,
  -0.185112;-0.800536;-0.019673;,
  -0.186371;-0.800580;-0.021616;,
  -0.188478;-0.799759;-0.021123;,
  -0.188478;-0.799759;-0.021123;,
  -0.188522;-0.799206;-0.018875;,
  -0.186442;-0.799686;-0.017979;,
  -0.196465;-0.834279;-0.011608;,
  -0.197674;-0.834336;-0.013451;,
  -0.199677;-0.833545;-0.012988;,
  -0.199677;-0.833545;-0.012988;,
  -0.199720;-0.832989;-0.010846;,
  -0.197724;-0.833445;-0.009987;,
  -0.201189;-0.842172;-0.009294;,
  -0.201189;-0.842172;-0.009294;,
  -0.182552;-0.798498;-0.020124;,
  -0.184955;-0.798584;-0.023834;,
  -0.188980;-0.797016;-0.022892;,
  -0.189064;-0.795960;-0.018599;,
  -0.185092;-0.796876;-0.016889;,
  -0.181483;-0.798825;-0.068932;,
  -0.181819;-0.801019;-0.069340;,
  -0.184676;-0.799934;-0.072591;,
  -0.184314;-0.797750;-0.072153;,
  -0.188742;-0.799580;-0.070791;,
  -0.188344;-0.797400;-0.070369;,
  -0.188344;-0.797400;-0.070369;,
  -0.188742;-0.799580;-0.070791;,
  -0.188399;-0.800445;-0.066428;,
  -0.188004;-0.798258;-0.066045;,
  -0.184120;-0.801335;-0.065531;,
  -0.183763;-0.799139;-0.065157;,
  -0.183699;-0.801254;-0.069239;,
  -0.185182;-0.800691;-0.070926;,
  -0.187293;-0.800508;-0.069992;,
  -0.187293;-0.800508;-0.069992;,
  -0.187114;-0.800957;-0.067727;,
  -0.184894;-0.801418;-0.067262;,
  -0.189771;-0.836648;-0.075794;,
  -0.191191;-0.836130;-0.077399;,
  -0.193199;-0.835943;-0.076512;,
  -0.193199;-0.835943;-0.076512;,
  -0.193033;-0.836345;-0.074342;,
  -0.190903;-0.836784;-0.073894;,
  -0.193173;-0.845444;-0.076809;,
  -0.193173;-0.845444;-0.076809;,
  -0.181483;-0.798825;-0.068932;,
  -0.184314;-0.797750;-0.072153;,
  -0.188344;-0.797400;-0.070369;,
  -0.188004;-0.798258;-0.066045;,
  -0.183763;-0.799139;-0.065157;;
  700;
  3;0,1,2;,
  3;2,3,0;,
  3;4,5,6;,
  3;6,7,4;,
  3;8,4,7;,
  3;9,10,11;,
  3;11,12,9;,
  3;5,4,13;,
  3;13,14,5;,
  3;13,4,8;,
  3;8,15,13;,
  3;16,9,12;,
  3;17,18,7;,
  3;7,6,17;,
  3;16,12,19;,
  3;0,3,20;,
  3;20,21,0;,
  3;22,23,24;,
  3;24,25,22;,
  3;26,27,28;,
  3;28,29,26;,
  3;30,27,26;,
  3;30,22,25;,
  3;25,31,30;,
  3;29,32,33;,
  3;33,26,29;,
  3;26,33,34;,
  3;34,30,26;,
  3;34,22,30;,
  3;35,28,27;,
  3;27,36,35;,
  3;27,30,36;,
  3;30,31,36;,
  3;34,37,22;,
  3;22,37,38;,
  3;38,23,22;,
  3;39,40,41;,
  3;41,42,39;,
  3;41,43,44;,
  3;44,42,41;,
  3;45,46,47;,
  3;47,48,45;,
  3;47,49,50;,
  3;50,48,47;,
  3;49,51,52;,
  3;52,50,49;,
  3;51,53,54;,
  3;54,52,51;,
  3;54,53,55;,
  3;55,56,54;,
  3;55,57,58;,
  3;58,56,55;,
  3;57,40,39;,
  3;39,58,57;,
  3;59,60,61;,
  3;61,62,59;,
  3;63,64,65;,
  3;65,66,63;,
  3;67,64,63;,
  3;68,69,70;,
  3;70,71,68;,
  3;66,72,73;,
  3;73,63,66;,
  3;67,63,73;,
  3;73,74,67;,
  3;75,69,68;,
  3;76,65,64;,
  3;64,77,76;,
  3;75,78,69;,
  3;59,79,20;,
  3;20,60,59;,
  3;80,81,82;,
  3;82,83,80;,
  3;84,85,86;,
  3;86,87,84;,
  3;88,84,87;,
  3;88,89,81;,
  3;81,80,88;,
  3;85,84,90;,
  3;90,91,85;,
  3;84,88,92;,
  3;92,90,84;,
  3;92,88,80;,
  3;93,94,87;,
  3;87,86,93;,
  3;87,94,88;,
  3;88,94,89;,
  3;92,80,95;,
  3;80,83,38;,
  3;38,95,80;,
  3;96,97,98;,
  3;98,99,96;,
  3;98,97,44;,
  3;44,43,98;,
  3;100,101,102;,
  3;102,103,100;,
  3;102,101,104;,
  3;104,105,102;,
  3;105,104,106;,
  3;106,107,105;,
  3;107,106,108;,
  3;108,109,107;,
  3;108,110,111;,
  3;111,109,108;,
  3;111,110,112;,
  3;112,113,111;,
  3;113,112,96;,
  3;96,99,113;,
  3;114,115,116;,
  3;117,118,115;,
  3;115,114,117;,
  3;119,120,118;,
  3;118,117,119;,
  3;121,122,120;,
  3;120,119,121;,
  3;21,20,79;,
  3;19,78,75;,
  3;75,16,19;,
  3;15,74,73;,
  3;73,13,15;,
  3;14,13,73;,
  3;73,72,14;,
  3;46,45,100;,
  3;100,103,46;,
  3;123,124,125;,
  3;125,126,123;,
  3;124,127,128;,
  3;128,125,124;,
  3;127,129,130;,
  3;130,128,127;,
  3;129,131,132;,
  3;132,130,129;,
  3;131,133,134;,
  3;134,132,131;,
  3;135,136,137;,
  3;137,138,135;,
  3;138,137,139;,
  3;139,140,138;,
  3;140,139,141;,
  3;141,142,140;,
  3;142,141,143;,
  3;143,144,142;,
  3;144,143,145;,
  3;145,146,144;,
  3;147,148,149;,
  3;149,150,147;,
  3;150,149,151;,
  3;151,152,150;,
  3;152,151,153;,
  3;153,154,152;,
  3;154,153,155;,
  3;155,156,154;,
  3;156,155,157;,
  3;157,158,156;,
  3;159,160,161;,
  3;161,162,159;,
  3;162,161,163;,
  3;163,164,162;,
  3;164,163,165;,
  3;165,166,164;,
  3;166,165,167;,
  3;167,168,166;,
  3;168,167,169;,
  3;169,170,168;,
  3;171,172,173;,
  3;173,174,171;,
  3;174,173,175;,
  3;175,176,174;,
  3;176,175,177;,
  3;177,178,176;,
  3;178,177,179;,
  3;179,180,178;,
  3;180,179,181;,
  3;181,182,180;,
  3;183,184,185;,
  3;185,186,183;,
  3;184,187,188;,
  3;188,185,184;,
  3;187,189,190;,
  3;190,188,187;,
  3;189,191,192;,
  3;192,190,189;,
  3;191,193,194;,
  3;194,192,191;,
  3;195,196,197;,
  3;197,198,195;,
  3;196,199,200;,
  3;200,197,196;,
  3;199,201,202;,
  3;202,200,199;,
  3;201,203,204;,
  3;204,202,201;,
  3;203,205,206;,
  3;206,204,203;,
  3;207,208,209;,
  3;209,210,207;,
  3;208,211,212;,
  3;212,209,208;,
  3;211,213,214;,
  3;214,212,211;,
  3;213,215,216;,
  3;216,214,213;,
  3;215,217,218;,
  3;218,216,215;,
  3;219,220,221;,
  3;222,223,224;,
  3;225,226,227;,
  3;228,229,230;,
  3;231,232,233;,
  3;234,235,236;,
  3;237,238,239;,
  3;240,241,242;,
  3;243,244,245;,
  3;246,247,248;,
  3;249,250,251;,
  3;252,253,254;,
  3;255,256,257;,
  3;258,259,260;,
  3;261,262,263;,
  3;264,265,266;,
  3;267,268,269;,
  3;270,271,272;,
  3;273,274,275;,
  3;276,277,278;,
  3;279,280,281;,
  3;282,283,284;,
  3;285,286,287;,
  3;288,289,290;,
  3;291,292,293;,
  3;294,295,296;,
  3;297,298,299;,
  3;300,301,302;,
  3;303,304,305;,
  3;306,307,308;,
  3;309,310,311;,
  3;312,313,314;,
  3;315,316,317;,
  3;318,319,320;,
  3;321,322,323;,
  3;324,325,326;,
  3;327,77,64;,
  3;64,67,327;,
  3;7,18,328;,
  3;328,8,7;,
  3;329,330,331;,
  3;331,332,329;,
  3;332,331,333;,
  3;333,334,332;,
  3;335,336,337;,
  3;337,338,335;,
  3;338,337,339;,
  3;339,340,338;,
  3;340,339,330;,
  3;330,329,340;,
  3;330,341,342;,
  3;342,331,330;,
  3;331,342,343;,
  3;343,333,331;,
  3;336,344,345;,
  3;345,337,336;,
  3;337,345,346;,
  3;346,339,337;,
  3;339,346,341;,
  3;341,330,339;,
  3;341,347,348;,
  3;348,342,341;,
  3;342,348,349;,
  3;349,343,342;,
  3;344,350,351;,
  3;351,345,344;,
  3;345,351,352;,
  3;352,346,345;,
  3;346,352,347;,
  3;347,341,346;,
  3;347,353,348;,
  3;348,353,349;,
  3;350,354,351;,
  3;351,354,352;,
  3;352,353,347;,
  3;355,356,357;,
  3;355,357,358;,
  3;355,358,359;,
  3;360,361,362;,
