xof 0303txt 0032
template ColorRGBA {
 <35ff44e0-6c7c-11cf-8f52-0040333594a3>
 FLOAT red;
 FLOAT green;
 FLOAT blue;
 FLOAT alpha;
}

template ColorRGB {
 <d3e16e81-7835-11cf-8f52-0040333594a3>
 FLOAT red;
 FLOAT green;
 FLOAT blue;
}

template Material {
 <3d82ab4d-62da-11cf-ab39-0020af71e433>
 ColorRGBA faceColor;
 FLOAT power;
 ColorRGB specularColor;
 ColorRGB emissiveColor;
 [...]
}

template TextureFilename {
 <a42790e1-7810-11cf-8f52-0040333594a3>
 STRING filename;
}

template Frame {
 <3d82ab46-62da-11cf-ab39-0020af71e433>
 [...]
}

template Matrix4x4 {
 <f6f23f45-7686-11cf-8f52-0040333594a3>
 array FLOAT matrix[16];
}

template FrameTransformMatrix {
 <f6f23f41-7686-11cf-8f52-0040333594a3>
 Matrix4x4 frameMatrix;
}

template Vector {
 <3d82ab5e-62da-11cf-ab39-0020af71e433>
 FLOAT x;
 FLOAT y;
 FLOAT z;
}

template MeshFace {
 <3d82ab5f-62da-11cf-ab39-0020af71e433>
 DWORD nFaceVertexIndices;
 array DWORD faceVertexIndices[nFaceVertexIndices];
}

template Mesh {
 <3d82ab44-62da-11cf-ab39-0020af71e433>
 DWORD nVertices;
 array Vector vertices[nVertices];
 DWORD nFaces;
 array MeshFace faces[nFaces];
 [...]
}

template MeshNormals {
 <f6f23f43-7686-11cf-8f52-0040333594a3>
 DWORD nNormals;
 array Vector normals[nNormals];
 DWORD nFaceNormals;
 array MeshFace faceNormals[nFaceNormals];
}

template MeshMaterialList {
 <f6f23f42-7686-11cf-8f52-0040333594a3>
 DWORD nMaterials;
 DWORD nFaceIndexes;
 array DWORD faceIndexes[nFaceIndexes];
 [Material <3d82ab4d-62da-11cf-ab39-0020af71e433>]
}

template Coords2d {
 <f6f23f44-7686-11cf-8f52-0040333594a3>
 FLOAT u;
 FLOAT v;
}

template MeshTextureCoords {
 <f6f23f40-7686-11cf-8f52-0040333594a3>
 DWORD nTextureCoords;
 array Coords2d textureCoords[nTextureCoords];
}

template XSkinMeshHeader {
 <3cf169ce-ff7c-44ab-93c0-f78f62d172e2>
 WORD nMaxSkinWeightsPerVertex;
 WORD nMaxSkinWeightsPerFace;
 WORD nBones;
}

template SkinWeights {
 <6f0d123b-bad2-4167-a0d0-80224f25fabb>
 STRING transformNodeName;
 DWORD nWeights;
 array DWORD vertexIndices[nWeights];
 array FLOAT weights[nWeights];
 Matrix4x4 matrixOffset;
}

template AnimTicksPerSecond {
 <9e415a43-7ba6-4a73-8743-b73d47e88476>
 DWORD AnimTicksPerSecond;
}

template Animation {
 <3d82ab4f-62da-11cf-ab39-0020af71e433>
 [...]
}

template AnimationSet {
 <3d82ab50-62da-11cf-ab39-0020af71e433>
 [Animation <3d82ab4f-62da-11cf-ab39-0020af71e433>]
}

template FloatKeys {
 <10dd46a9-775b-11cf-8f52-0040333594a3>
 DWORD nValues;
 array FLOAT values[nValues];
}

template TimedFloatKeys {
 <f406b180-7b3b-11cf-8f52-0040333594a3>
 DWORD time;
 FloatKeys tfkeys;
}

template AnimationKey {
 <10dd46a8-775b-11cf-8f52-0040333594a3>
 DWORD keyType;
 DWORD nKeys;
 array TimedFloatKeys keys[nKeys];
}


Material Material__309 {
 1.000000;1.000000;1.000000;1.000000;;
 100.000000;
 0.200000;0.200000;0.200000;;
 0.000000;0.000000;0.000000;;

 TextureFilename {
  "ArticulatedShoulderpad.png";
 }
}

Frame Dummy01 {
 

 FrameTransformMatrix {
  1.000000,0.000000,0.000000,0.000000,0.000000,-0.000000,-1.000000,0.000000,0.000000,1.000000,-0.000000,0.000000,0.000000,0.000000,0.000000,1.000000;;
 }

 Frame Bip01 {
  

  FrameTransformMatrix {
   -0.087155,0.982405,-0.165183,0.000000,-0.000001,0.165814,0.986157,0.000000,0.996195,0.085949,-0.014450,0.000000,-0.010000,-0.012284,0.490453,1.000000;;
  }

  Frame Bip01_Pelvis {
   

   FrameTransformMatrix {
    0.000000,1.000000,-0.000001,0.000000,-0.000001,0.000001,1.000000,0.000000,1.000000,0.000000,0.000001,0.000000,0.000000,0.000000,0.000000,1.000000;;
   }

   Frame Bip01_Spine {
    

    FrameTransformMatrix {
     0.984686,0.000002,-0.174337,0.000000,-0.000001,1.000000,0.000004,0.000000,0.174337,-0.000004,0.984686,0.000000,0.051619,0.000000,-0.000083,1.000000;;
    }

    Frame Bip01_Spine1 {
     

     FrameTransformMatrix {
      0.997819,0.052687,0.039774,0.000000,-0.044862,0.983198,-0.176942,0.000000,-0.048428,0.174771,0.983417,0.000000,0.106484,-0.000015,-0.000083,1.000000;;
     }

     Frame Bip01_Neck {
      

      FrameTransformMatrix {
       0.966067,-0.020835,0.257451,0.000000,0.025191,0.999590,-0.013632,0.000000,-0.257061,0.019655,0.966195,0.000000,0.130511,-0.000001,0.004626,1.000000;;
      }

      Frame Bip01_Head {
       

       FrameTransformMatrix {
        0.989321,-0.051753,-0.136255,0.000000,0.064251,0.993958,0.088989,0.000000,0.130826,-0.096793,0.986669,0.000000,0.033674,-0.000000,0.000000,1.000000;;
       }
      }

      Frame Bip01_L_Clavicle {
       

       FrameTransformMatrix {
        -0.205975,0.976135,0.068811,0.000000,0.943873,0.216738,-0.249254,0.000000,-0.258220,0.013609,-0.965990,0.000000,-0.024734,0.015166,0.002017,1.000000;;
       }

       Frame Bip01_L_UpperArm {
        

        FrameTransformMatrix {
         0.385871,-0.777669,0.496320,0.000000,0.922466,0.332598,-0.196046,0.000000,-0.012616,0.533487,0.845714,0.000000,0.073469,0.000000,-0.000000,1.000000;;
        }

        Frame Bip01_L_Forearm {
         

         FrameTransformMatrix {
          0.943939,0.000000,-0.330119,0.000000,0.000000,1.000000,-0.000000,0.000000,0.330119,-0.000000,0.943939,0.000000,0.148340,0.000000,-0.000000,1.000000;;
         }

         Frame Bip01_L_Hand {
          

          FrameTransformMatrix {
           1.000000,0.000000,0.000000,0.000000,0.000000,0.000796,1.000000,0.000000,0.000000,-1.000000,0.000796,0.000000,0.131860,-0.000000,0.000000,1.000000;;
          }

          Frame Bip01_L_Finger0 {
           

           FrameTransformMatrix {
            0.690342,-0.181727,0.700288,0.000000,0.558537,0.749101,-0.356210,0.000000,-0.459853,0.637043,0.618637,0.000000,0.057681,-0.023605,-0.000272,1.000000;;
           }
          }

          Frame Bip01_L_Finger1 {
           

           FrameTransformMatrix {
            0.728079,-0.000546,0.685493,0.000000,0.000000,1.000000,0.000796,0.000000,-0.685493,-0.000580,0.728079,0.000000,0.084102,0.000000,0.000000,1.000000;;
           }
          }
         }
        }
       }
      }

      Frame Bip01_R_Clavicle {
       

       FrameTransformMatrix {
        -0.028509,-0.999573,-0.006461,0.000000,-0.965665,0.025871,0.258498,0.000000,-0.258220,0.013609,-0.965990,0.000000,-0.024080,-0.016250,0.001399,1.000000;;
       }

       Frame Bip01_R_UpperArm {
        

        FrameTransformMatrix {
         0.221390,0.975047,0.016433,0.000000,-0.974986,0.221654,-0.016512,0.000000,-0.019742,-0.012366,0.999728,0.000000,0.073469,0.000000,-0.000000,1.000000;;
        }

        Frame Bip01_R_Forearm {
         

         FrameTransformMatrix {
          0.915660,0.000000,-0.401954,0.000000,-0.000000,1.000000,-0.000000,0.000000,0.401954,-0.000000,0.915660,0.000000,0.148340,0.000000,-0.000000,1.000000;;
         }

         Frame Bip01_R_Hand {
          

          FrameTransformMatrix {
           0.975195,-0.000000,-0.221346,0.000000,-0.221346,0.000796,-0.975195,0.000000,0.000176,1.000000,0.000777,0.000000,0.131860,0.000000,0.000000,1.000000;;
          }

          Frame Bip01_R_Finger0 {
           

           FrameTransformMatrix {
            0.417774,-0.116941,0.900994,0.000000,-0.558537,0.749101,0.356210,0.000000,-0.716591,-0.652054,0.247639,0.000000,0.057681,0.023605,-0.000272,1.000000;;
           }
          }

          Frame Bip01_R_Finger1 {
           

           FrameTransformMatrix {
            0.352436,0.000745,0.935835,0.000000,0.000000,1.000000,-0.000796,0.000000,-0.935836,0.000281,0.352436,0.000000,0.084102,0.000000,0.000000,1.000000;;
           }
          }
         }
        }
       }
      }
     }

     Frame Bip01_BackPack {
      

      FrameTransformMatrix {
       0.180560,0.080500,-0.980264,0.000000,0.047560,0.994764,0.090451,0.000000,0.982413,-0.062954,0.175786,0.000000,0.063697,0.000003,-0.088856,1.000000;;
      }
     }
    }

    Frame Bip01_L_Thigh {
     

     FrameTransformMatrix {
      -0.888504,0.030427,0.457858,0.000000,-0.032107,-0.999476,0.004114,0.000000,0.457744,-0.011045,0.889016,0.000000,-0.050843,0.055225,-0.008917,1.000000;;
     }

     Frame Bip01_L_Calf {
      

      FrameTransformMatrix {
       0.942235,-0.000000,-0.334952,0.000000,-0.000000,1.000000,-0.000000,0.000000,0.334952,0.000000,0.942235,0.000000,0.237500,0.000000,-0.000000,1.000000;;
      }

      Frame Bip01_L_Foot {
       

       FrameTransformMatrix {
        0.924325,-0.026487,0.380687,0.000000,-0.068962,0.969570,0.234901,0.000000,-0.375325,-0.243378,0.894371,0.000000,0.206841,0.000000,0.000000,1.000000;;
       }

       Frame Bip01_L_Toe0 {
        

        FrameTransformMatrix {
         0.000000,0.000000,1.000000,0.000000,0.000000,1.000000,-0.000000,0.000000,-1.000000,0.000000,0.000000,0.000000,0.065373,0.000000,0.066450,1.000000;;
        }
       }
      }
     }
    }

    Frame Bip01_R_Thigh {
     

     FrameTransformMatrix {
      -0.996965,0.030321,-0.071704,0.000000,-0.029454,-0.999480,-0.013113,0.000000,-0.072065,-0.010961,0.997340,0.000000,-0.050843,-0.055225,-0.008917,1.000000;;
     }

     Frame Bip01_R_Calf {
      

      FrameTransformMatrix {
       0.730239,0.000000,-0.683192,0.000000,0.000000,1.000000,0.000000,0.000000,0.683192,-0.000000,0.730239,0.000000,0.237500,0.000000,0.000000,1.000000;;
      }

      Frame Bip01_R_Foot {
       

       FrameTransformMatrix {
        0.991957,0.087165,-0.091782,0.000000,-0.093276,0.993546,-0.064539,0.000000,0.085565,0.072581,0.993685,0.000000,0.206841,0.000000,0.000000,1.000000;;
       }

       Frame Bip01_R_Toe0 {
        

        FrameTransformMatrix {
         0.000000,0.000000,1.000000,0.000000,0.000000,1.000000,-0.000000,0.000000,-1.000000,0.000000,0.000000,0.000000,0.065373,0.000000,0.066450,1.000000;;
        }
       }
      }
     }
    }
   }

   Frame Bip01_DressFront {
    

    FrameTransformMatrix {
     -0.880185,-0.088339,0.466338,0.000000,0.121847,0.907542,0.401896,0.000000,-0.458725,0.410564,-0.788041,0.000000,-0.043935,0.001339,0.061057,1.000000;;
    }

    Frame Bip01_DressFront02 {
     

     FrameTransformMatrix {
      0.912593,0.000001,0.408870,0.000000,-0.000001,1.000000,-0.000000,0.000000,-0.408870,-0.000000,0.912593,0.000000,0.183378,-0.000000,-0.000120,1.000000;;
     }
    }
   }

   Frame Bip01_DressBack {
    

    FrameTransformMatrix {
     -0.886023,0.038029,0.462080,0.000000,0.191625,0.937561,0.290274,0.000000,-0.422190,0.345735,-0.837988,0.000000,-0.047673,-0.000048,-0.078302,1.000000;;
    }

    Frame Bip01_DressBack02 {
     

     FrameTransformMatrix {
      0.936852,0.174932,-0.302833,0.000000,-0.166408,0.984581,0.053939,0.000000,0.307600,-0.000139,0.951516,0.000000,0.176125,0.000000,-0.000103,1.000000;;
     }
    }
   }
  }

  Frame Bip01_Prop1 {
   

   FrameTransformMatrix {
    -0.233929,-0.108090,0.966227,0.000000,0.687222,0.684611,0.242967,0.000000,-0.687752,0.720850,-0.085868,0.000000,0.104667,-0.055270,-0.126340,1.000000;;
   }
  }

  Frame Bip01_Prop2 {
   

   FrameTransformMatrix {
    -0.163643,-0.967062,0.194966,0.000000,0.985576,-0.168906,-0.010564,0.000000,0.043147,0.190425,0.980753,0.000000,-0.140709,-0.103585,0.102365,1.000000;;
   }
  }
 }
}

Frame Translation_Data {
 

 FrameTransformMatrix {
  1.000000,0.000000,0.000000,0.000000,0.000000,-0.000000,-1.000000,0.000000,0.000000,1.000000,-0.000000,0.000000,0.000000,0.000000,0.000000,1.000000;;
 }
}

Frame Kate_ArticShoulderSpike_L {
 

 FrameTransformMatrix {
  1.000000,0.000000,0.000000,0.000000,0.000000,1.000000,0.000000,0.000000,0.000000,0.000000,1.000000,0.000000,0.000000,0.000000,0.000000,1.000000;;
 }

 Mesh Kate_ArticShoulderSpike_L {
  1678;
  0.158384;0.797574;0.077702;,
  0.174755;0.773162;0.078916;,
  0.185642;0.790721;0.072363;,
  0.155772;0.768506;0.081259;,
  0.092267;0.810813;0.088685;,
  0.070928;0.782576;0.093335;,
  0.101617;0.788584;0.098253;,
  0.059607;0.804053;0.081375;,
  0.130369;0.802565;0.089397;,
  0.130752;0.797692;0.085379;,
  0.155634;0.770330;0.083086;,
  0.158246;0.799398;0.079560;,
  0.129025;0.751344;0.087272;,
  0.099541;0.828425;0.056198;,
  0.065667;0.815905;0.055738;,
  0.130162;0.817000;0.054552;,
  0.130544;0.812126;0.053626;,
  0.080633;0.760125;0.101185;,
  0.102753;0.751321;0.095680;,
  0.161850;0.805837;0.049237;,
  0.189608;0.797624;0.044789;,
  0.161988;0.804014;0.049159;,
  0.157259;0.793932;0.074188;,
  0.173632;0.773362;0.074162;,
  0.154876;0.768045;0.076482;,
  0.184544;0.787270;0.068696;,
  0.092702;0.802159;0.081190;,
  0.071042;0.780008;0.089036;,
  0.060209;0.799748;0.078381;,
  0.101321;0.782900;0.088680;,
  0.129662;0.794625;0.081455;,
  0.128130;0.751124;0.082481;,
  0.099405;0.818089;0.054606;,
  0.066838;0.810579;0.054988;,
  0.129259;0.806765;0.053406;,
  0.077447;0.757340;0.098066;,
  0.101403;0.749080;0.086492;,
  0.160941;0.798597;0.049012;,
  0.188537;0.792210;0.044789;,
  0.184544;0.787270;0.068696;,
  0.189608;0.797624;0.044789;,
  0.185642;0.790721;0.072363;,
  0.188537;0.792210;0.044789;,
  0.065667;0.815905;0.055738;,
  0.060209;0.799748;0.078381;,
  0.059607;0.804053;0.081375;,
  0.066838;0.810579;0.054988;,
  0.070928;0.782576;0.093335;,
  0.071042;0.780008;0.089036;,
  0.080633;0.760125;0.101185;,
  0.077447;0.757340;0.098066;,
  0.103135;0.748958;0.091104;,
  0.101403;0.749080;0.086492;,
  0.128130;0.751124;0.082481;,
  0.129025;0.751344;0.087272;,
  0.155772;0.768506;0.081259;,
  0.154876;0.768045;0.076482;,
  0.174755;0.773162;0.078916;,
  0.173632;0.773362;0.074162;,
  0.158384;0.797574;0.011876;,
  0.174755;0.773162;0.012478;,
  0.155772;0.768506;0.008318;,
  0.185642;0.790721;0.017123;,
  0.092267;0.810813;0.001023;,
  0.070928;0.782576;-0.003758;,
  0.059607;0.804053;0.008202;,
  0.101617;0.788584;-0.008545;,
  0.130369;0.802565;0.000310;,
  0.130752;0.797692;0.004199;,
  0.155634;0.770330;0.006686;,
  0.129025;0.761428;0.002306;,
  0.158247;0.799398;0.010172;,
  0.099541;0.828426;0.033510;,
  0.065667;0.815905;0.033839;,
  0.130162;0.817000;0.035155;,
  0.130544;0.812126;0.035951;,
  0.080633;0.760125;-0.011608;,
  0.102753;0.751321;-0.005973;,
  0.161850;0.805838;0.040496;,
  0.161988;0.804014;0.040418;,
  0.157259;0.793932;0.015390;,
  0.173632;0.773362;0.017232;,
  0.184544;0.787270;0.020790;,
  0.154876;0.768045;0.013095;,
  0.092702;0.802159;0.008387;,
  0.071042;0.780008;0.000541;,
  0.101321;0.782900;0.000897;,
  0.060209;0.799748;0.011196;,
  0.129662;0.794625;0.008122;,
  0.128130;0.761208;0.007096;,
  0.099405;0.818089;0.034971;,
  0.066838;0.810579;0.034589;,
  0.129259;0.806765;0.036171;,
  0.077447;0.757340;-0.008489;,
  0.101403;0.749080;0.003085;,
  0.160941;0.798597;0.040565;,
  0.174755;0.773162;0.012478;,
  0.184544;0.787270;0.020790;,
  0.173632;0.773362;0.017232;,
  0.185642;0.790721;0.017123;,
  0.065667;0.815905;0.033839;,
  0.060209;0.799748;0.011196;,
  0.066838;0.810579;0.034589;,
  0.059607;0.804053;0.008202;,
  0.070928;0.782576;-0.003758;,
  0.071042;0.780008;0.000541;,
  0.080633;0.760125;-0.011608;,
  0.077447;0.757340;-0.008489;,
  0.103135;0.748958;-0.001527;,
  0.101403;0.749080;0.003085;,
  0.128130;0.761208;0.007096;,
  0.129025;0.761428;0.002306;,
  0.155772;0.768506;0.008318;,
  0.154876;0.768045;0.013095;,
  -0.080064;0.688753;0.014426;,
  -0.063281;0.692914;-0.020576;,
  -0.072519;0.688753;0.014426;,
  -0.069143;0.693211;-0.024333;,
  -0.040241;0.701665;-0.035347;,
  -0.041514;0.703224;-0.039989;,
  0.003169;0.712734;-0.027038;,
  0.003169;0.713984;-0.031941;,
  0.051293;0.729819;-0.020904;,
  0.051293;0.731285;-0.025746;,
  0.092834;0.758103;-0.000687;,
  0.092598;0.758750;-0.005700;,
  -0.080064;0.705153;0.014426;,
  -0.064072;0.709174;-0.018582;,
  -0.069934;0.709471;-0.022339;,
  -0.072519;0.705153;0.014426;,
  -0.042818;0.716794;-0.029561;,
  -0.044092;0.718352;-0.034204;,
  0.000146;0.728311;-0.022988;,
  0.000146;0.729561;-0.027891;,
  0.044155;0.743952;-0.016626;,
  0.044155;0.745417;-0.021468;,
  0.078582;0.766041;0.001007;,
  0.078347;0.766688;-0.004006;,
  -0.080064;0.688753;0.014426;,
  -0.069934;0.709471;-0.022339;,
  -0.069143;0.693211;-0.024333;,
  -0.080064;0.705153;0.014426;,
  -0.044092;0.718352;-0.034204;,
  -0.041514;0.703224;-0.039989;,
  0.000146;0.729561;-0.027891;,
  0.003169;0.713984;-0.031941;,
  0.044155;0.745417;-0.021468;,
  0.051293;0.731285;-0.025746;,
  0.078347;0.766688;-0.004006;,
  0.092598;0.758750;-0.005700;,
  0.092834;0.758103;-0.000687;,
  0.044155;0.743952;-0.016626;,
  0.051293;0.729819;-0.020904;,
  0.078582;0.766041;0.001007;,
  0.000146;0.728311;-0.022988;,
  0.003169;0.712734;-0.027038;,
  -0.042818;0.716794;-0.029561;,
  -0.040241;0.701665;-0.035347;,
  -0.064072;0.709174;-0.018582;,
  -0.063281;0.692914;-0.020576;,
  -0.072519;0.705153;0.014426;,
  -0.072519;0.688753;0.014426;,
  -0.085074;0.689573;0.043977;,
  -0.073533;0.692992;0.065051;,
  -0.077608;0.692992;0.068050;,
  -0.077528;0.689573;0.043977;,
  -0.043872;0.698765;0.079727;,
  -0.045165;0.698452;0.084608;,
  0.008144;0.710954;0.090394;,
  0.007873;0.711854;0.095365;,
  0.058393;0.732258;0.093928;,
  0.058724;0.733687;0.098770;,
  0.094720;0.758458;0.089707;,
  0.094720;0.758458;0.094767;,
  -0.085074;0.705973;0.043977;,
  -0.073533;0.709393;0.065051;,
  -0.077528;0.705973;0.043977;,
  -0.077608;0.709393;0.068050;,
  -0.047196;0.714824;0.079876;,
  -0.048489;0.714511;0.084758;,
  0.003506;0.726387;0.087348;,
  0.003235;0.727287;0.092319;,
  0.054631;0.747638;0.089650;,
  0.054963;0.749066;0.094492;,
  0.080454;0.766547;0.087702;,
  0.080454;0.766547;0.092762;,
  -0.085074;0.689573;0.043977;,
  -0.077608;0.709393;0.068050;,
  -0.085074;0.705973;0.043977;,
  -0.077608;0.692992;0.068050;,
  -0.048489;0.714511;0.084758;,
  -0.045165;0.698452;0.084608;,
  0.003235;0.727287;0.092319;,
  0.007873;0.711854;0.095365;,
  0.054963;0.749066;0.094492;,
  0.058724;0.733687;0.098770;,
  0.080454;0.766547;0.092762;,
  0.094720;0.758458;0.094767;,
  0.094720;0.758458;0.089707;,
  0.054631;0.747638;0.089650;,
  0.080454;0.766547;0.087702;,
  0.058393;0.732258;0.093928;,
  0.003506;0.726387;0.087348;,
  0.008144;0.710954;0.090394;,
  -0.047196;0.714824;0.079876;,
  -0.043872;0.698765;0.079727;,
  -0.073533;0.709393;0.065051;,
  -0.073533;0.692992;0.065051;,
  -0.077528;0.705973;0.043977;,
  -0.077528;0.689573;0.043977;,
  -0.077528;0.705973;0.043977;,
  -0.072519;0.688753;0.014426;,
  -0.072519;0.705153;0.014426;,
  -0.077528;0.689573;0.043977;,
  -0.077528;0.705973;0.043977;,
  -0.080064;0.705153;0.014426;,
  -0.085074;0.705973;0.043977;,
  -0.080064;0.705153;0.014426;,
  -0.077528;0.705973;0.043977;,
  -0.072519;0.705153;0.014426;,
  -0.085074;0.705973;0.043977;,
  -0.080064;0.688753;0.014426;,
  -0.085074;0.689573;0.043977;,
  -0.080064;0.705153;0.014426;,
  -0.077528;0.689573;0.043977;,
  -0.080064;0.688753;0.014426;,
  -0.072519;0.688753;0.014426;,
  -0.080064;0.688753;0.014426;,
  -0.077528;0.689573;0.043977;,
  -0.085074;0.689573;0.043977;,
  0.080633;0.760125;0.101185;,
  0.103135;0.748958;0.091104;,
  0.102753;0.751321;0.095680;,
  0.103135;0.748958;0.091104;,
  0.128642;0.753707;0.091474;,
  0.102753;0.751321;0.095680;,
  0.128642;0.753707;0.091474;,
  0.103135;0.748958;0.091104;,
  0.129025;0.751344;0.087272;,
  0.129025;0.751344;0.087272;,
  0.130369;0.802565;0.089397;,
  0.128642;0.753707;0.091474;,
  0.130369;0.802565;0.089397;,
  0.129025;0.751344;0.087272;,
  0.130752;0.797692;0.085379;,
  0.130752;0.797692;0.085379;,
  0.130162;0.817000;0.054552;,
  0.130369;0.802565;0.089397;,
  0.130162;0.817000;0.054552;,
  0.130752;0.797692;0.085379;,
  0.130544;0.812126;0.053626;,
  0.130544;0.812126;0.053626;,
  0.130162;0.817000;0.035155;,
  0.130162;0.817000;0.054552;,
  0.130162;0.817000;0.035155;,
  0.130544;0.812126;0.053626;,
  0.130544;0.812126;0.035951;,
  0.130544;0.812126;0.035951;,
  0.130369;0.802565;0.000310;,
  0.130162;0.817000;0.035155;,
  0.130369;0.802565;0.000310;,
  0.130544;0.812126;0.035951;,
  0.130752;0.797692;0.004199;,
  0.130752;0.797692;0.004199;,
  0.128642;0.763791;-0.001767;,
  0.130369;0.802565;0.000310;,
  0.128642;0.763791;-0.001767;,
  0.130752;0.797692;0.004199;,
  0.129025;0.761428;0.002306;,
  0.129025;0.761428;0.002306;,
  0.102753;0.751321;-0.005973;,
  0.128642;0.763791;-0.001767;,
  0.102753;0.751321;-0.005973;,
  0.129025;0.761428;0.002306;,
  0.103135;0.748958;-0.001527;,
  0.103135;0.748958;-0.001527;,
  0.080633;0.760125;-0.011608;,
  0.102753;0.751321;-0.005973;,
  0.155772;0.768506;0.081259;,
  0.158246;0.799398;0.079560;,
  0.155634;0.770330;0.083086;,
  0.158246;0.799398;0.079560;,
  0.155772;0.768506;0.081259;,
  0.158384;0.797574;0.077702;,
  0.158384;0.797574;0.077702;,
  0.161850;0.805837;0.049237;,
  0.158246;0.799398;0.079560;,
  0.161850;0.805837;0.049237;,
  0.158384;0.797574;0.077702;,
  0.161988;0.804014;0.049159;,
  0.161988;0.804014;0.049159;,
  0.161850;0.805838;0.040496;,
  0.161850;0.805837;0.049237;,
  0.161850;0.805838;0.040496;,
  0.161988;0.804014;0.049159;,
  0.161988;0.804014;0.040418;,
  0.161988;0.804014;0.040418;,
  0.158247;0.799398;0.010172;,
  0.161850;0.805838;0.040496;,
  0.158247;0.799398;0.010172;,
  0.161988;0.804014;0.040418;,
  0.158384;0.797574;0.011876;,
  0.158384;0.797574;0.011876;,
  0.155634;0.770330;0.006686;,
  0.158247;0.799398;0.010172;,
  0.155634;0.770330;0.006686;,
  0.158384;0.797574;0.011876;,
  0.155772;0.768506;0.008318;,
  0.155772;0.768506;0.008318;,
  0.129025;0.761428;0.002306;,
  0.155634;0.770330;0.006686;,
  0.129025;0.751344;0.087272;,
  0.155772;0.768506;0.081259;,
  0.155634;0.770330;0.083086;,
  0.128642;0.763791;-0.001767;,
  0.128642;0.753707;0.091474;,
  0.099452;0.813410;0.081012;,
  0.102833;0.816440;0.078962;,
  0.102420;0.814485;0.077916;,
  0.102833;0.816440;0.078962;,
  0.099452;0.813410;0.081012;,
  0.099839;0.815357;0.082086;,
  0.102420;0.814485;0.077916;,
  0.106803;0.814865;0.080253;,
  0.106354;0.812924;0.079195;,
  0.106803;0.814865;0.080253;,
  0.102420;0.814485;0.077916;,
  0.102833;0.816440;0.078962;,
  0.106354;0.812924;0.079195;,
  0.106261;0.812808;0.084174;,
  0.105817;0.810885;0.083081;,
  0.106261;0.812808;0.084174;,
  0.106354;0.812924;0.079195;,
  0.106803;0.814865;0.080253;,
  0.105817;0.810885;0.083081;,
  0.101957;0.813112;0.085307;,
  0.101552;0.811186;0.084204;,
  0.101957;0.813112;0.085307;,
  0.105817;0.810885;0.083081;,
  0.106261;0.812808;0.084174;,
  0.101552;0.811186;0.084204;,
  0.099839;0.815357;0.082086;,
  0.099452;0.813410;0.081012;,
  0.099839;0.815357;0.082086;,
  0.101552;0.811186;0.084204;,
  0.101957;0.813112;0.085307;,
  0.099839;0.815357;0.082086;,
  0.103269;0.815961;0.080746;,
  0.102833;0.816440;0.078962;,
  0.103269;0.815961;0.080746;,
  0.099839;0.815357;0.082086;,
  0.101715;0.815398;0.082367;,
  0.102833;0.816440;0.078962;,
  0.105329;0.815143;0.081416;,
  0.106803;0.814865;0.080253;,
  0.105329;0.815143;0.081416;,
  0.102833;0.816440;0.078962;,
  0.103269;0.815961;0.080746;,
  0.106803;0.814865;0.080253;,
  0.105048;0.814075;0.083451;,
  0.106261;0.812808;0.084174;,
  0.105048;0.814075;0.083451;,
  0.106803;0.814865;0.080253;,
  0.105329;0.815143;0.081416;,
  0.106261;0.812808;0.084174;,
  0.102814;0.814233;0.084039;,
  0.101957;0.813112;0.085307;,
  0.102814;0.814233;0.084039;,
  0.106261;0.812808;0.084174;,
  0.105048;0.814075;0.083451;,
  0.101957;0.813112;0.085307;,
  0.101715;0.815398;0.082367;,
  0.099839;0.815357;0.082086;,
  0.101715;0.815398;0.082367;,
  0.101957;0.813112;0.085307;,
  0.102814;0.814233;0.084039;,
  0.101715;0.815398;0.082367;,
  0.110082;0.847298;0.098223;,
  0.103269;0.815961;0.080746;,
  0.110082;0.847298;0.098223;,
  0.101715;0.815398;0.082367;,
  0.108594;0.846750;0.099754;,
  0.103269;0.815961;0.080746;,
  0.112042;0.846512;0.098851;,
  0.105329;0.815143;0.081416;,
  0.112042;0.846512;0.098851;,
  0.103269;0.815961;0.080746;,
  0.110082;0.847298;0.098223;,
  0.105329;0.815143;0.081416;,
  0.111777;0.845467;0.100783;,
  0.105048;0.814075;0.083451;,
  0.111777;0.845467;0.100783;,
  0.105329;0.815143;0.081416;,
  0.112042;0.846512;0.098851;,
  0.105048;0.814075;0.083451;,
  0.109634;0.845614;0.101346;,
  0.102814;0.814233;0.084039;,
  0.109634;0.845614;0.101346;,
  0.105048;0.814075;0.083451;,
  0.111777;0.845467;0.100783;,
  0.102814;0.814233;0.084039;,
  0.108594;0.846750;0.099754;,
  0.101715;0.815398;0.082367;,
  0.108594;0.846750;0.099754;,
  0.102814;0.814233;0.084039;,
  0.109634;0.845614;0.101346;,
  0.108594;0.846750;0.099754;,
  0.112164;0.854077;0.104606;,
  0.110082;0.847298;0.098223;,
  0.110082;0.847298;0.098223;,
  0.112164;0.854077;0.104606;,
  0.112042;0.846512;0.098851;,
  0.112042;0.846512;0.098851;,
  0.112164;0.854077;0.104606;,
  0.111777;0.845467;0.100783;,
  0.111777;0.845467;0.100783;,
  0.112164;0.854077;0.104606;,
  0.109634;0.845614;0.101346;,
  0.109634;0.845614;0.101346;,
  0.112164;0.854077;0.104606;,
  0.108594;0.846750;0.099754;,
  0.099452;0.813410;0.081012;,
  0.105817;0.810885;0.083081;,
  0.101552;0.811186;0.084204;,
  0.099452;0.813410;0.081012;,
  0.106354;0.812924;0.079195;,
  0.105817;0.810885;0.083081;,
  0.102420;0.814485;0.077916;,
  0.100491;0.827559;0.044294;,
  0.103951;0.828863;0.040955;,
  0.103305;0.826702;0.040993;,
  0.103951;0.828863;0.040955;,
  0.100491;0.827559;0.044294;,
  0.101112;0.829729;0.044286;,
  0.103305;0.826702;0.040993;,
  0.107862;0.827685;0.042749;,
  0.107181;0.825534;0.042771;,
  0.107862;0.827685;0.042749;,
  0.103305;0.826702;0.040993;,
  0.103951;0.828863;0.040955;,
  0.107181;0.825534;0.042771;,
  0.107440;0.827822;0.047188;,
  0.106763;0.825670;0.047170;,
  0.107440;0.827822;0.047188;,
  0.107181;0.825534;0.042771;,
  0.107862;0.827685;0.042749;,
  0.106763;0.825670;0.047170;,
  0.103268;0.829085;0.048138;,
  0.102628;0.826922;0.048111;,
  0.103268;0.829085;0.048138;,
  0.106763;0.825670;0.047170;,
  0.107440;0.827822;0.047188;,
  0.102628;0.826922;0.048111;,
  0.101112;0.829729;0.044286;,
  0.100491;0.827559;0.044294;,
  0.101112;0.829729;0.044286;,
  0.102628;0.826922;0.048111;,
  0.103268;0.829085;0.048138;,
  0.101112;0.829729;0.044286;,
  0.104474;0.829251;0.042738;,
  0.103951;0.828863;0.040955;,
  0.104474;0.829251;0.042738;,
  0.101112;0.829729;0.044286;,
  0.103000;0.829700;0.044466;,
  0.103951;0.828863;0.040955;,
  0.106504;0.828639;0.043669;,
  0.107862;0.827685;0.042749;,
  0.106504;0.828639;0.043669;,
  0.103951;0.828863;0.040955;,
  0.104474;0.829251;0.042738;,
  0.107862;0.827685;0.042749;,
  0.106285;0.828710;0.045973;,
  0.107440;0.827822;0.047188;,
  0.106285;0.828710;0.045973;,
  0.107862;0.827685;0.042749;,
  0.106504;0.828639;0.043669;,
  0.107440;0.827822;0.047188;,
  0.104120;0.829366;0.046466;,
  0.103268;0.829085;0.048138;,
  0.104120;0.829366;0.046466;,
  0.107440;0.827822;0.047188;,
  0.106285;0.828710;0.045973;,
  0.103268;0.829085;0.048138;,
  0.103000;0.829700;0.044466;,
  0.101112;0.829729;0.044286;,
  0.103000;0.829700;0.044466;,
  0.103268;0.829085;0.048138;,
  0.104120;0.829366;0.046466;,
  0.103000;0.829700;0.044466;,
  0.115062;0.864205;0.042751;,
  0.104474;0.829251;0.042738;,
  0.115062;0.864205;0.042751;,
  0.103000;0.829700;0.044466;,
  0.113649;0.864617;0.044393;,
  0.104474;0.829251;0.042738;,
  0.116992;0.863612;0.043633;,
  0.106504;0.828639;0.043669;,
  0.116992;0.863612;0.043633;,
  0.104474;0.829251;0.042738;,
  0.115062;0.864205;0.042751;,
  0.106504;0.828639;0.043669;,
  0.116783;0.863652;0.045836;,
  0.106285;0.828710;0.045973;,
  0.116783;0.863652;0.045836;,
  0.106504;0.828639;0.043669;,
  0.116992;0.863612;0.043633;,
  0.106285;0.828710;0.045973;,
  0.114706;0.864276;0.046310;,
  0.104120;0.829366;0.046466;,
  0.114706;0.864276;0.046310;,
  0.106285;0.828710;0.045973;,
  0.116783;0.863652;0.045836;,
  0.104120;0.829366;0.046466;,
  0.113649;0.864617;0.044393;,
  0.103000;0.829700;0.044466;,
  0.113649;0.864617;0.044393;,
  0.104120;0.829366;0.046466;,
  0.114706;0.864276;0.046310;,
  0.113649;0.864617;0.044393;,
  0.118145;0.872945;0.045018;,
  0.115062;0.864205;0.042751;,
  0.115062;0.864205;0.042751;,
  0.118145;0.872945;0.045018;,
  0.116992;0.863612;0.043633;,
  0.116992;0.863612;0.043633;,
  0.118145;0.872945;0.045018;,
  0.116783;0.863652;0.045836;,
  0.116783;0.863652;0.045836;,
  0.118145;0.872945;0.045018;,
  0.114706;0.864276;0.046310;,
  0.114706;0.864276;0.046310;,
  0.118145;0.872945;0.045018;,
  0.113649;0.864617;0.044393;,
  0.100491;0.827559;0.044294;,
  0.106763;0.825670;0.047170;,
  0.102628;0.826922;0.048111;,
  0.100491;0.827559;0.044294;,
  0.107181;0.825534;0.042771;,
  0.106763;0.825670;0.047170;,
  0.103305;0.826702;0.040993;,
  0.099612;0.811983;0.006944;,
  0.102819;0.812024;0.003132;,
  0.102450;0.810050;0.004160;,
  0.102819;0.812024;0.003132;,
  0.099612;0.811983;0.006944;,
  0.099955;0.813975;0.005942;,
  0.102450;0.810050;0.004160;,
  0.106879;0.812179;0.004974;,
  0.106474;0.810204;0.005985;,
  0.106879;0.812179;0.004974;,
  0.102450;0.810050;0.004160;,
  0.102819;0.812024;0.003132;,
  0.106474;0.810204;0.005985;,
  0.106525;0.814227;0.008922;,
  0.106123;0.812233;0.009897;,
  0.106525;0.814227;0.008922;,
  0.106474;0.810204;0.005985;,
  0.106879;0.812179;0.004974;,
  0.106123;0.812233;0.009897;,
  0.102245;0.815337;0.009520;,
  0.101882;0.813332;0.010490;,
  0.102245;0.815337;0.009520;,
  0.106123;0.812233;0.009897;,
  0.106525;0.814227;0.008922;,
  0.101882;0.813332;0.010490;,
  0.099955;0.813975;0.005942;,
  0.099612;0.811983;0.006944;,
  0.099955;0.813975;0.005942;,
  0.101882;0.813332;0.010490;,
  0.102245;0.815337;0.009520;,
  0.099955;0.813975;0.005942;,
  0.103322;0.813215;0.004522;,
  0.102819;0.812024;0.003132;,
  0.103322;0.813215;0.004522;,
  0.099955;0.813975;0.005942;,
  0.101835;0.814227;0.005980;,
  0.102819;0.812024;0.003132;,
  0.105429;0.813295;0.005478;,
  0.106879;0.812179;0.004974;,
  0.105429;0.813295;0.005478;,
  0.102819;0.812024;0.003132;,
  0.103322;0.813215;0.004522;,
  0.106879;0.812179;0.004974;,
  0.105245;0.814358;0.007527;,
  0.106525;0.814227;0.008922;,
  0.105245;0.814358;0.007527;,
  0.106879;0.812179;0.004974;,
  0.105429;0.813295;0.005478;,
  0.106525;0.814227;0.008922;,
  0.103024;0.814934;0.007837;,
  0.102245;0.815337;0.009520;,
  0.103024;0.814934;0.007837;,
  0.106525;0.814227;0.008922;,
  0.105245;0.814358;0.007527;,
  0.102245;0.815337;0.009520;,
  0.101835;0.814227;0.005980;,
  0.099955;0.813975;0.005942;,
  0.101835;0.814227;0.005980;,
  0.102245;0.815337;0.009520;,
  0.103024;0.814934;0.007837;,
  0.101835;0.814227;0.005980;,
  0.109434;0.845440;-0.011543;,
  0.103322;0.813215;0.004522;,
  0.109434;0.845440;-0.011543;,
  0.101835;0.814227;0.005980;,
  0.108011;0.846387;-0.010150;,
  0.103322;0.813215;0.004522;,
  0.111439;0.845505;-0.010632;,
  0.105429;0.813295;0.005478;,
  0.111439;0.845505;-0.010632;,
  0.103322;0.813215;0.004522;,
  0.109434;0.845440;-0.011543;,
  0.105429;0.813295;0.005478;,
  0.111268;0.846495;-0.008661;,
  0.105245;0.814358;0.007527;,
  0.111268;0.846495;-0.008661;,
  0.105429;0.813295;0.005478;,
  0.111439;0.845505;-0.010632;,
  0.105245;0.814358;0.007527;,
  0.109137;0.847044;-0.008360;,
  0.103024;0.814934;0.007837;,
  0.109137;0.847044;-0.008360;,
  0.105245;0.814358;0.007527;,
  0.111268;0.846495;-0.008661;,
  0.103024;0.814934;0.007837;,
  0.108011;0.846387;-0.010150;,
  0.101835;0.814227;0.005980;,
  0.108011;0.846387;-0.010150;,
  0.103024;0.814934;0.007837;,
  0.109137;0.847044;-0.008360;,
  0.108011;0.846387;-0.010150;,
  0.111436;0.854547;-0.013563;,
  0.109434;0.845440;-0.011543;,
  0.109434;0.845440;-0.011543;,
  0.111436;0.854547;-0.013563;,
  0.111439;0.845505;-0.010632;,
  0.111439;0.845505;-0.010632;,
  0.111436;0.854547;-0.013563;,
  0.111268;0.846495;-0.008661;,
  0.111268;0.846495;-0.008661;,
  0.111436;0.854547;-0.013563;,
  0.109137;0.847044;-0.008360;,
  0.109137;0.847044;-0.008360;,
  0.111436;0.854547;-0.013563;,
  0.108011;0.846387;-0.010150;,
  0.099612;0.811983;0.006944;,
  0.106123;0.812233;0.009897;,
  0.101882;0.813332;0.010490;,
  0.099612;0.811983;0.006944;,
  0.106474;0.810204;0.005985;,
  0.106123;0.812233;0.009897;,
  0.099612;0.811983;0.006944;,
  0.102450;0.810050;0.004160;,
  0.106474;0.810204;0.005985;,
  0.117736;0.813795;0.019654;,
  0.121051;0.813937;0.015938;,
  0.120335;0.811908;0.016615;,
  0.121051;0.813937;0.015938;,
  0.117736;0.813795;0.019654;,
  0.118429;0.815841;0.019004;,
  0.120335;0.811908;0.016615;,
  0.125011;0.813124;0.017824;,
  0.124260;0.811102;0.018484;,
  0.125011;0.813124;0.017824;,
  0.120335;0.811908;0.016615;,
  0.121051;0.813937;0.015938;,
  0.124260;0.811102;0.018484;,
  0.124837;0.814526;0.022056;,
  0.124087;0.812492;0.022678;,
  0.124837;0.814526;0.022056;,
  0.124260;0.811102;0.018484;,
  0.125011;0.813124;0.017824;,
  0.124087;0.812492;0.022678;,
  0.120768;0.816205;0.022785;,
  0.120055;0.814155;0.023401;,
  0.120768;0.816205;0.022785;,
  0.124087;0.812492;0.022678;,
  0.124837;0.814526;0.022056;,
  0.120055;0.814155;0.023401;,
  0.118429;0.815841;0.019004;,
  0.117736;0.813795;0.019654;,
  0.118429;0.815841;0.019004;,
  0.120055;0.814155;0.023401;,
  0.120768;0.816205;0.022785;,
  0.118429;0.815841;0.019004;,
  0.121684;0.814785;0.017513;,
  0.121051;0.813937;0.015938;,
  0.121684;0.814785;0.017513;,
  0.118429;0.815841;0.019004;,
  0.120322;0.815774;0.019105;,
  0.121051;0.813937;0.015938;,
  0.123739;0.814364;0.018492;,
  0.125011;0.813124;0.017824;,
  0.123739;0.814364;0.018492;,
  0.121051;0.813937;0.015938;,
  0.121684;0.814785;0.017513;,
  0.125011;0.813124;0.017824;,
  0.123648;0.815091;0.020689;,
  0.124837;0.814526;0.022056;,
  0.123648;0.815091;0.020689;,
  0.125011;0.813124;0.017824;,
  0.123739;0.814364;0.018492;,
  0.124837;0.814526;0.022056;,
  0.121537;0.815963;0.021067;,
  0.120768;0.816205;0.022785;,
  0.121537;0.815963;0.021067;,
  0.124837;0.814526;0.022056;,
  0.123648;0.815091;0.020689;,
  0.120768;0.816205;0.022785;,
  0.120322;0.815774;0.019105;,
  0.118429;0.815841;0.019004;,
  0.120322;0.815774;0.019105;,
  0.120768;0.816205;0.022785;,
  0.121537;0.815963;0.021067;,
  0.120322;0.815774;0.019105;,
  0.133445;0.847776;0.007161;,
  0.121684;0.814785;0.017513;,
  0.133445;0.847776;0.007161;,
  0.120322;0.815774;0.019105;,
  0.132138;0.848701;0.008677;,
  0.121684;0.814785;0.017513;,
  0.135398;0.847363;0.008092;,
  0.123739;0.814364;0.018492;,
  0.135398;0.847363;0.008092;,
  0.121684;0.814785;0.017513;,
  0.133445;0.847776;0.007161;,
  0.123739;0.814364;0.018492;,
  0.135312;0.848032;0.010199;,
  0.123648;0.815091;0.020689;,
  0.135312;0.848032;0.010199;,
  0.123739;0.814364;0.018492;,
  0.135398;0.847363;0.008092;,
  0.123648;0.815091;0.020689;,
  0.133286;0.848863;0.010565;,
  0.121537;0.815963;0.021067;,
  0.133286;0.848863;0.010565;,
  0.123648;0.815091;0.020689;,
  0.135312;0.848032;0.010199;,
  0.121537;0.815963;0.021067;,
  0.132138;0.848701;0.008677;,
  0.120322;0.815774;0.019105;,
  0.132138;0.848701;0.008677;,
  0.121537;0.815963;0.021067;,
  0.133286;0.848863;0.010565;,
  0.132138;0.848701;0.008677;,
  0.136944;0.856642;0.006722;,
  0.133445;0.847776;0.007161;,
  0.133445;0.847776;0.007161;,
  0.136944;0.856642;0.006722;,
  0.135398;0.847363;0.008092;,
  0.135398;0.847363;0.008092;,
  0.136944;0.856642;0.006722;,
  0.135312;0.848032;0.010199;,
  0.135312;0.848032;0.010199;,
  0.136944;0.856642;0.006722;,
  0.133286;0.848863;0.010565;,
  0.133286;0.848863;0.010565;,
  0.136944;0.856642;0.006722;,
  0.132138;0.848701;0.008677;,
  0.117736;0.813795;0.019654;,
  0.124087;0.812492;0.022678;,
  0.120055;0.814155;0.023401;,
  0.117736;0.813795;0.019654;,
  0.124260;0.811102;0.018484;,
  0.124087;0.812492;0.022678;,
  0.117736;0.813795;0.019654;,
  0.120335;0.811908;0.016615;,
  0.124260;0.811102;0.018484;,
  0.118548;0.820591;0.045003;,
  0.122011;0.821703;0.041599;,
  0.121271;0.819573;0.041672;,
  0.122011;0.821703;0.041599;,
  0.118548;0.820591;0.045003;,
  0.119264;0.822730;0.044960;,
  0.121271;0.819573;0.041672;,
  0.125893;0.820373;0.043348;,
  0.125118;0.818255;0.043405;,
  0.125893;0.820373;0.043348;,
  0.121271;0.819573;0.041672;,
  0.122011;0.821703;0.041599;,
  0.125118;0.818255;0.043405;,
  0.125545;0.820578;0.047791;,
  0.124774;0.818458;0.047808;,
  0.125545;0.820578;0.047791;,
  0.125118;0.818255;0.043405;,
  0.125893;0.820373;0.043348;,
  0.124774;0.818458;0.047808;,
  0.121448;0.822035;0.048787;,
  0.120714;0.819902;0.048796;,
  0.121448;0.822035;0.048787;,
  0.124774;0.818458;0.047808;,
  0.125545;0.820578;0.047791;,
  0.120714;0.819902;0.048796;,
  0.119264;0.822730;0.044960;,
  0.118548;0.820591;0.045003;,
  0.119264;0.822730;0.044960;,
  0.120714;0.819902;0.048796;,
  0.121448;0.822035;0.048787;,
  0.119264;0.822730;0.044960;,
  0.122578;0.822087;0.043368;,
  0.122011;0.821703;0.041599;,
  0.122578;0.822087;0.043368;,
  0.119264;0.822730;0.044960;,
  0.121152;0.822620;0.045113;,
  0.122011;0.821703;0.041599;,
  0.124593;0.821396;0.044276;,
  0.125893;0.820373;0.043348;,
  0.124593;0.821396;0.044276;,
  0.122011;0.821703;0.041599;,
  0.122578;0.822087;0.043368;,
  0.125893;0.820373;0.043348;,
  0.124412;0.821503;0.046582;,
  0.125545;0.820578;0.047791;,
  0.124412;0.821503;0.046582;,
  0.125893;0.820373;0.043348;,
  0.124593;0.821396;0.044276;,
  0.125545;0.820578;0.047791;,
  0.122286;0.822259;0.047099;,
  0.121448;0.822035;0.048787;,
  0.122286;0.822259;0.047099;,
  0.125545;0.820578;0.047791;,
  0.124412;0.821503;0.046582;,
  0.121448;0.822035;0.048787;,
  0.121152;0.822620;0.045113;,
  0.119264;0.822730;0.044960;,
  0.121152;0.822620;0.045113;,
  0.121448;0.822035;0.048787;,
  0.122286;0.822259;0.047099;,
  0.121152;0.822620;0.045113;,
  0.134695;0.856536;0.042811;,
  0.122578;0.822087;0.043368;,
  0.134695;0.856536;0.042811;,
  0.121152;0.822620;0.045113;,
  0.133327;0.857028;0.044469;,
  0.122578;0.822087;0.043368;,
  0.136610;0.855868;0.043671;,
  0.124593;0.821396;0.044276;,
  0.136610;0.855868;0.043671;,
  0.122578;0.822087;0.043368;,
  0.134695;0.856536;0.042811;,
  0.124593;0.821396;0.044276;,
  0.136438;0.855942;0.045876;,
  0.124412;0.821503;0.046582;,
  0.136438;0.855942;0.045876;,
  0.124593;0.821396;0.044276;,
  0.136610;0.855868;0.043671;,
  0.124412;0.821503;0.046582;,
  0.134397;0.856663;0.046373;,
  0.122286;0.822259;0.047099;,
  0.134397;0.856663;0.046373;,
  0.124412;0.821503;0.046582;,
  0.136438;0.855942;0.045876;,
  0.122286;0.822259;0.047099;,
  0.133327;0.857028;0.044469;,
  0.121152;0.822620;0.045113;,
  0.133327;0.857028;0.044469;,
  0.122286;0.822259;0.047099;,
  0.134397;0.856663;0.046373;,
  0.133327;0.857028;0.044469;,
  0.138195;0.865156;0.044928;,
  0.134695;0.856536;0.042811;,
  0.134695;0.856536;0.042811;,
  0.138195;0.865156;0.044928;,
  0.136610;0.855868;0.043671;,
  0.136610;0.855868;0.043671;,
  0.138195;0.865156;0.044928;,
  0.136438;0.855942;0.045876;,
  0.136438;0.855942;0.045876;,
  0.138195;0.865156;0.044928;,
  0.134397;0.856663;0.046373;,
  0.134397;0.856663;0.046373;,
  0.138195;0.865156;0.044928;,
  0.133327;0.857028;0.044469;,
  0.118548;0.820591;0.045003;,
  0.124774;0.818458;0.047808;,
  0.120714;0.819902;0.048796;,
  0.118548;0.820591;0.045003;,
  0.125118;0.818255;0.043405;,
  0.124774;0.818458;0.047808;,
  0.118548;0.820591;0.045003;,
  0.121271;0.819573;0.041672;,
  0.125118;0.818255;0.043405;,
  0.118392;0.814477;0.071790;,
  0.122065;0.817101;0.069681;,
  0.121381;0.815231;0.068620;,
  0.122065;0.817101;0.069681;,
  0.118392;0.814477;0.071790;,
  0.119049;0.816341;0.072880;,
  0.121381;0.815231;0.068620;,
  0.125843;0.815022;0.070826;,
  0.125125;0.813171;0.069755;,
  0.125843;0.815022;0.070826;,
  0.121381;0.815231;0.068620;,
  0.122065;0.817101;0.069681;,
  0.125125;0.813171;0.069755;,
  0.125162;0.812978;0.074733;,
  0.124450;0.811144;0.073626;,
  0.125162;0.812978;0.074733;,
  0.125125;0.813171;0.069755;,
  0.125843;0.815022;0.070826;,
  0.124450;0.811144;0.073626;,
  0.120963;0.813792;0.076001;,
  0.120289;0.811952;0.074884;,
  0.120963;0.813792;0.076001;,
  0.124450;0.811144;0.073626;,
  0.125162;0.812978;0.074733;,
  0.120289;0.811952;0.074884;,
  0.119049;0.816341;0.072880;,
  0.118392;0.814477;0.071790;,
  0.119049;0.816341;0.072880;,
  0.120289;0.811952;0.074884;,
  0.120963;0.813792;0.076001;,
