xof 0303txt 0032
template ColorRGBA {
 <35ff44e0-6c7c-11cf-8f52-0040333594a3>
 FLOAT red;
 FLOAT green;
 FLOAT blue;
 FLOAT alpha;
}

template ColorRGB {
 <d3e16e81-7835-11cf-8f52-0040333594a3>
 FLOAT red;
 FLOAT green;
 FLOAT blue;
}

template Material {
 <3d82ab4d-62da-11cf-ab39-0020af71e433>
 ColorRGBA faceColor;
 FLOAT power;
 ColorRGB specularColor;
 ColorRGB emissiveColor;
 [...]
}

template TextureFilename {
 <a42790e1-7810-11cf-8f52-0040333594a3>
 STRING filename;
}

template Frame {
 <3d82ab46-62da-11cf-ab39-0020af71e433>
 [...]
}

template Matrix4x4 {
 <f6f23f45-7686-11cf-8f52-0040333594a3>
 array FLOAT matrix[16];
}

template FrameTransformMatrix {
 <f6f23f41-7686-11cf-8f52-0040333594a3>
 Matrix4x4 frameMatrix;
}

template Vector {
 <3d82ab5e-62da-11cf-ab39-0020af71e433>
 FLOAT x;
 FLOAT y;
 FLOAT z;
}

template MeshFace {
 <3d82ab5f-62da-11cf-ab39-0020af71e433>
 DWORD nFaceVertexIndices;
 array DWORD faceVertexIndices[nFaceVertexIndices];
}

template Mesh {
 <3d82ab44-62da-11cf-ab39-0020af71e433>
 DWORD nVertices;
 array Vector vertices[nVertices];
 DWORD nFaces;
 array MeshFace faces[nFaces];
 [...]
}

template MeshNormals {
 <f6f23f43-7686-11cf-8f52-0040333594a3>
 DWORD nNormals;
 array Vector normals[nNormals];
 DWORD nFaceNormals;
 array MeshFace faceNormals[nFaceNormals];
}

template MeshMaterialList {
 <f6f23f42-7686-11cf-8f52-0040333594a3>
 DWORD nMaterials;
 DWORD nFaceIndexes;
 array DWORD faceIndexes[nFaceIndexes];
 [Material <3d82ab4d-62da-11cf-ab39-0020af71e433>]
}

template Coords2d {
 <f6f23f44-7686-11cf-8f52-0040333594a3>
 FLOAT u;
 FLOAT v;
}

template MeshTextureCoords {
 <f6f23f40-7686-11cf-8f52-0040333594a3>
 DWORD nTextureCoords;
 array Coords2d textureCoords[nTextureCoords];
}

template XSkinMeshHeader {
 <3cf169ce-ff7c-44ab-93c0-f78f62d172e2>
 WORD nMaxSkinWeightsPerVertex;
 WORD nMaxSkinWeightsPerFace;
 WORD nBones;
}

template SkinWeights {
 <6f0d123b-bad2-4167-a0d0-80224f25fabb>
 STRING transformNodeName;
 DWORD nWeights;
 array DWORD vertexIndices[nWeights];
 array FLOAT weights[nWeights];
 Matrix4x4 matrixOffset;
}

template AnimTicksPerSecond {
 <9e415a43-7ba6-4a73-8743-b73d47e88476>
 DWORD AnimTicksPerSecond;
}

template Animation {
 <3d82ab4f-62da-11cf-ab39-0020af71e433>
 [...]
}

template AnimationSet {
 <3d82ab50-62da-11cf-ab39-0020af71e433>
 [Animation <3d82ab4f-62da-11cf-ab39-0020af71e433>]
}

template FloatKeys {
 <10dd46a9-775b-11cf-8f52-0040333594a3>
 DWORD nValues;
 array FLOAT values[nValues];
}

template TimedFloatKeys {
 <f406b180-7b3b-11cf-8f52-0040333594a3>
 DWORD time;
 FloatKeys tfkeys;
}

template AnimationKey {
 <10dd46a8-775b-11cf-8f52-0040333594a3>
 DWORD keyType;
 DWORD nKeys;
 array TimedFloatKeys keys[nKeys];
}


Material Material__399 {
 1.000000;1.000000;1.000000;1.000000;;
 100.000000;
 0.200000;0.200000;0.200000;;
 0.000000;0.000000;0.000000;;

 TextureFilename {
  "Torso_Bone.png";
 }
}

Frame Dummy01 {
 

 FrameTransformMatrix {
  1.000000,0.000000,0.000000,0.000000,0.000000,-0.000000,-1.000000,0.000000,0.000000,1.000000,-0.000000,0.000000,0.000000,0.000000,0.000000,1.000000;;
 }

 Frame Bip01 {
  

  FrameTransformMatrix {
   -0.087155,0.982405,-0.165183,0.000000,-0.000001,0.165814,0.986157,0.000000,0.996195,0.085949,-0.014450,0.000000,-0.010000,-0.012284,0.490453,1.000000;;
  }

  Frame Bip01_Pelvis {
   

   FrameTransformMatrix {
    0.000000,1.000000,-0.000001,0.000000,-0.000001,0.000001,1.000000,0.000000,1.000000,0.000000,0.000001,0.000000,0.000000,0.000000,0.000000,1.000000;;
   }

   Frame Bip01_Spine {
    

    FrameTransformMatrix {
     0.984686,0.000002,-0.174337,0.000000,-0.000001,1.000000,0.000004,0.000000,0.174337,-0.000004,0.984686,0.000000,0.051619,0.000000,-0.000083,1.000000;;
    }

    Frame Bip01_Spine1 {
     

     FrameTransformMatrix {
      0.997819,0.052687,0.039774,0.000000,-0.044862,0.983198,-0.176942,0.000000,-0.048428,0.174771,0.983417,0.000000,0.106484,-0.000015,-0.000083,1.000000;;
     }

     Frame Bip01_Neck {
      

      FrameTransformMatrix {
       0.966067,-0.020835,0.257451,0.000000,0.025191,0.999590,-0.013632,0.000000,-0.257061,0.019655,0.966195,0.000000,0.130511,-0.000001,0.004626,1.000000;;
      }

      Frame Bip01_Head {
       

       FrameTransformMatrix {
        0.989321,-0.051753,-0.136255,0.000000,0.064251,0.993958,0.088989,0.000000,0.130826,-0.096793,0.986669,0.000000,0.033674,-0.000000,0.000000,1.000000;;
       }
      }

      Frame Bip01_L_Clavicle {
       

       FrameTransformMatrix {
        -0.205975,0.976135,0.068811,0.000000,0.943873,0.216738,-0.249254,0.000000,-0.258220,0.013609,-0.965990,0.000000,-0.024734,0.015166,0.002017,1.000000;;
       }

       Frame Bip01_L_UpperArm {
        

        FrameTransformMatrix {
         0.385871,-0.777669,0.496320,0.000000,0.922466,0.332598,-0.196046,0.000000,-0.012616,0.533487,0.845714,0.000000,0.073469,0.000000,-0.000000,1.000000;;
        }

        Frame Bip01_L_Forearm {
         

         FrameTransformMatrix {
          0.943939,0.000000,-0.330119,0.000000,0.000000,1.000000,-0.000000,0.000000,0.330119,-0.000000,0.943939,0.000000,0.148340,0.000000,-0.000000,1.000000;;
         }

         Frame Bip01_L_Hand {
          

          FrameTransformMatrix {
           1.000000,0.000000,0.000000,0.000000,0.000000,0.000796,1.000000,0.000000,0.000000,-1.000000,0.000796,0.000000,0.131860,-0.000000,0.000000,1.000000;;
          }

          Frame Bip01_L_Finger0 {
           

           FrameTransformMatrix {
            0.690342,-0.181727,0.700288,0.000000,0.558537,0.749101,-0.356210,0.000000,-0.459853,0.637043,0.618637,0.000000,0.057681,-0.023605,-0.000272,1.000000;;
           }
          }

          Frame Bip01_L_Finger1 {
           

           FrameTransformMatrix {
            0.728079,-0.000546,0.685493,0.000000,0.000000,1.000000,0.000796,0.000000,-0.685493,-0.000580,0.728079,0.000000,0.084102,0.000000,0.000000,1.000000;;
           }
          }
         }
        }
       }
      }

      Frame Bip01_R_Clavicle {
       

       FrameTransformMatrix {
        -0.028509,-0.999573,-0.006461,0.000000,-0.965665,0.025871,0.258498,0.000000,-0.258220,0.013609,-0.965990,0.000000,-0.024080,-0.016250,0.001399,1.000000;;
       }

       Frame Bip01_R_UpperArm {
        

        FrameTransformMatrix {
         0.221390,0.975047,0.016433,0.000000,-0.974986,0.221654,-0.016512,0.000000,-0.019742,-0.012366,0.999728,0.000000,0.073469,0.000000,-0.000000,1.000000;;
        }

        Frame Bip01_R_Forearm {
         

         FrameTransformMatrix {
          0.915660,0.000000,-0.401954,0.000000,-0.000000,1.000000,-0.000000,0.000000,0.401954,-0.000000,0.915660,0.000000,0.148340,0.000000,-0.000000,1.000000;;
         }

         Frame Bip01_R_Hand {
          

          FrameTransformMatrix {
           0.975195,-0.000000,-0.221346,0.000000,-0.221346,0.000796,-0.975195,0.000000,0.000176,1.000000,0.000777,0.000000,0.131860,0.000000,0.000000,1.000000;;
          }

          Frame Bip01_R_Finger0 {
           

           FrameTransformMatrix {
            0.417774,-0.116941,0.900994,0.000000,-0.558537,0.749101,0.356210,0.000000,-0.716591,-0.652054,0.247639,0.000000,0.057681,0.023605,-0.000272,1.000000;;
           }
          }

          Frame Bip01_R_Finger1 {
           

           FrameTransformMatrix {
            0.352436,0.000745,0.935835,0.000000,0.000000,1.000000,-0.000796,0.000000,-0.935836,0.000281,0.352436,0.000000,0.084102,0.000000,0.000000,1.000000;;
           }
          }
         }
        }
       }
      }
     }

     Frame Bip01_BackPack {
      

      FrameTransformMatrix {
       0.180560,0.080500,-0.980264,0.000000,0.047560,0.994764,0.090451,0.000000,0.982413,-0.062954,0.175786,0.000000,0.063697,0.000003,-0.088856,1.000000;;
      }
     }
    }

    Frame Bip01_L_Thigh {
     

     FrameTransformMatrix {
      -0.888504,0.030427,0.457858,0.000000,-0.032107,-0.999476,0.004114,0.000000,0.457744,-0.011045,0.889016,0.000000,-0.050843,0.055225,-0.008917,1.000000;;
     }

     Frame Bip01_L_Calf {
      

      FrameTransformMatrix {
       0.942235,-0.000000,-0.334952,0.000000,-0.000000,1.000000,-0.000000,0.000000,0.334952,0.000000,0.942235,0.000000,0.237500,0.000000,-0.000000,1.000000;;
      }

      Frame Bip01_L_Foot {
       

       FrameTransformMatrix {
        0.924325,-0.026487,0.380687,0.000000,-0.068962,0.969570,0.234901,0.000000,-0.375325,-0.243378,0.894371,0.000000,0.206841,0.000000,0.000000,1.000000;;
       }

       Frame Bip01_L_Toe0 {
        

        FrameTransformMatrix {
         0.000000,0.000000,1.000000,0.000000,0.000000,1.000000,-0.000000,0.000000,-1.000000,0.000000,0.000000,0.000000,0.065373,0.000000,0.066450,1.000000;;
        }
       }
      }
     }
    }

    Frame Bip01_R_Thigh {
     

     FrameTransformMatrix {
      -0.996965,0.030321,-0.071704,0.000000,-0.029454,-0.999480,-0.013113,0.000000,-0.072065,-0.010961,0.997340,0.000000,-0.050843,-0.055225,-0.008917,1.000000;;
     }

     Frame Bip01_R_Calf {
      

      FrameTransformMatrix {
       0.730239,0.000000,-0.683192,0.000000,0.000000,1.000000,0.000000,0.000000,0.683192,-0.000000,0.730239,0.000000,0.237500,0.000000,0.000000,1.000000;;
      }

      Frame Bip01_R_Foot {
       

       FrameTransformMatrix {
        0.991957,0.087165,-0.091782,0.000000,-0.093276,0.993546,-0.064539,0.000000,0.085565,0.072581,0.993685,0.000000,0.206841,0.000000,0.000000,1.000000;;
       }

       Frame Bip01_R_Toe0 {
        

        FrameTransformMatrix {
         0.000000,0.000000,1.000000,0.000000,0.000000,1.000000,-0.000000,0.000000,-1.000000,0.000000,0.000000,0.000000,0.065373,0.000000,0.066450,1.000000;;
        }
       }
      }
     }
    }
   }

   Frame Bip01_DressFront {
    

    FrameTransformMatrix {
     -0.880185,-0.088339,0.466338,0.000000,0.121847,0.907542,0.401896,0.000000,-0.458725,0.410564,-0.788041,0.000000,-0.043935,0.001339,0.061057,1.000000;;
    }

    Frame Bip01_DressFront02 {
     

     FrameTransformMatrix {
      0.912593,0.000001,0.408870,0.000000,-0.000001,1.000000,-0.000000,0.000000,-0.408870,-0.000000,0.912593,0.000000,0.183378,-0.000000,-0.000120,1.000000;;
     }
    }
   }

   Frame Bip01_DressBack {
    

    FrameTransformMatrix {
     -0.886023,0.038028,0.462080,0.000000,0.191624,0.937561,0.290274,0.000000,-0.422190,0.345735,-0.837988,0.000000,-0.047673,-0.000048,-0.078302,1.000000;;
    }

    Frame Bip01_DressBack02 {
     

     FrameTransformMatrix {
      0.936852,0.174932,-0.302833,0.000000,-0.166408,0.984581,0.053940,0.000000,0.307599,-0.000139,0.951516,0.000000,0.176125,0.000000,-0.000103,1.000000;;
     }
    }
   }
  }

  Frame Bip01_Prop1 {
   

   FrameTransformMatrix {
    -0.233929,-0.108090,0.966227,0.000000,0.687222,0.684611,0.242967,0.000000,-0.687752,0.720850,-0.085868,0.000000,0.104667,-0.055270,-0.126340,1.000000;;
   }
  }

  Frame Bip01_Prop2 {
   

   FrameTransformMatrix {
    -0.163643,-0.967062,0.194966,0.000000,0.985576,-0.168906,-0.010564,0.000000,0.043147,0.190425,0.980753,0.000000,-0.140709,-0.103585,0.102365,1.000000;;
   }
  }
 }
}

Frame Translation_Data {
 

 FrameTransformMatrix {
  1.000000,0.000000,0.000000,0.000000,0.000000,-0.000000,-1.000000,0.000000,0.000000,1.000000,-0.000000,0.000000,0.000000,0.000000,0.000000,1.000000;;
 }
}

Frame Kate_Bone_Torso {
 

 FrameTransformMatrix {
  1.000000,0.000000,-0.000000,0.000000,-0.000000,1.000000,0.000000,0.000000,0.000000,-0.000000,1.000000,0.000000,0.000000,0.000000,0.000000,1.000000;;
 }

 Mesh Kate_Bone_Torso {
  391;
  0.043963;0.748814;-0.025145;,
  0.031873;0.743385;-0.016367;,
  0.050894;0.743837;-0.019396;,
  0.029795;0.749226;-0.025268;,
  0.038334;0.750855;-0.033423;,
  -0.053878;0.735948;-0.026932;,
  -0.051097;0.732370;-0.019583;,
  -0.052120;0.741594;-0.017391;,
  -0.053800;0.745280;-0.028389;,
  -0.052834;0.739792;-0.033641;,
  -0.050981;0.730148;-0.034760;,
  -0.048951;0.723703;-0.023898;,
  0.046617;0.734188;-0.012628;,
  0.052503;0.735758;-0.020056;,
  0.049879;0.735218;-0.025370;,
  0.039378;0.740742;-0.036482;,
  0.030476;0.743850;-0.033809;,
  0.035789;0.735407;-0.033125;,
  0.039626;0.729597;-0.021574;,
  0.028459;0.734463;-0.015511;,
  0.026254;0.742827;-0.017287;,
  0.028978;0.730863;-0.022340;,
  0.027345;0.734118;-0.028846;,
  0.025067;0.742097;-0.030800;,
  0.024648;0.746556;-0.024557;,
  -0.032031;0.734372;-0.019587;,
  -0.032366;0.741582;-0.020690;,
  -0.031644;0.730489;-0.025111;,
  -0.032770;0.734035;-0.031651;,
  -0.033727;0.741005;-0.032401;,
  -0.033377;0.744824;-0.027394;,
  -0.044639;0.742330;-0.015466;,
  -0.045550;0.731499;-0.017058;,
  -0.042494;0.723309;-0.023465;,
  -0.046700;0.729602;-0.035505;,
  -0.049042;0.741646;-0.036328;,
  -0.046211;0.749323;-0.027557;,
  0.040803;0.662825;-0.049960;,
  0.042270;0.664393;-0.048181;,
  0.041911;0.663549;-0.048344;,
  0.040573;0.663283;-0.050655;,
  0.042270;0.664393;-0.048181;,
  0.040803;0.662825;-0.049960;,
  0.040573;0.663283;-0.050655;,
  0.043240;0.672926;-0.049504;,
  0.042270;0.664393;-0.048181;,
  0.043010;0.673385;-0.050199;,
  0.041543;0.671816;-0.051978;,
  0.041903;0.672660;-0.051814;,
  0.043240;0.672926;-0.049504;,
  0.041543;0.671816;-0.051978;,
  0.043010;0.673385;-0.050199;,
  0.040573;0.663283;-0.050655;,
  0.041543;0.671816;-0.051978;,
  0.043240;0.672926;-0.049504;,
  -0.044159;0.679208;-0.052587;,
  -0.044922;0.681054;-0.050783;,
  -0.044264;0.680109;-0.052429;,
  -0.044159;0.679208;-0.052587;,
  -0.045158;0.680644;-0.050089;,
  -0.044922;0.681054;-0.050783;,
  -0.044813;0.672649;-0.049910;,
  -0.045158;0.680644;-0.050089;,
  -0.044159;0.679208;-0.052587;,
  -0.044813;0.672649;-0.049910;,
  -0.045813;0.674083;-0.047411;,
  -0.045158;0.680644;-0.050089;,
  -0.044813;0.672649;-0.049910;,
  -0.045707;0.673182;-0.047570;,
  -0.045813;0.674083;-0.047411;,
  -0.045049;0.672238;-0.049216;,
  -0.045707;0.673182;-0.047570;,
  -0.044813;0.672649;-0.049910;,
  0.041543;0.671816;-0.051978;,
  0.010533;0.666693;-0.046681;,
  0.011392;0.675305;-0.050196;,
  0.040573;0.663283;-0.050655;,
  -0.023391;0.670495;-0.047336;,
  -0.022568;0.678741;-0.050702;,
  -0.044813;0.672649;-0.049910;,
  -0.044159;0.679208;-0.052587;,
  0.043010;0.673385;-0.050199;,
  0.011478;0.676185;-0.050017;,
  0.011451;0.677091;-0.048311;,
  0.041903;0.672660;-0.051814;,
  -0.022595;0.679631;-0.050531;,
  -0.022441;0.680516;-0.048821;,
  -0.044922;0.681054;-0.050783;,
  -0.044264;0.680109;-0.052429;,
  0.042270;0.664393;-0.048181;,
  0.011518;0.676658;-0.047605;,
  0.010659;0.668046;-0.044090;,
  0.043240;0.672926;-0.049504;,
  -0.022441;0.680094;-0.048111;,
  -0.023263;0.671848;-0.044745;,
  -0.045158;0.680644;-0.050089;,
  -0.045813;0.674083;-0.047411;,
  0.041911;0.663549;-0.048344;,
  0.010490;0.666276;-0.045973;,
  0.040803;0.662825;-0.049960;,
  0.010463;0.667179;-0.044265;,
  -0.023547;0.670086;-0.046635;,
  -0.023393;0.670972;-0.044925;,
  -0.045707;0.673182;-0.047570;,
  -0.045049;0.672238;-0.049216;,
  0.030899;0.750267;-0.015345;,
  0.039799;0.746084;-0.018632;,
  0.041620;0.746716;-0.015671;,
  0.043246;0.748822;-0.006198;,
  0.036341;0.751750;-0.002906;,
  0.033032;0.753070;-0.002877;,
  0.041265;0.758084;-0.016898;,
  0.039422;0.757436;-0.019860;,
  0.042883;0.760169;-0.007421;,
  0.036109;0.760384;-0.003357;,
  0.032372;0.757479;-0.005847;,
  -0.045021;0.761210;-0.012110;,
  -0.046229;0.755105;-0.005496;,
  -0.044404;0.761844;-0.006688;,
  -0.045962;0.753623;-0.013122;,
  0.030789;0.756628;-0.015480;,
  -0.033868;0.751682;-0.007581;,
  -0.033589;0.750602;-0.012803;,
  -0.032789;0.756189;-0.006868;,
  -0.032870;0.756348;-0.013295;,
  -0.046229;0.755105;-0.005496;,
  -0.045962;0.753623;-0.013122;,
  -0.044404;0.761844;-0.006688;,
  -0.045021;0.761210;-0.012110;,
  0.055677;0.718349;-0.051652;,
  0.053375;0.709024;-0.049703;,
  0.048032;0.718299;-0.050605;,
  0.053936;0.725508;-0.045932;,
  0.059401;0.716426;-0.045175;,
  0.045384;0.717014;-0.045947;,
  0.050934;0.706865;-0.044495;,
  0.051320;0.724237;-0.040337;,
  0.057262;0.719160;-0.039090;,
  0.057253;0.710602;-0.041304;,
  -0.056855;0.713464;-0.040967;,
  -0.054019;0.710974;-0.050400;,
  -0.053539;0.707272;-0.042497;,
  -0.057279;0.719476;-0.046779;,
  -0.057459;0.719605;-0.039805;,
  -0.056336;0.714799;-0.032135;,
  -0.052841;0.704959;-0.033662;,
  0.042938;0.716083;-0.043843;,
  0.045354;0.703301;-0.038058;,
  0.055919;0.705515;-0.034899;,
  0.056388;0.716807;-0.032076;,
  0.046708;0.722491;-0.033934;,
  0.049364;0.707331;-0.029329;,
  0.049719;0.715633;-0.027790;,
  0.037383;0.706044;-0.037957;,
  0.037192;0.712730;-0.043227;,
  0.038523;0.708592;-0.030925;,
  0.038919;0.715408;-0.029479;,
  0.038803;0.721863;-0.034388;,
  0.037739;0.720322;-0.041540;,
  -0.040698;0.712373;-0.040393;,
  -0.041375;0.717043;-0.044933;,
  -0.041535;0.713431;-0.034407;,
  -0.043751;0.719223;-0.033176;,
  -0.044721;0.723613;-0.037824;,
  -0.043565;0.722812;-0.043509;,
  -0.048543;0.710865;-0.051648;,
  -0.049328;0.705804;-0.043064;,
  -0.048335;0.704989;-0.033429;,
  -0.053696;0.715220;-0.031300;,
  -0.055542;0.722302;-0.039451;,
  -0.051940;0.721730;-0.049709;,
  0.048585;0.698001;-0.037830;,
  0.046405;0.703073;-0.044761;,
  0.041651;0.697490;-0.038394;,
  0.046915;0.689756;-0.037252;,
  0.051784;0.695297;-0.043407;,
  0.039138;0.695543;-0.042230;,
  0.044061;0.701374;-0.049501;,
  0.044408;0.687230;-0.041705;,
  0.049719;0.689791;-0.045760;,
  0.049716;0.696857;-0.049493;,
  -0.053635;0.695916;-0.044363;,
  -0.050058;0.702430;-0.038964;,
  -0.050834;0.701276;-0.046743;,
  -0.052940;0.694285;-0.037004;,
  -0.053969;0.690718;-0.042104;,
  -0.054205;0.690499;-0.050344;,
  -0.051453;0.698605;-0.054557;,
  0.036871;0.694914;-0.044149;,
  0.038843;0.699902;-0.055850;,
  0.048327;0.696372;-0.056840;,
  0.048746;0.687102;-0.051858;,
  0.040076;0.684553;-0.046945;,
  0.042278;0.691845;-0.059312;,
  0.042609;0.685357;-0.055291;,
  0.031652;0.698104;-0.054074;,
  0.031644;0.696849;-0.046478;,
  0.032526;0.692106;-0.057243;,
  0.032888;0.686667;-0.054066;,
  0.032938;0.685345;-0.046853;,
  0.032141;0.690742;-0.042993;,
  -0.039097;0.695969;-0.046545;,
  -0.039572;0.695622;-0.040654;,
  -0.039992;0.691627;-0.049880;,
  -0.041992;0.687034;-0.047126;,
  -0.042732;0.686944;-0.041327;,
  -0.041554;0.690927;-0.038044;,
  -0.045015;0.703015;-0.038837;,
  -0.047084;0.702573;-0.047623;,
  -0.047454;0.698369;-0.055330;,
  -0.051927;0.689708;-0.051117;,
  -0.052146;0.688466;-0.041294;,
  -0.047022;0.693763;-0.037294;,
  -0.032272;0.767203;0.005247;,
  -0.030797;0.763734;0.000514;,
  -0.027535;0.767534;0.004862;,
  -0.031110;0.772829;0.005642;,
  -0.034449;0.769058;0.001438;,
  -0.025815;0.768857;0.002242;,
  -0.029192;0.764888;-0.002723;,
  -0.029391;0.774547;0.002600;,
  -0.033025;0.772813;-0.000168;,
  -0.033041;0.767987;-0.002718;,
  0.037536;0.768359;0.000785;,
  0.035077;0.763920;0.004472;,
  0.035609;0.764706;-0.000840;,
  0.037066;0.769475;0.005811;,
  0.037778;0.771908;0.002328;,
  0.037940;0.772057;-0.003299;,
  0.036039;0.766529;-0.006176;,
  -0.024265;0.769281;0.000932;,
  -0.025624;0.765880;-0.007058;,
  -0.032091;0.768315;-0.007735;,
  -0.032353;0.774646;-0.004333;,
  -0.026426;0.776364;-0.000978;,
  -0.027949;0.771390;-0.009422;,
  -0.028158;0.775821;-0.006677;,
  -0.020709;0.767088;-0.005845;,
  -0.020701;0.767946;-0.000659;,
  -0.021291;0.771186;-0.008010;,
  -0.021523;0.774902;-0.005840;,
  -0.021554;0.775805;-0.000915;,
  -0.021024;0.772117;0.001721;,
  0.027609;0.768361;-0.000704;,
  0.027934;0.768597;0.003319;,
  0.028231;0.771323;-0.002982;,
  0.029609;0.774455;-0.001101;,
  0.030114;0.774515;0.002859;,
  0.029299;0.771798;0.005101;,
  0.031631;0.763534;0.004560;,
  0.033045;0.763830;-0.001440;,
  0.033309;0.766701;-0.006703;,
  0.036386;0.772603;-0.003826;,
  0.036539;0.773450;0.002882;,
  0.033026;0.769847;0.005613;,
  0.015692;0.772240;0.000272;,
  0.019257;0.783259;0.012509;,
  0.023157;0.782435;0.011445;,
  0.011791;0.773064;0.001336;,
  0.019238;0.781307;0.013952;,
  0.011773;0.771112;0.002779;,
  0.023138;0.780483;0.012888;,
  0.015673;0.770288;0.001716;,
  0.025381;0.792135;0.024290;,
  0.028871;0.790778;0.022559;,
  0.025323;0.790170;0.025714;,
  0.028813;0.788813;0.023983;,
  0.030465;0.805000;0.043692;,
  0.033820;0.804305;0.043969;,
  0.030045;0.802614;0.043849;,
  0.033400;0.801919;0.044126;,
  0.033820;0.804305;0.043969;,
  0.024507;0.806738;0.058574;,
  0.026721;0.806937;0.061030;,
  0.030465;0.805000;0.043692;,
  0.024434;0.804345;0.058973;,
  0.030045;0.802614;0.043849;,
  0.026649;0.804544;0.061428;,
  0.033400;0.801919;0.044126;,
  0.000038;0.807108;0.063360;,
  0.000038;0.807307;0.066359;,
  0.000038;0.804714;0.063452;,
  0.000038;0.804913;0.066452;,
  -0.019866;0.773007;-0.001423;,
  -0.022741;0.782366;0.012221;,
  -0.015966;0.773831;-0.000359;,
  -0.026641;0.781542;0.011158;,
  -0.022722;0.780414;0.013665;,
  -0.015947;0.771879;0.001084;,
  -0.026622;0.779590;0.012601;,
  -0.019847;0.771055;0.000021;,
  -0.028293;0.792109;0.025123;,
  -0.031784;0.790751;0.023392;,
  -0.028236;0.790144;0.026547;,
  -0.031726;0.788786;0.024817;,
  -0.030419;0.805000;0.043692;,
  -0.033789;0.804305;0.043969;,
  -0.029999;0.802614;0.043849;,
  -0.033370;0.801919;0.044126;,
  -0.033789;0.804305;0.043969;,
  -0.024670;0.806738;0.058574;,
  -0.030419;0.805000;0.043692;,
  -0.026724;0.806937;0.061308;,
  -0.024597;0.804345;0.058973;,
  -0.029999;0.802614;0.043849;,
  -0.026651;0.804544;0.061707;,
  -0.033370;0.801919;0.044126;,
  0.000038;0.807108;0.063360;,
  0.000038;0.807307;0.066359;,
  0.000038;0.804714;0.063452;,
  0.000038;0.804913;0.066452;,
  -0.019307;0.754554;-0.012639;,
  -0.015181;0.770748;-0.005198;,
  -0.015181;0.754554;-0.012639;,
  -0.019307;0.770748;-0.005198;,
  -0.015181;0.769734;-0.002992;,
  -0.015181;0.753541;-0.010433;,
  -0.019307;0.769734;-0.002992;,
  -0.019307;0.753541;-0.010433;,
  -0.022804;0.740272;-0.027040;,
  -0.014921;0.753838;-0.012759;,
  -0.018835;0.740395;-0.028157;,
  -0.018891;0.753715;-0.011643;,
  -0.014443;0.751986;-0.011264;,
  -0.018357;0.738543;-0.026661;,
  -0.018413;0.751863;-0.010147;,
  -0.022326;0.738420;-0.025545;,
  -0.029814;0.718938;-0.040887;,
  -0.021930;0.736803;-0.030858;,
  -0.025844;0.718604;-0.041960;,
  -0.025900;0.737137;-0.029786;,
  -0.021452;0.735704;-0.028747;,
  -0.025366;0.717505;-0.039848;,
  -0.025422;0.736038;-0.027674;,
  -0.029336;0.717839;-0.038776;,
  -0.026703;0.693492;-0.044577;,
  -0.025373;0.714553;-0.042376;,
  -0.022738;0.694148;-0.045511;,
  -0.029338;0.713897;-0.041443;,
  -0.024777;0.714271;-0.040040;,
  -0.022142;0.693866;-0.043175;,
  -0.028741;0.713615;-0.039106;,
  -0.026106;0.693211;-0.042241;,
  -0.026704;0.676462;-0.049049;,
  -0.021617;0.688540;-0.047512;,
  -0.022594;0.676124;-0.048925;,
  -0.025727;0.688878;-0.047637;,
  -0.021712;0.688274;-0.045101;,
  -0.022689;0.675857;-0.046514;,
  -0.025822;0.688611;-0.045226;,
  -0.026799;0.676195;-0.046638;,
  0.014412;0.673672;-0.049082;,
  0.019567;0.686706;-0.049551;,
  0.018522;0.673359;-0.048904;,
  0.015457;0.687019;-0.049728;,
  0.019472;0.686831;-0.047128;,
  0.018427;0.673483;-0.046481;,
  0.015362;0.687144;-0.047306;,
  0.014317;0.673796;-0.046659;,
  0.015610;0.694669;-0.047330;,
  0.021678;0.714457;-0.042667;,
  0.019616;0.694531;-0.048307;,
  0.017672;0.714595;-0.041690;,
  0.022206;0.713761;-0.040402;,
  0.020144;0.693835;-0.046042;,
  0.018200;0.713899;-0.039425;,
  0.016138;0.693973;-0.045065;,
  0.017060;0.720022;-0.040208;,
  0.020480;0.737358;-0.028394;,
  0.021176;0.720045;-0.039939;,
  0.016364;0.737335;-0.028662;,
  0.020346;0.736233;-0.026247;,
  0.021043;0.718920;-0.037792;,
  0.016230;0.736210;-0.026515;,
  0.016926;0.718897;-0.038061;,
  0.015390;0.740584;-0.028221;,
  0.017738;0.755337;-0.013154;,
  0.019491;0.741030;-0.028166;,
  0.013636;0.754891;-0.013209;,
  0.017905;0.753593;-0.011473;,
  0.019658;0.739286;-0.026485;,
  0.013804;0.753148;-0.011528;,
  0.015557;0.738841;-0.026540;,
  0.015127;0.754333;-0.012557;,
  0.015834;0.770482;-0.001180;,
  0.019169;0.755159;-0.012484;,
  0.011792;0.769656;-0.001253;,
  0.016084;0.769084;0.000789;,
  0.019419;0.753761;-0.010515;,
  0.012042;0.768258;0.000716;,
  0.015378;0.752935;-0.010588;;
  566;
  3;0,1,2;,
  3;0,3,1;,
  3;0,4,3;,
  3;5,6,7;,
  3;5,7,8;,
  3;5,8,9;,
  3;5,9,10;,
  3;5,10,11;,
  3;5,11,6;,
  3;1,12,2;,
  3;2,12,13;,
  3;14,15,0;,
  3;4,15,16;,
  3;15,4,0;,
  3;4,16,3;,
  3;14,17,15;,
  3;17,14,18;,
  3;15,17,16;,
  3;1,19,12;,
  3;19,1,20;,
  3;12,21,18;,
  3;21,12,19;,
  3;18,22,17;,
  3;22,18,21;,
  3;17,23,16;,
  3;23,17,22;,
  3;16,24,3;,
  3;24,16,23;,
  3;3,20,1;,
  3;20,3,24;,
  3;20,25,19;,
  3;25,20,26;,
  3;19,27,21;,
  3;27,19,25;,
  3;21,28,22;,
  3;28,21,27;,
  3;22,29,23;,
  3;29,22,28;,
  3;23,30,24;,
  3;30,23,29;,
  3;24,26,20;,
  3;26,24,30;,
  3;31,25,26;,
  3;25,31,32;,
  3;25,33,27;,
  3;33,25,32;,
  3;27,34,28;,
  3;34,27,33;,
  3;28,35,29;,
  3;35,28,34;,
  3;29,36,30;,
  3;36,29,35;,
  3;30,31,26;,
  3;31,30,36;,
  3;35,8,36;,
  3;36,7,31;,
  3;7,36,8;,
  3;31,7,32;,
  3;32,11,33;,
  3;11,32,6;,
  3;33,10,34;,
  3;10,33,11;,
  3;34,9,35;,
  3;9,34,10;,
  3;35,9,8;,
  3;7,6,32;,
  3;14,2,13;,
  3;2,14,0;,
  3;13,18,14;,
  3;18,13,12;,
  3;37,38,39;,
  3;40,41,42;,
  3;43,44,45;,
  3;46,47,48;,
  3;49,50,51;,
  3;52,53,54;,
  3;55,56,57;,
  3;58,59,60;,
  3;61,62,63;,
  3;64,65,66;,
  3;67,68,69;,
  3;70,71,72;,
  3;73,74,75;,
  3;74,73,76;,
  3;75,77,78;,
  3;77,75,74;,
  3;78,79,80;,
  3;79,78,77;,
  3;81,82,83;,
  3;82,81,84;,
  3;83,85,86;,
  3;85,83,82;,
  3;85,87,86;,
  3;87,85,88;,
  3;89,90,91;,
  3;90,89,92;,
  3;91,93,94;,
  3;93,91,90;,
  3;94,95,96;,
  3;95,94,93;,
  3;97,98,99;,
  3;98,97,100;,
  3;100,101,98;,
  3;101,100,102;,
  3;101,103,104;,
  3;103,101,102;,
  3;75,84,73;,
  3;84,75,82;,
  3;76,98,74;,
  3;98,76,99;,
  3;78,82,75;,
  3;82,78,85;,
  3;74,101,77;,
  3;101,74,98;,
  3;80,85,78;,
  3;85,80,88;,
  3;77,104,79;,
  3;104,77,101;,
  3;91,97,89;,
  3;97,91,100;,
  3;92,83,90;,
  3;83,92,81;,
  3;94,100,91;,
  3;100,94,102;,
  3;90,86,93;,
  3;86,90,83;,
  3;96,102,94;,
  3;102,96,103;,
  3;93,87,95;,
  3;87,93,86;,
  3;105,106,107;,
  3;105,107,108;,
  3;105,108,109;,
  3;105,109,110;,
  3;111,106,112;,
  3;106,111,107;,
  3;113,107,111;,
  3;107,113,108;,
  3;114,108,113;,
  3;108,114,109;,
  3;114,110,109;,
  3;110,114,115;,
  3;116,117,118;,
  3;117,116,119;,
  3;112,105,120;,
  3;105,112,106;,
  3;120,115,114;,
  3;105,121,122;,
  3;121,105,110;,
  3;110,123,121;,
  3;123,110,115;,
  3;115,124,123;,
  3;124,115,120;,
  3;120,122,124;,
  3;122,120,105;,
  3;122,125,126;,
  3;125,122,121;,
  3;121,127,125;,
  3;127,121,123;,
  3;123,128,127;,
  3;128,123,124;,
  3;124,126,128;,
  3;126,124,122;,
  3;114,112,120;,
  3;114,111,112;,
  3;113,111,114;,
  3;129,130,131;,
  3;129,131,132;,
  3;129,132,133;,
  3;129,133,130;,
  3;134,130,135;,
  3;130,134,131;,
  3;136,131,134;,
  3;131,136,132;,
  3;137,132,136;,
  3;132,137,133;,
  3;133,137,138;,
  3;135,133,138;,
  3;133,135,130;,
  3;139,140,141;,
  3;139,142,140;,
  3;139,143,142;,
  3;139,144,143;,
  3;139,145,144;,
  3;139,141,145;,
  3;146,135,147;,
  3;135,146,134;,
  3;135,148,147;,
  3;148,135,138;,
  3;138,149,148;,
  3;149,138,137;,
  3;137,150,149;,
  3;150,137,136;,
  3;136,146,150;,
  3;146,136,134;,
  3;147,148,151;,
  3;148,152,151;,
  3;152,148,149;,
  3;149,150,152;,
  3;146,153,154;,
  3;153,146,147;,
  3;147,155,153;,
  3;155,147,151;,
  3;151,156,155;,
  3;156,151,152;,
  3;152,157,156;,
  3;157,152,150;,
  3;150,158,157;,
  3;158,150,146;,
  3;158,146,154;,
  3;154,159,160;,
  3;159,154,153;,
  3;153,161,159;,
  3;161,153,155;,
  3;155,162,161;,
  3;162,155,156;,
  3;156,163,162;,
  3;163,156,157;,
  3;157,164,163;,
  3;164,157,158;,
  3;158,160,164;,
  3;160,158,154;,
  3;165,159,166;,
  3;159,165,160;,
  3;159,167,166;,
  3;167,159,161;,
  3;161,168,167;,
  3;168,161,162;,
  3;162,169,168;,
  3;169,162,163;,
  3;163,170,169;,
  3;170,163,164;,
  3;164,165,170;,
  3;165,164,160;,
  3;169,170,142;,
  3;170,140,142;,
  3;140,170,165;,
  3;165,166,140;,
  3;166,145,141;,
  3;145,166,167;,
  3;167,144,145;,
  3;144,167,168;,
  3;168,143,144;,
  3;143,168,169;,
  3;169,142,143;,
  3;140,166,141;,
  3;171,172,173;,
  3;171,173,174;,
  3;171,174,175;,
  3;171,175,172;,
  3;176,172,177;,
  3;172,176,173;,
  3;178,173,176;,
  3;173,178,174;,
  3;179,174,178;,
  3;174,179,175;,
  3;175,179,180;,
  3;177,175,180;,
  3;175,177,172;,
  3;181,182,183;,
  3;181,184,182;,
  3;181,185,184;,
  3;181,186,185;,
  3;181,187,186;,
  3;181,183,187;,
  3;188,177,189;,
  3;177,188,176;,
  3;177,190,189;,
  3;190,177,180;,
  3;180,191,190;,
  3;191,180,179;,
  3;179,192,191;,
  3;192,179,178;,
  3;178,188,192;,
  3;188,178,176;,
  3;189,190,193;,
  3;190,194,193;,
  3;194,190,191;,
  3;191,192,194;,
  3;188,195,196;,
  3;195,188,189;,
  3;189,197,195;,
  3;197,189,193;,
  3;193,198,197;,
  3;198,193,194;,
  3;194,199,198;,
  3;199,194,192;,
  3;192,200,199;,
  3;200,192,188;,
  3;200,188,196;,
  3;196,201,202;,
  3;201,196,195;,
  3;195,203,201;,
  3;203,195,197;,
  3;197,204,203;,
  3;204,197,198;,
  3;198,205,204;,
  3;205,198,199;,
  3;199,206,205;,
  3;206,199,200;,
  3;200,202,206;,
  3;202,200,196;,
  3;207,201,208;,
  3;201,207,202;,
  3;201,209,208;,
  3;209,201,203;,
  3;203,210,209;,
  3;210,203,204;,
  3;204,211,210;,
  3;211,204,205;,
  3;205,212,211;,
  3;212,205,206;,
  3;206,207,212;,
  3;207,206,202;,
  3;211,212,184;,
  3;212,182,184;,
  3;182,212,207;,
  3;207,208,182;,
  3;208,187,183;,
  3;187,208,209;,
  3;209,186,187;,
  3;186,209,210;,
  3;210,185,186;,
  3;185,210,211;,
  3;211,184,185;,
  3;182,208,183;,
  3;213,214,215;,
  3;213,215,216;,
  3;213,216,217;,
  3;213,217,214;,
  3;218,214,219;,
  3;214,218,215;,
  3;220,215,218;,
  3;215,220,216;,
  3;221,216,220;,
  3;216,221,217;,
  3;217,221,222;,
  3;219,217,222;,
  3;217,219,214;,
  3;223,224,225;,
  3;223,226,224;,
  3;223,227,226;,
  3;223,228,227;,
  3;223,229,228;,
  3;223,225,229;,
  3;230,219,231;,
  3;219,230,218;,
  3;219,232,231;,
  3;232,219,222;,
  3;222,233,232;,
  3;233,222,221;,
  3;221,234,233;,
  3;234,221,220;,
  3;220,230,234;,
  3;230,220,218;,
  3;231,232,235;,
  3;232,236,235;,
  3;236,232,233;,
  3;233,234,236;,
  3;230,237,238;,
  3;237,230,231;,
  3;231,239,237;,
  3;239,231,235;,
  3;235,240,239;,
  3;240,235,236;,
  3;236,241,240;,
  3;241,236,234;,
  3;234,242,241;,
  3;242,234,230;,
  3;242,230,238;,
  3;238,243,244;,
  3;243,238,237;,
  3;237,245,243;,
  3;245,237,239;,
  3;239,246,245;,
  3;246,239,240;,
  3;240,247,246;,
  3;247,240,241;,
  3;241,248,247;,
  3;248,241,242;,
  3;242,244,248;,
  3;244,242,238;,
  3;249,243,250;,
  3;243,249,244;,
  3;243,251,250;,
  3;251,243,245;,
  3;245,252,251;,
  3;252,245,246;,
  3;246,253,252;,
  3;253,246,247;,
  3;247,254,253;,
  3;254,247,248;,
  3;248,249,254;,
  3;249,248,244;,
  3;253,254,226;,
  3;254,224,226;,
  3;224,254,249;,
  3;249,250,224;,
  3;250,229,225;,
  3;229,250,251;,
  3;251,228,229;,
  3;228,251,252;,
  3;252,227,228;,
  3;227,252,253;,
  3;253,226,227;,
  3;224,250,225;,
  3;255,256,257;,
  3;256,255,258;,
  3;258,259,256;,
  3;259,258,260;,
  3;260,261,259;,
  3;261,260,262;,
  3;262,257,261;,
  3;257,262,255;,
  3;257,263,264;,
  3;263,257,256;,
  3;256,265,263;,
  3;265,256,259;,
  3;259,266,265;,
  3;266,259,261;,
  3;261,264,266;,
  3;264,261,257;,
  3;264,267,268;,
  3;267,264,263;,
  3;263,269,267;,
  3;269,263,265;,
  3;265,270,269;,
  3;270,265,266;,
  3;266,268,270;,
  3;268,266,264;,
  3;271,272,273;,
  3;272,271,274;,
  3;274,275,272;,
  3;275,274,276;,
  3;276,277,275;,
  3;277,276,278;,
  3;278,273,277;,
  3;273,278,271;,
  3;273,279,280;,
  3;279,273,272;,
  3;272,281,279;,
  3;281,272,275;,
  3;275,282,281;,
  3;282,275,277;,
  3;277,280,282;,
  3;280,277,273;,
  3;283,284,285;,
  3;284,283,286;,
  3;285,287,288;,
  3;287,285,284;,
  3;288,289,290;,
  3;289,288,287;,
  3;290,286,283;,
  3;286,290,289;,
  3;286,291,284;,
  3;291,286,292;,
  3;284,293,287;,
  3;293,284,291;,
  3;287,294,289;,
  3;294,287,293;,
  3;289,292,286;,
  3;292,289,294;,
  3;292,295,291;,
  3;295,292,296;,
  3;291,297,293;,
  3;297,291,295;,
  3;293,298,294;,
  3;298,293,297;,
  3;294,296,292;,
  3;296,294,298;,
  3;299,300,301;,
  3;300,299,302;,
  3;301,303,304;,
  3;303,301,300;,
  3;304,305,306;,
  3;305,304,303;,
  3;306,302,299;,
  3;302,306,305;,
  3;302,307,300;,
  3;307,302,308;,
  3;300,309,303;,
  3;309,300,307;,
  3;303,310,305;,
  3;310,303,309;,
  3;305,308,302;,
  3;308,305,310;,
  3;311,312,313;,
  3;312,311,314;,
  3;313,315,316;,
  3;315,313,312;,
  3;316,317,318;,
  3;317,316,315;,
  3;318,314,311;,
  3;314,318,317;,
  3;319,320,321;,
  3;320,319,322;,
  3;321,323,324;,
  3;323,321,320;,
  3;324,325,326;,
  3;325,324,323;,
  3;326,322,319;,
  3;322,326,325;,
  3;327,328,329;,
  3;328,327,330;,
  3;329,331,332;,
  3;331,329,328;,
  3;332,333,334;,
  3;333,332,331;,
  3;334,330,327;,
  3;330,334,333;,
  3;335,336,337;,
  3;336,335,338;,
  3;337,339,340;,
  3;339,337,336;,
  3;340,341,342;,
  3;341,340,339;,
  3;342,338,335;,
  3;338,342,341;,
  3;343,344,345;,
  3;344,343,346;,
  3;345,347,348;,
  3;347,345,344;,
  3;348,349,350;,
  3;349,348,347;,
  3;350,346,343;,
  3;346,350,349;,
  3;351,352,353;,
  3;352,351,354;,
  3;353,355,356;,
  3;355,353,352;,
  3;356,357,358;,
  3;357,356,355;,
  3;358,354,351;,
  3;354,358,357;,
  3;359,360,361;,
  3;360,359,362;,
  3;361,363,364;,
  3;363,361,360;,
  3;364,365,366;,
  3;365,364,363;,
  3;366,362,359;,
  3;362,366,365;,
  3;367,368,369;,
  3;368,367,370;,
  3;369,371,372;,
  3;371,369,368;,
  3;372,373,374;,
  3;373,372,371;,
  3;374,370,367;,
  3;370,374,373;,
  3;375,376,377;,
  3;376,375,378;,
  3;377,379,380;,
  3;379,377,376;,
  3;380,381,382;,
  3;381,380,379;,
  3;382,378,375;,
  3;378,382,381;,
  3;383,384,385;,
  3;384,383,386;,
  3;385,387,388;,
  3;387,385,384;,
  3;388,389,390;,
  3;389,388,387;,
  3;390,386,383;,
  3;386,390,389;;

  MeshNormals {
   391;
   0.529130;0.848456;0.011991;,
   -0.086021;0.556366;0.826473;,
   0.748427;0.615080;0.248060;,
   -0.313437;0.945752;0.085498;,
   0.189615;0.803424;-0.564407;,
   -0.985161;-0.170084;0.022990;,
   -0.738576;-0.338142;0.583238;,
   -0.666207;0.301624;0.682050;,
   -0.804846;0.580501;-0.123459;,
   -0.814590;0.076145;-0.575017;,
   -0.592316;-0.434231;-0.678679;,
   -0.479302;-0.863262;0.158269;,
   0.358061;-0.356321;0.863034;,
   0.934683;-0.349247;0.066294;,
   0.733263;-0.412044;-0.540874;,
   0.294450;-0.104224;-0.949967;,
   -0.473428;0.235429;-0.848787;,
   -0.057377;-0.664294;-0.745266;,
   0.089973;-0.995915;0.007636;,
   -0.107243;-0.444400;0.889386;,
   -0.145128;0.557483;0.817405;,
   -0.053981;-0.998415;0.015939;,
   -0.113737;-0.688721;-0.716049;,
   -0.276098;0.279088;-0.919717;,
   -0.260369;0.965328;-0.018718;,
   0.194403;-0.354863;0.914483;,
   0.147172;0.624511;0.767024;,
   0.287843;-0.957673;0.002829;,
   0.214376;-0.494082;-0.842571;,
   0.164276;0.386778;-0.907423;,
   0.156879;0.981255;-0.111931;,
   0.042642;0.441931;0.896035;,
   -0.079963;-0.389019;0.917753;,
   0.233923;-0.955797;0.178133;,
   0.042189;-0.532600;-0.845315;,
   -0.203442;0.347936;-0.915179;,
   -0.043075;0.995105;-0.088946;,
   0.846191;-0.271503;-0.458526;,
   0.846191;-0.271503;-0.458526;,
   0.846191;-0.271503;-0.458526;,
   0.846194;-0.271529;-0.458506;,
   0.846194;-0.271529;-0.458506;,
   0.846194;-0.271529;-0.458506;,
   0.846803;-0.174174;-0.502581;,
   0.846803;-0.174174;-0.502581;,
   0.846803;-0.174174;-0.502581;,
   0.846192;-0.271492;-0.458531;,
   0.846192;-0.271492;-0.458531;,
   0.846192;-0.271492;-0.458531;,
   0.846196;-0.271529;-0.458502;,
   0.846196;-0.271529;-0.458502;,
   0.846196;-0.271529;-0.458502;,
   0.846795;-0.174170;-0.502596;,
   0.846795;-0.174170;-0.502596;,
   0.846795;-0.174170;-0.502596;,
   -0.936628;-0.048339;-0.346976;,
   -0.936628;-0.048339;-0.346976;,
   -0.936628;-0.048339;-0.346976;,
   -0.936614;-0.048292;-0.347018;,
   -0.936614;-0.048292;-0.347018;,
   -0.936614;-0.048292;-0.347018;,
   -0.936607;-0.048241;-0.347045;,
   -0.936607;-0.048241;-0.347045;,
   -0.936607;-0.048241;-0.347045;,
   -0.936619;-0.048241;-0.347013;,
   -0.936619;-0.048241;-0.347013;,
   -0.936619;-0.048241;-0.347013;,
   -0.936618;-0.048238;-0.347015;,
   -0.936618;-0.048238;-0.347015;,
   -0.936618;-0.048238;-0.347015;,
   -0.936620;-0.048296;-0.347002;,
   -0.936620;-0.048296;-0.347002;,
   -0.936620;-0.048296;-0.347002;,
   -0.082880;0.028193;-0.996161;,
   -0.101917;-0.644792;-0.757533;,
   -0.031833;-0.089778;-0.995453;,
   -0.170891;-0.566585;-0.806088;,
   -0.018558;-0.656328;-0.754247;,
   0.044188;-0.092593;-0.994723;,
   0.023968;-0.659515;-0.751310;,
   0.084668;-0.097032;-0.991673;,
   0.124614;0.977176;0.172043;,
   0.048127;0.603681;-0.795772;,
   0.108553;0.993360;0.038120;,
   0.036655;0.686744;-0.725975;,
   0.078387;0.606068;-0.791541;,
   0.059573;0.997521;0.037467;,
   0.014602;0.994860;0.100206;,
   0.081532;0.630042;-0.772269;,
   0.096893;-0.003499;0.995289;,
   0.101665;0.634084;0.766552;,
   0.066184;0.083909;0.994273;,
   0.110900;0.509168;0.853493;,
   0.003901;0.654456;0.756090;,
   -0.056331;0.100128;0.993379;,
   -0.051489;0.637739;0.768530;,
   -0.104351;0.125312;0.986614;,
   0.046866;-0.542538;0.838723;,
   -0.110921;-0.993826;-0.002400;,
   -0.105388;-0.992736;0.058037;,
   -0.026810;-0.591242;0.806048;,
   -0.104054;-0.994502;-0.011754;,
   -0.117187;-0.582097;0.804631;,
   -0.152115;-0.532997;0.832331;,
   -0.103314;-0.994175;0.030701;,
   -0.316505;-0.772840;-0.550039;,
   0.167728;-0.791014;-0.588358;,
   0.621774;-0.778879;-0.082124;,
   0.635502;-0.614706;0.467198;,
   0.009338;-0.547711;0.836616;,
   -0.241797;-0.381073;0.892366;,
   0.663859;0.643973;-0.380249;,
   0.192946;0.490842;-0.849615;,
   0.688120;0.688000;0.230536;,
   -0.097303;0.751552;0.652459;,
   -0.446188;0.790721;0.419137;,
   -0.979589;0.200904;0.006547;,
   -0.981780;0.189980;-0.003938;,
   -0.958819;0.273328;0.077193;,
   -0.989595;0.130756;-0.060034;,
   -0.261937;0.668267;-0.696282;,
   -0.093189;-0.714966;0.692921;,
   -0.096674;-0.818069;-0.566937;,
   0.081100;0.582632;0.808680;,
   0.100940;0.628116;-0.771545;,
   -0.004289;-0.527601;0.849481;,
   -0.214373;-0.697617;-0.683648;,
   0.426395;0.725520;0.540193;,
   0.269251;0.717103;-0.642858;,
   0.449549;0.201350;-0.870266;,
   0.169966;-0.748439;-0.641055;,
   -0.621388;0.220215;-0.751919;,
   0.166765;0.957489;-0.235381;,
   0.989975;-0.018356;-0.140043;,
   -0.788204;0.209443;-0.578677;,
   0.003401;-0.813263;-0.581886;,
   -0.066811;0.978029;0.197475;,
   0.841589;0.450868;0.297399;,
   0.884165;-0.424983;-0.194017;,
   -0.958177;-0.283271;-0.040667;,
   -0.573892;-0.417400;-0.704575;,
   -0.654268;-0.724751;-0.216032;,
   -0.849138;0.334483;-0.408761;,
   -0.936270;0.297623;0.186601;,
   -0.726509;0.139385;0.672872;,
   -0.451487;-0.744130;0.492372;,
   -0.348814;0.186353;-0.918478;,
   -0.174443;-0.963288;-0.204072;,
   0.684973;-0.683046;0.253496;,
   0.756820;0.318986;0.570502;,
   0.009947;0.939584;0.342173;,
   0.167486;-0.555557;0.814435;,
   0.208839;0.231721;0.950101;,
   -0.141504;-0.937997;-0.316446;,
   0.054735;-0.295266;-0.953846;,
   -0.153028;-0.622932;0.767163;,
   -0.103676;0.219791;0.970022;,
   -0.053378;0.936595;0.346325;,
   0.053790;0.726084;-0.685499;,
   0.413753;-0.865422;-0.282583;,
   0.380531;-0.064374;-0.922525;,
   0.263590;-0.540025;0.799308;,
   -0.003116;0.382997;0.923744;,
   -0.072317;0.942747;0.325573;,
   0.152797;0.827760;-0.539877;,
   0.293004;-0.376801;-0.878732;,
   0.170281;-0.934115;-0.313742;,
   0.329341;-0.756793;0.564623;,
   -0.172111;0.246696;0.953687;,
   -0.493817;0.828197;0.265017;,
   -0.087924;0.671184;-0.736058;,
   0.473900;0.431352;0.767694;,
   0.182346;0.982621;-0.034739;,
   -0.599676;0.352025;0.718656;,
   0.178991;-0.551294;0.814885;,
   0.993230;0.094647;0.067348;,
   -0.771128;0.245527;0.587434;,
   0.013859;0.992902;-0.118128;,
   -0.065933;-0.854896;0.514592;,
