xof 0303txt 0032
template ColorRGBA {
 <35ff44e0-6c7c-11cf-8f52-0040333594a3>
 FLOAT red;
 FLOAT green;
 FLOAT blue;
 FLOAT alpha;
}

template ColorRGB {
 <d3e16e81-7835-11cf-8f52-0040333594a3>
 FLOAT red;
 FLOAT green;
 FLOAT blue;
}

template Material {
 <3d82ab4d-62da-11cf-ab39-0020af71e433>
 ColorRGBA faceColor;
 FLOAT power;
 ColorRGB specularColor;
 ColorRGB emissiveColor;
 [...]
}

template TextureFilename {
 <a42790e1-7810-11cf-8f52-0040333594a3>
 STRING filename;
}

template Frame {
 <3d82ab46-62da-11cf-ab39-0020af71e433>
 [...]
}

template Matrix4x4 {
 <f6f23f45-7686-11cf-8f52-0040333594a3>
 array FLOAT matrix[16];
}

template FrameTransformMatrix {
 <f6f23f41-7686-11cf-8f52-0040333594a3>
 Matrix4x4 frameMatrix;
}

template Vector {
 <3d82ab5e-62da-11cf-ab39-0020af71e433>
 FLOAT x;
 FLOAT y;
 FLOAT z;
}

template MeshFace {
 <3d82ab5f-62da-11cf-ab39-0020af71e433>
 DWORD nFaceVertexIndices;
 array DWORD faceVertexIndices[nFaceVertexIndices];
}

template Mesh {
 <3d82ab44-62da-11cf-ab39-0020af71e433>
 DWORD nVertices;
 array Vector vertices[nVertices];
 DWORD nFaces;
 array MeshFace faces[nFaces];
 [...]
}

template MeshNormals {
 <f6f23f43-7686-11cf-8f52-0040333594a3>
 DWORD nNormals;
 array Vector normals[nNormals];
 DWORD nFaceNormals;
 array MeshFace faceNormals[nFaceNormals];
}

template MeshMaterialList {
 <f6f23f42-7686-11cf-8f52-0040333594a3>
 DWORD nMaterials;
 DWORD nFaceIndexes;
 array DWORD faceIndexes[nFaceIndexes];
 [Material <3d82ab4d-62da-11cf-ab39-0020af71e433>]
}

template Coords2d {
 <f6f23f44-7686-11cf-8f52-0040333594a3>
 FLOAT u;
 FLOAT v;
}

template MeshTextureCoords {
 <f6f23f40-7686-11cf-8f52-0040333594a3>
 DWORD nTextureCoords;
 array Coords2d textureCoords[nTextureCoords];
}

template XSkinMeshHeader {
 <3cf169ce-ff7c-44ab-93c0-f78f62d172e2>
 WORD nMaxSkinWeightsPerVertex;
 WORD nMaxSkinWeightsPerFace;
 WORD nBones;
}

template SkinWeights {
 <6f0d123b-bad2-4167-a0d0-80224f25fabb>
 STRING transformNodeName;
 DWORD nWeights;
 array DWORD vertexIndices[nWeights];
 array FLOAT weights[nWeights];
 Matrix4x4 matrixOffset;
}

template AnimTicksPerSecond {
 <9e415a43-7ba6-4a73-8743-b73d47e88476>
 DWORD AnimTicksPerSecond;
}

template Animation {
 <3d82ab4f-62da-11cf-ab39-0020af71e433>
 [...]
}

template AnimationSet {
 <3d82ab50-62da-11cf-ab39-0020af71e433>
 [Animation <3d82ab4f-62da-11cf-ab39-0020af71e433>]
}

template FloatKeys {
 <10dd46a9-775b-11cf-8f52-0040333594a3>
 DWORD nValues;
 array FLOAT values[nValues];
}

template TimedFloatKeys {
 <f406b180-7b3b-11cf-8f52-0040333594a3>
 DWORD time;
 FloatKeys tfkeys;
}

template AnimationKey {
 <10dd46a8-775b-11cf-8f52-0040333594a3>
 DWORD keyType;
 DWORD nKeys;
 array TimedFloatKeys keys[nKeys];
}


Material _08_-_Default {
 1.000000;1.000000;1.000000;1.000000;;
 100.000000;
 0.200000;0.200000;0.200000;;
 0.000000;0.000000;0.000000;;

 TextureFilename {
  "Necklace_MammalTeeth.png";
 }
}

Frame Dummy01 {
 

 FrameTransformMatrix {
  1.000000,0.000000,0.000000,0.000000,0.000000,-0.000000,-1.000000,0.000000,0.000000,1.000000,-0.000000,0.000000,0.000000,0.000000,0.000000,1.000000;;
 }

 Frame Bip01 {
  

  FrameTransformMatrix {
   -0.087155,0.982405,-0.165183,0.000000,-0.000001,0.165814,0.986157,0.000000,0.996195,0.085949,-0.014450,0.000000,-0.010000,-0.012284,0.490453,1.000000;;
  }

  Frame Bip01_Pelvis {
   

   FrameTransformMatrix {
    0.000000,1.000000,-0.000001,0.000000,-0.000001,0.000001,1.000000,0.000000,1.000000,0.000000,0.000001,0.000000,0.000000,0.000000,0.000000,1.000000;;
   }

   Frame Bip01_Spine {
    

    FrameTransformMatrix {
     0.984686,0.000002,-0.174337,0.000000,-0.000001,1.000000,0.000004,0.000000,0.174337,-0.000004,0.984686,0.000000,0.051619,0.000000,-0.000083,1.000000;;
    }

    Frame Bip01_Spine1 {
     

     FrameTransformMatrix {
      0.997819,0.052687,0.039774,0.000000,-0.044862,0.983198,-0.176942,0.000000,-0.048428,0.174771,0.983417,0.000000,0.106484,-0.000015,-0.000083,1.000000;;
     }

     Frame Bip01_Neck {
      

      FrameTransformMatrix {
       0.966067,-0.020835,0.257451,0.000000,0.025191,0.999590,-0.013632,0.000000,-0.257061,0.019655,0.966195,0.000000,0.130511,-0.000001,0.004626,1.000000;;
      }

      Frame Bip01_Head {
       

       FrameTransformMatrix {
        0.989321,-0.051753,-0.136255,0.000000,0.064251,0.993958,0.088989,0.000000,0.130826,-0.096793,0.986669,0.000000,0.033674,-0.000000,-0.000000,1.000000;;
       }
      }

      Frame Bip01_L_Clavicle {
       

       FrameTransformMatrix {
        -0.205975,0.976135,0.068811,0.000000,0.943873,0.216738,-0.249254,0.000000,-0.258220,0.013609,-0.965990,0.000000,-0.024734,0.015166,0.002017,1.000000;;
       }

       Frame Bip01_L_UpperArm {
        

        FrameTransformMatrix {
         0.385871,-0.777669,0.496320,0.000000,0.922466,0.332598,-0.196046,0.000000,-0.012616,0.533487,0.845714,0.000000,0.087086,-0.000000,0.000000,1.000000;;
        }

        Frame Bip01_L_Forearm {
         

         FrameTransformMatrix {
          0.943939,0.000000,-0.330119,0.000000,0.000000,1.000000,-0.000000,0.000000,0.330119,-0.000000,0.943939,0.000000,0.137062,-0.000000,0.000000,1.000000;;
         }

         Frame Bip01_L_Hand {
          

          FrameTransformMatrix {
           1.000000,-0.000000,0.000000,0.000000,0.000000,0.000796,1.000000,0.000000,0.000000,-1.000000,0.000796,0.000000,0.137062,0.000000,0.000000,1.000000;;
          }

          Frame Bip01_L_Finger0 {
           

           FrameTransformMatrix {
            0.690342,-0.181727,0.700288,0.000000,0.558537,0.749101,-0.356210,0.000000,-0.459853,0.637043,0.618637,0.000000,0.057681,-0.023605,-0.000272,1.000000;;
           }
          }

          Frame Bip01_L_Finger1 {
           

           FrameTransformMatrix {
            0.728079,-0.000546,0.685493,0.000000,0.000000,1.000000,0.000796,0.000000,-0.685493,-0.000580,0.728079,0.000000,0.084102,0.000000,0.000000,1.000000;;
           }
          }
         }
        }
       }
      }

      Frame Bip01_R_Clavicle {
       

       FrameTransformMatrix {
        -0.028509,-0.999573,-0.006461,0.000000,-0.965665,0.025871,0.258498,0.000000,-0.258220,0.013609,-0.965990,0.000000,-0.024080,-0.016250,0.001399,1.000000;;
       }

       Frame Bip01_R_UpperArm {
        

        FrameTransformMatrix {
         0.221390,0.975047,0.016433,0.000000,-0.974986,0.221654,-0.016512,0.000000,-0.019742,-0.012366,0.999729,0.000000,0.087086,0.000000,0.000000,1.000000;;
        }

        Frame Bip01_R_Forearm {
         

         FrameTransformMatrix {
          0.915660,-0.000000,-0.401954,0.000000,-0.000000,1.000000,-0.000000,0.000000,0.401954,-0.000000,0.915660,0.000000,0.137062,0.000000,-0.000000,1.000000;;
         }

         Frame Bip01_R_Hand {
          

          FrameTransformMatrix {
           0.975195,-0.000000,-0.221346,0.000000,-0.221346,0.000796,-0.975195,0.000000,0.000176,1.000000,0.000777,0.000000,0.137062,0.000000,0.000000,1.000000;;
          }

          Frame Bip01_R_Finger0 {
           

           FrameTransformMatrix {
            0.417774,-0.116941,0.900994,0.000000,-0.558537,0.749101,0.356210,0.000000,-0.716591,-0.652054,0.247639,0.000000,0.057681,0.023605,-0.000272,1.000000;;
           }
          }

          Frame Bip01_R_Finger1 {
           

           FrameTransformMatrix {
            0.352436,0.000745,0.935835,0.000000,-0.000000,1.000000,-0.000796,0.000000,-0.935836,0.000281,0.352436,0.000000,0.084102,0.000000,0.000000,1.000000;;
           }
          }
         }
        }
       }
      }
     }

     Frame Bip01_BackPack {
      

      FrameTransformMatrix {
       0.180560,0.080500,-0.980264,0.000000,0.047560,0.994764,0.090451,0.000000,0.982413,-0.062954,0.175786,0.000000,0.063697,0.000003,-0.088856,1.000000;;
      }
     }
    }

    Frame Bip01_L_Thigh {
     

     FrameTransformMatrix {
      -0.888504,0.030427,0.457858,0.000000,-0.032107,-0.999476,0.004114,0.000000,0.457744,-0.011045,0.889016,0.000000,-0.050843,0.055225,-0.008917,1.000000;;
     }

     Frame Bip01_L_Calf {
      

      FrameTransformMatrix {
       0.942235,-0.000000,-0.334952,0.000000,-0.000000,1.000000,-0.000000,0.000000,0.334952,0.000000,0.942235,0.000000,0.237500,0.000000,-0.000000,1.000000;;
      }

      Frame Bip01_L_Foot {
       

       FrameTransformMatrix {
        0.924325,-0.026487,0.380687,0.000000,-0.068962,0.969570,0.234901,0.000000,-0.375325,-0.243378,0.894371,0.000000,0.206841,-0.000000,0.000000,1.000000;;
       }

       Frame Bip01_L_Toe0 {
        

        FrameTransformMatrix {
         0.000000,0.000000,1.000000,0.000000,0.000000,1.000000,-0.000000,0.000000,-1.000000,0.000000,0.000000,0.000000,0.065373,0.000000,0.066450,1.000000;;
        }
       }
      }
     }
    }

    Frame Bip01_R_Thigh {
     

     FrameTransformMatrix {
      -0.996965,0.030321,-0.071704,0.000000,-0.029454,-0.999480,-0.013113,0.000000,-0.072065,-0.010961,0.997340,0.000000,-0.050843,-0.055225,-0.008917,1.000000;;
     }

     Frame Bip01_R_Calf {
      

      FrameTransformMatrix {
       0.730239,0.000000,-0.683192,0.000000,0.000000,1.000000,0.000000,0.000000,0.683192,-0.000000,0.730239,0.000000,0.237500,0.000000,0.000000,1.000000;;
      }

      Frame Bip01_R_Foot {
       

       FrameTransformMatrix {
        0.991957,0.087165,-0.091782,0.000000,-0.093276,0.993546,-0.064539,0.000000,0.085565,0.072581,0.993685,0.000000,0.206841,-0.000000,0.000000,1.000000;;
       }

       Frame Bip01_R_Toe0 {
        

        FrameTransformMatrix {
         0.000000,0.000000,1.000000,0.000000,0.000000,1.000000,-0.000000,0.000000,-1.000000,0.000000,0.000000,0.000000,0.065373,0.000000,0.066450,1.000000;;
        }
       }
      }
     }
    }
   }

   Frame Bip01_DressFront {
    

    FrameTransformMatrix {
     -0.880185,-0.088339,0.466338,0.000000,0.121847,0.907542,0.401896,0.000000,-0.458725,0.410564,-0.788041,0.000000,-0.043935,0.001339,0.061057,1.000000;;
    }

    Frame Bip01_DressFront02 {
     

     FrameTransformMatrix {
      0.912593,0.000001,0.408870,0.000000,-0.000001,1.000000,-0.000000,0.000000,-0.408870,-0.000000,0.912593,0.000000,0.183378,-0.000000,-0.000120,1.000000;;
     }
    }
   }

   Frame Bip01_DressBack {
    

    FrameTransformMatrix {
     -0.886023,0.038029,0.462080,0.000000,0.191625,0.937561,0.290274,0.000000,-0.422190,0.345735,-0.837988,0.000000,-0.047673,-0.000048,-0.078302,1.000000;;
    }

    Frame Bip01_DressBack02 {
     

     FrameTransformMatrix {
      0.936852,0.174932,-0.302833,0.000000,-0.166408,0.984581,0.053939,0.000000,0.307600,-0.000139,0.951516,0.000000,0.176125,0.000000,-0.000103,1.000000;;
     }
    }
   }
  }

  Frame Bip01_Prop1 {
   

   FrameTransformMatrix {
    -0.233929,-0.108090,0.966226,0.000000,0.687222,0.684611,0.242967,0.000000,-0.687752,0.720850,-0.085868,0.000000,0.108125,-0.048422,-0.137969,1.000000;;
   }
  }

  Frame Bip01_Prop2 {
   

   FrameTransformMatrix {
    -0.163643,-0.967062,0.194966,0.000000,0.985576,-0.168906,-0.010564,0.000000,0.043147,0.190425,0.980753,0.000000,-0.138405,-0.102098,0.114818,1.000000;;
   }
  }
 }
}

Frame Translation_Data {
 

 FrameTransformMatrix {
  1.000000,0.000000,0.000000,0.000000,0.000000,1.000000,0.000000,0.000000,0.000000,0.000000,1.000000,0.000000,0.000000,-0.000000,0.000000,1.000000;;
 }
}

Frame M_Necklace_Teeth {
 

 FrameTransformMatrix {
  1.000000,0.000000,0.000000,0.000000,0.000000,1.000000,0.000000,0.000000,0.000000,0.000000,1.000000,0.000000,0.000000,0.000000,0.000000,1.000000;;
 }

 Mesh M_Necklace_Teeth {
  561;
  0.032622;0.805244;0.070878;,
  0.034574;0.804428;0.073760;,
  0.035843;0.804633;0.070130;,
  0.032027;0.804377;0.075385;,
  0.038822;0.804493;0.058997;,
  0.036487;0.804917;0.058661;,
  0.038446;0.804830;0.049706;,
  0.040829;0.804268;0.050365;,
  0.041835;0.804215;0.047046;,
  0.039281;0.804801;0.046722;,
  0.039144;0.804265;0.044659;,
  0.041850;0.803798;0.044603;,
  -0.000211;0.806909;0.077104;,
  -0.000246;0.805819;0.080257;,
  0.003024;0.805665;0.079458;,
  0.018212;0.804979;0.077016;,
  0.016195;0.805995;0.075373;,
  -0.032598;0.805244;0.070689;,
  -0.035897;0.804201;0.073300;,
  -0.031846;0.804189;0.075231;,
  -0.037159;0.804336;0.069454;,
  -0.039861;0.804261;0.047518;,
  -0.039955;0.804320;0.058684;,
  -0.036795;0.804999;0.058661;,
  -0.042156;0.804256;0.050316;,
  -0.043248;0.804247;0.047054;,
  -0.043252;0.803923;0.044470;,
  -0.003530;0.805517;0.079572;,
  -0.018826;0.804821;0.077150;,
  -0.016616;0.805995;0.075373;,
  -0.042992;0.801425;0.036352;,
  -0.040196;0.801601;0.036167;,
  -0.039208;0.797273;0.028553;,
  -0.041792;0.797343;0.028922;,
  -0.041038;0.793717;0.024899;,
  -0.038432;0.793903;0.025000;,
  -0.036991;0.791311;0.021057;,
  -0.039537;0.790458;0.020150;,
  -0.037324;0.785373;0.015350;,
  -0.035233;0.787225;0.017087;,
  -0.032760;0.781604;0.011327;,
  -0.034446;0.779144;0.009272;,
  -0.031221;0.772653;0.002616;,
  -0.029440;0.774610;0.003939;,
  -0.025039;0.766349;-0.004088;,
  -0.027224;0.765333;-0.004275;,
  -0.023743;0.759645;-0.009217;,
  -0.021033;0.759890;-0.009751;,
  -0.015869;0.753783;-0.014692;,
  -0.018606;0.753476;-0.014116;,
  -0.010221;0.744917;-0.020693;,
  -0.008573;0.746720;-0.020273;,
  -0.000107;0.742962;-0.023190;,
  0.000059;0.740074;-0.024311;,
  0.010877;0.745052;-0.020335;,
  0.008565;0.746771;-0.020136;,
  0.016063;0.753860;-0.014500;,
  0.019895;0.753636;-0.013595;,
  0.024777;0.759611;-0.008921;,
  0.021006;0.759942;-0.009671;,
  0.024665;0.766295;-0.004169;,
  0.027634;0.764999;-0.004346;,
  0.030582;0.772036;0.002255;,
  0.028315;0.774350;0.003752;,
  0.031637;0.781206;0.011112;,
  0.033530;0.778445;0.008843;,
  0.036386;0.785002;0.015163;,
  0.034316;0.786947;0.016937;,
  0.036272;0.791145;0.021129;,
  0.038694;0.790380;0.020352;,
  0.039995;0.793458;0.025479;,
  0.037427;0.793578;0.025521;,
  0.038130;0.796806;0.029360;,
  0.040752;0.796863;0.029667;,
  0.041430;0.801022;0.036840;,
  0.038731;0.801191;0.036703;,
  0.004127;0.733025;-0.024858;,
  -0.000483;0.737215;-0.022222;,
  -0.005035;0.733308;-0.026252;,
  -0.004952;0.729382;-0.029341;,
  -0.007699;0.731747;-0.030302;,
  -0.004279;0.726562;-0.033501;,
  0.003917;0.746309;-0.019050;,
  0.003090;0.746066;-0.021113;,
  0.002963;0.744644;-0.018696;,
  -0.000437;0.731287;-0.027157;,
  -0.004952;0.729382;-0.029341;,
  -0.002954;0.745027;-0.018009;,
  0.004305;0.735021;-0.028250;,
  -0.000279;0.739515;-0.026132;,
  0.004259;0.745979;-0.020849;,
  -0.007699;0.731747;-0.030302;,
  -0.004006;0.746435;-0.020519;,
  -0.004857;0.735303;-0.029644;,
  -0.004809;0.745797;-0.019510;,
  0.006989;0.731294;-0.028068;,
  0.004252;0.730911;-0.031039;,
  -0.002828;0.746449;-0.020427;,
  -0.000276;0.733095;-0.030231;,
  0.003748;0.726232;-0.032340;,
  -0.000276;0.733095;-0.030231;,
  0.004252;0.730911;-0.031039;,
  -0.000346;0.729111;-0.030948;,
  -0.004791;0.731190;-0.032415;,
  -0.003700;0.746745;-0.018622;,
  0.004945;0.745296;-0.019613;,
  0.004091;0.729103;-0.027966;,
  -0.000437;0.731287;-0.027157;,
  0.003748;0.726232;-0.032340;,
  0.004091;0.729103;-0.027966;,
  -0.000346;0.729111;-0.030948;,
  -0.004791;0.731190;-0.032415;,
  -0.004279;0.726562;-0.033501;,
  -0.007699;0.731747;-0.030302;,
  0.006989;0.731294;-0.028068;,
  0.006989;0.731294;-0.028068;,
  -0.014971;0.735611;-0.022288;,
  -0.010525;0.747196;-0.017358;,
  -0.020107;0.738057;-0.019085;,
  -0.010021;0.750806;-0.014734;,
  -0.020167;0.743053;-0.018174;,
  -0.020107;0.738057;-0.019085;,
  -0.022114;0.739652;-0.019575;,
  -0.013931;0.735755;-0.024677;,
  -0.006545;0.748829;-0.017874;,
  -0.011392;0.738875;-0.023646;,
  -0.022114;0.739652;-0.019575;,
  -0.015938;0.737350;-0.025167;,
  -0.013657;0.740697;-0.024260;,
  -0.013931;0.735755;-0.024677;,
  -0.019028;0.743254;-0.020911;,
  -0.011232;0.748466;-0.019461;,
  -0.014971;0.735611;-0.022288;,
  -0.021074;0.739796;-0.021964;,
  -0.010727;0.752077;-0.016837;,
  -0.021074;0.739796;-0.021964;,
  -0.007252;0.750099;-0.019978;,
  -0.015938;0.737350;-0.025167;,
  -0.011232;0.748466;-0.019461;,
  -0.010525;0.747196;-0.017358;,
  -0.026759;0.745959;-0.014352;,
  -0.019346;0.756054;-0.009726;,
  -0.030943;0.749528;-0.010833;,
  -0.017619;0.758829;-0.007078;,
  -0.029735;0.754377;-0.009926;,
  -0.030943;0.749528;-0.010833;,
  -0.032530;0.751567;-0.011196;,
  -0.025865;0.745882;-0.016802;,
  -0.014800;0.756354;-0.010528;,
  -0.022588;0.748280;-0.015937;,
  -0.032530;0.751567;-0.011196;,
  -0.027452;0.747921;-0.017166;,
  -0.024378;0.750604;-0.016409;,
  -0.025865;0.745882;-0.016802;,
  -0.028752;0.754336;-0.012730;,
  -0.019853;0.757488;-0.011782;,
  -0.026759;0.745959;-0.014352;,
  -0.031636;0.751490;-0.013647;,
  -0.018125;0.760263;-0.009134;,
  -0.031636;0.751490;-0.013647;,
  -0.015306;0.757787;-0.012584;,
  -0.027452;0.747921;-0.017166;,
  -0.019853;0.757488;-0.011782;,
  -0.019346;0.756054;-0.009726;,
  -0.035165;0.757269;-0.006134;,
  -0.026713;0.765531;-0.001251;,
  -0.038932;0.760862;-0.002194;,
  -0.025060;0.769672;0.001611;,
  -0.037357;0.765551;-0.001044;,
  -0.038932;0.760862;-0.002194;,
  -0.040392;0.763020;-0.002349;,
  -0.034389;0.757296;-0.008625;,
  -0.021366;0.766150;-0.002252;,
  -0.030921;0.759414;-0.007774;,
  -0.040392;0.763020;-0.002349;,
  -0.035849;0.759454;-0.008780;,
  -0.032567;0.761876;-0.008008;,
  -0.034389;0.757296;-0.008625;,
  -0.036507;0.765632;-0.003889;,
  -0.027521;0.767603;-0.003185;,
  -0.035165;0.757269;-0.006134;,
  -0.039616;0.763047;-0.004841;,
  -0.025560;0.771269;-0.000323;,
  -0.039616;0.763047;-0.004841;,
  -0.021866;0.767746;-0.004186;,
  -0.035849;0.759454;-0.008780;,
  -0.027521;0.767603;-0.003185;,
  -0.026713;0.765531;-0.001251;,
  -0.042785;0.770181;0.004726;,
  -0.033011;0.777723;0.009811;,
  -0.045866;0.774260;0.008788;,
  -0.029963;0.780242;0.012770;,
  -0.043499;0.778570;0.010057;,
  -0.045866;0.774260;0.008788;,
  -0.046929;0.776642;0.008702;,
  -0.042021;0.770144;0.002231;,
  -0.028060;0.777322;0.008788;,
  -0.038236;0.771602;0.003119;,
  -0.046929;0.776642;0.008702;,
  -0.043083;0.772526;0.002145;,
  -0.039430;0.774318;0.002963;,
  -0.042021;0.770144;0.002231;,
  -0.042652;0.778583;0.007210;,
  -0.033228;0.779147;0.007925;,
  -0.042785;0.770181;0.004726;,
  -0.046164;0.776604;0.006207;,
  -0.030180;0.781955;0.010885;,
  -0.046164;0.776604;0.006207;,
  -0.028277;0.779035;0.006903;,
  -0.043083;0.772526;0.002145;,
  -0.033228;0.779147;0.007925;,
  -0.033011;0.777723;0.009811;,
  -0.047860;0.783486;0.015809;,
  -0.038738;0.789325;0.021130;,
  -0.050502;0.787034;0.019714;,
  -0.050502;0.787034;0.019714;,
  -0.036105;0.791387;0.023846;,
  -0.048154;0.790678;0.021223;,
  -0.050502;0.787034;0.019714;,
  -0.051324;0.789243;0.019795;,
  -0.047115;0.783591;0.013573;,
  -0.033849;0.787908;0.021478;,
  -0.047860;0.783486;0.015809;,
  -0.043640;0.784617;0.014551;,
  -0.051324;0.789243;0.019795;,
  -0.047937;0.785801;0.013654;,
  -0.044561;0.787140;0.014592;,
  -0.047115;0.783591;0.013573;,
  -0.047323;0.790849;0.018675;,
  -0.038794;0.790371;0.019556;,
  -0.047860;0.783486;0.015809;,
  -0.050579;0.789348;0.017560;,
  -0.036161;0.793077;0.022272;,
  -0.050579;0.789348;0.017560;,
  -0.033905;0.789599;0.019903;,
  -0.047937;0.785801;0.013654;,
  -0.038794;0.790371;0.019556;,
  -0.038738;0.789325;0.021130;,
  -0.038738;0.789325;0.021130;,
  -0.050985;0.793459;0.028656;,
  -0.041687;0.798098;0.033503;,
  -0.052943;0.795921;0.033297;,
  -0.052943;0.795921;0.033297;,
  -0.038734;0.799386;0.036667;,
  -0.050530;0.799077;0.035095;,
  -0.052943;0.795921;0.033297;,
  -0.053705;0.797935;0.033916;,
  -0.050585;0.794014;0.026522;,
  -0.037514;0.796973;0.032402;,
  -0.050985;0.793459;0.028656;,
  -0.047185;0.794872;0.027167;,
  -0.053705;0.797935;0.033916;,
  -0.051346;0.796029;0.027141;,
  -0.048044;0.797183;0.027823;,
  -0.050585;0.794014;0.026522;,
  -0.050092;0.799757;0.032675;,
  -0.041951;0.799492;0.032396;,
  -0.050985;0.793459;0.028656;,
  -0.053305;0.798490;0.031782;,
  -0.038998;0.801264;0.035560;,
  -0.053305;0.798490;0.031782;,
  -0.037778;0.798850;0.031295;,
  -0.051346;0.796029;0.027141;,
  -0.041951;0.799492;0.032396;,
  -0.041687;0.798098;0.033503;,
  -0.041687;0.798098;0.033503;,
  -0.052330;0.799385;0.043997;,
  -0.041371;0.802672;0.046713;,
  -0.052448;0.800088;0.049703;,
  -0.038324;0.803729;0.048776;,
  -0.049277;0.802644;0.051553;,
  -0.052448;0.800088;0.049703;,
  -0.052824;0.801787;0.051204;,
  -0.052637;0.800667;0.042115;,
  -0.038198;0.803040;0.044577;,
  -0.049077;0.801443;0.041806;,
  -0.052824;0.801787;0.051204;,
  -0.053013;0.802366;0.043616;,
  -0.049513;0.803411;0.043475;,
  -0.052637;0.800667;0.042115;,
  -0.049636;0.804146;0.049440;,
  -0.041870;0.804850;0.046434;,
  -0.052330;0.799385;0.043997;,
  -0.053131;0.803069;0.049322;,
  -0.038822;0.805908;0.048568;,
  -0.053131;0.803069;0.049322;,
  -0.038697;0.805218;0.044368;,
  -0.053013;0.802366;0.043616;,
  -0.041870;0.804850;0.046434;,
  -0.041371;0.802672;0.046713;,
  -0.048019;0.800411;0.059353;,
  -0.038365;0.803892;0.059601;,
  -0.046934;0.800667;0.064247;,
  -0.035378;0.804854;0.060844;,
  -0.044024;0.803084;0.065340;,
  -0.046934;0.800667;0.064247;,
  -0.047048;0.802113;0.065723;,
  -0.048778;0.801704;0.057927;,
  -0.036181;0.804603;0.057138;,
  -0.045879;0.802646;0.056981;,
  -0.047048;0.802113;0.065723;,
  -0.048893;0.803150;0.059404;,
  -0.046027;0.804325;0.058632;,
  -0.048778;0.801704;0.057927;,
  -0.044892;0.804593;0.063748;,
  -0.039003;0.805893;0.059638;,
  -0.048019;0.800411;0.059353;,
  -0.047807;0.803406;0.064297;,
  -0.036010;0.806855;0.060905;,
  -0.047807;0.803406;0.064297;,
  -0.036813;0.806604;0.057200;,
  -0.048893;0.803150;0.059404;,
  -0.039003;0.805893;0.059638;,
  -0.038365;0.803892;0.059601;,
  -0.043543;0.799197;0.072910;,
  -0.034698;0.803511;0.069989;,
  -0.040724;0.799146;0.077063;,
  -0.031667;0.804601;0.069903;,
  -0.037752;0.801719;0.077275;,
  -0.040724;0.799146;0.077063;,
  -0.040357;0.800448;0.078628;,
  -0.044357;0.800362;0.072537;,
  -0.033467;0.804652;0.067266;,
  -0.042568;0.801807;0.070181;,
  -0.040357;0.800448;0.078628;,
  -0.044481;0.801831;0.073579;,
  -0.042179;0.803323;0.071947;,
  -0.044357;0.800362;0.072537;,
  -0.039232;0.803269;0.076288;,
  -0.035383;0.805436;0.070478;,
  -0.043543;0.799197;0.072910;,
  -0.041662;0.801780;0.077732;,
  -0.032357;0.806526;0.070385;,
  -0.041662;0.801780;0.077732;,
  -0.034157;0.806576;0.067748;,
  -0.044481;0.801831;0.073579;,
  -0.035383;0.805436;0.070478;,
  -0.034698;0.803511;0.069989;,
  0.014971;0.735611;-0.022288;,
  0.020107;0.738057;-0.019085;,
  0.010525;0.747196;-0.017358;,
  0.020167;0.743053;-0.018174;,
  0.010021;0.750806;-0.014734;,
  0.020107;0.738057;-0.019085;,
  0.013931;0.735755;-0.024677;,
  0.022114;0.739652;-0.019575;,
  0.006545;0.748829;-0.017874;,
  0.011392;0.738875;-0.023646;,
  0.022114;0.739652;-0.019575;,
  0.015938;0.737350;-0.025167;,
  0.013931;0.735755;-0.024677;,
  0.013657;0.740697;-0.024260;,
  0.011232;0.748466;-0.019461;,
  0.019028;0.743254;-0.020911;,
  0.014971;0.735611;-0.022288;,
  0.021074;0.739796;-0.021964;,
  0.010727;0.752077;-0.016837;,
  0.021074;0.739796;-0.021964;,
  0.007252;0.750099;-0.019978;,
  0.015938;0.737350;-0.025167;,
  0.011232;0.748466;-0.019461;,
  0.010525;0.747196;-0.017358;,
  0.026759;0.745959;-0.014352;,
  0.030943;0.749528;-0.010833;,
  0.019346;0.756054;-0.009726;,
  0.029735;0.754377;-0.009926;,
  0.017619;0.758829;-0.007078;,
  0.030943;0.749528;-0.010833;,
  0.025865;0.745882;-0.016802;,
  0.032530;0.751567;-0.011196;,
  0.014800;0.756354;-0.010528;,
  0.022588;0.748280;-0.015937;,
  0.032530;0.751567;-0.011196;,
  0.027452;0.747921;-0.017166;,
  0.025865;0.745882;-0.016802;,
  0.024378;0.750604;-0.016409;,
  0.019853;0.757488;-0.011782;,
  0.028752;0.754336;-0.012730;,
  0.026759;0.745959;-0.014352;,
  0.031636;0.751490;-0.013647;,
  0.018125;0.760263;-0.009134;,
  0.031636;0.751490;-0.013647;,
  0.015306;0.757787;-0.012584;,
  0.027452;0.747921;-0.017166;,
  0.019853;0.757488;-0.011782;,
  0.019346;0.756054;-0.009726;,
  0.035165;0.757269;-0.006134;,
  0.038932;0.760862;-0.002194;,
  0.026713;0.765531;-0.001251;,
  0.037357;0.765551;-0.001044;,
  0.025060;0.769672;0.001611;,
  0.038932;0.760862;-0.002194;,
  0.034389;0.757296;-0.008625;,
  0.040392;0.763020;-0.002349;,
  0.021366;0.766150;-0.002252;,
  0.030921;0.759414;-0.007774;,
  0.040392;0.763020;-0.002349;,
  0.035849;0.759454;-0.008780;,
  0.034389;0.757296;-0.008625;,
  0.032567;0.761876;-0.008008;,
  0.027521;0.767603;-0.003185;,
  0.036507;0.765632;-0.003889;,
  0.035165;0.757269;-0.006134;,
  0.039616;0.763047;-0.004841;,
  0.025560;0.771269;-0.000323;,
  0.039616;0.763047;-0.004841;,
  0.021866;0.767746;-0.004186;,
  0.035849;0.759454;-0.008780;,
  0.027521;0.767603;-0.003185;,
  0.026713;0.765531;-0.001251;,
  0.042785;0.770181;0.004726;,
  0.045866;0.774260;0.008788;,
  0.033011;0.777723;0.009811;,
  0.043499;0.778570;0.010057;,
  0.029963;0.780242;0.012770;,
  0.045866;0.774260;0.008788;,
  0.042021;0.770144;0.002231;,
  0.046929;0.776642;0.008702;,
  0.028060;0.777322;0.008788;,
  0.038236;0.771602;0.003119;,
  0.046929;0.776642;0.008702;,
  0.043083;0.772526;0.002145;,
  0.042021;0.770144;0.002231;,
  0.039430;0.774318;0.002963;,
  0.033228;0.779147;0.007925;,
  0.042652;0.778583;0.007210;,
  0.042785;0.770181;0.004726;,
  0.046164;0.776604;0.006207;,
  0.030180;0.781955;0.010885;,
  0.046164;0.776604;0.006207;,
  0.028277;0.779035;0.006903;,
  0.043083;0.772526;0.002145;,
  0.033228;0.779147;0.007925;,
  0.033011;0.777723;0.009811;,
  0.047860;0.783486;0.015809;,
  0.050502;0.787034;0.019714;,
  0.038738;0.789325;0.021130;,
  0.048154;0.790678;0.021223;,
  0.036105;0.791387;0.023846;,
  0.050502;0.787034;0.019714;,
  0.047115;0.783591;0.013573;,
  0.051324;0.789243;0.019795;,
  0.033849;0.787908;0.021478;,
  0.043640;0.784617;0.014551;,
  0.051324;0.789243;0.019795;,
  0.047937;0.785801;0.013654;,
  0.047115;0.783591;0.013573;,
  0.044561;0.787140;0.014592;,
  0.038794;0.790371;0.019556;,
  0.047323;0.790849;0.018675;,
  0.047860;0.783486;0.015809;,
  0.050579;0.789348;0.017560;,
  0.036161;0.793077;0.022272;,
  0.050579;0.789348;0.017560;,
  0.033905;0.789599;0.019903;,
  0.047937;0.785801;0.013654;,
  0.038794;0.790371;0.019556;,
  0.038738;0.789325;0.021130;,
  0.050985;0.793459;0.028656;,
  0.052943;0.795921;0.033297;,
  0.041687;0.798098;0.033503;,
  0.050530;0.799077;0.035095;,
  0.038734;0.799386;0.036667;,
  0.052943;0.795921;0.033297;,
  0.050585;0.794014;0.026522;,
  0.053705;0.797935;0.033916;,
  0.037514;0.796973;0.032402;,
  0.047185;0.794872;0.027167;,
  0.053705;0.797935;0.033916;,
  0.051346;0.796029;0.027141;,
  0.050585;0.794014;0.026522;,
  0.048044;0.797183;0.027823;,
  0.041951;0.799492;0.032396;,
  0.050092;0.799757;0.032675;,
  0.050985;0.793459;0.028656;,
  0.053305;0.798490;0.031782;,
  0.038998;0.801264;0.035560;,
  0.053305;0.798490;0.031782;,
  0.037778;0.798850;0.031295;,
  0.051346;0.796029;0.027141;,
  0.041951;0.799492;0.032396;,
  0.041687;0.798098;0.033503;,
  0.052330;0.799385;0.043997;,
  0.052448;0.800088;0.049703;,
  0.041371;0.802672;0.046713;,
  0.049277;0.802644;0.051553;,
  0.038324;0.803729;0.048776;,
  0.052448;0.800088;0.049703;,
  0.052637;0.800667;0.042115;,
  0.052824;0.801787;0.051204;,
  0.038198;0.803040;0.044577;,
  0.049077;0.801443;0.041806;,
  0.052824;0.801787;0.051204;,
  0.053013;0.802366;0.043616;,
  0.052637;0.800667;0.042115;,
  0.049513;0.803411;0.043475;,
  0.041870;0.804850;0.046434;,
  0.049636;0.804146;0.049440;,
  0.052330;0.799385;0.043997;,
  0.053131;0.803069;0.049322;,
  0.038822;0.805908;0.048568;,
  0.053131;0.803069;0.049322;,
  0.038697;0.805218;0.044368;,
  0.053013;0.802366;0.043616;,
  0.041870;0.804850;0.046434;,
  0.041371;0.802672;0.046713;,
  0.048019;0.800411;0.059353;,
  0.046934;0.800667;0.064247;,
  0.038365;0.803892;0.059601;,
  0.044024;0.803084;0.065340;,
  0.035378;0.804854;0.060844;,
  0.046934;0.800667;0.064247;,
  0.048778;0.801704;0.057927;,
  0.047048;0.802113;0.065723;,
  0.036181;0.804603;0.057138;,
  0.045879;0.802646;0.056981;,
  0.047048;0.802113;0.065723;,
  0.048893;0.803150;0.059404;,
  0.048778;0.801704;0.057927;,
  0.046027;0.804325;0.058632;,
  0.039003;0.805893;0.059638;,
  0.044892;0.804593;0.063748;,
  0.048019;0.800411;0.059353;,
  0.047807;0.803406;0.064297;,
  0.036010;0.806855;0.060905;,
  0.047807;0.803406;0.064297;,
  0.036813;0.806604;0.057200;,
  0.048893;0.803150;0.059404;,
  0.039003;0.805893;0.059638;,
  0.038365;0.803892;0.059601;,
  0.043543;0.799197;0.072910;,
  0.040724;0.799146;0.077063;,
  0.034698;0.803511;0.069989;,
  0.037752;0.801719;0.077275;,
  0.031667;0.804601;0.069903;,
  0.040724;0.799146;0.077063;,
  0.044357;0.800362;0.072537;,
  0.040357;0.800448;0.078628;,
  0.033467;0.804652;0.067266;,
  0.042568;0.801807;0.070181;,
  0.043543;0.799197;0.072910;,
  0.040357;0.800448;0.078628;,
  0.042568;0.801807;0.070181;,
  0.044481;0.801831;0.073579;,
  0.044357;0.800362;0.072537;,
  0.042179;0.803323;0.071947;,
  0.035383;0.805436;0.070478;,
  0.039232;0.803269;0.076288;,
  0.043543;0.799197;0.072910;,
  0.041662;0.801780;0.077732;,
  0.032357;0.806526;0.070385;,
  0.041662;0.801780;0.077732;,
  0.034157;0.806576;0.067748;,
  0.033467;0.804652;0.067266;,
  0.044481;0.801831;0.073579;,
  0.035383;0.805436;0.070478;,
  0.034698;0.803511;0.069989;,
  0.007004;0.790171;0.087430;,
  0.010492;0.790017;0.086631;,
  -0.007926;0.790275;0.087574;,
  -0.003975;0.790577;0.088259;;
  634;
  3;0,1,2;,
  3;1,0,3;,
  3;0,4,5;,
  3;4,0,2;,
  3;6,4,7;,
  3;4,6,5;,
  3;6,8,9;,
  3;8,6,7;,
  3;10,8,11;,
  3;8,10,9;,
  3;12,13,14;,
  3;12,15,16;,
  3;15,12,14;,
  3;0,15,3;,
  3;15,0,16;,
  3;17,18,19;,
  3;18,17,20;,
  3;21,22,23;,
  3;22,21,24;,
  3;17,22,20;,
  3;22,17,23;,
  3;21,25,24;,
  3;25,21,26;,
  3;12,27,13;,
  3;12,28,27;,
  3;28,12,29;,
  3;17,28,29;,
  3;28,17,19;,
  3;21,30,26;,
  3;30,21,31;,
  3;32,30,31;,
  3;30,32,33;,
  3;32,34,33;,
  3;34,32,35;,
  3;36,34,35;,
  3;34,36,37;,
  3;36,38,37;,
  3;38,36,39;,
  3;40,38,39;,
  3;38,40,41;,
  3;40,42,41;,
  3;42,40,43;,
  3;44,42,43;,
  3;42,44,45;,
  3;44,46,45;,
  3;46,44,47;,
  3;48,46,47;,
  3;46,48,49;,
  3;48,50,49;,
  3;50,48,51;,
  3;52,50,51;,
  3;50,52,53;,
  3;52,54,53;,
  3;54,52,55;,
  3;56,54,55;,
  3;54,56,57;,
  3;56,58,57;,
  3;58,56,59;,
  3;60,58,59;,
  3;58,60,61;,
  3;60,62,61;,
  3;62,60,63;,
  3;64,62,63;,
  3;62,64,65;,
  3;64,66,65;,
  3;66,64,67;,
  3;68,66,67;,
  3;66,68,69;,
  3;68,70,69;,
  3;70,68,71;,
  3;72,70,71;,
  3;70,72,73;,
  3;72,74,73;,
  3;74,72,75;,
  3;10,74,75;,
  3;74,10,11;,
  3;76,77,78;,
  3;79,80,81;,
  3;82,83,84;,
  3;85,78,86;,
  3;78,77,87;,
  3;83,88,89;,
  3;88,83,90;,
  3;78,91,86;,
  3;91,92,93;,
  3;92,91,94;,
  3;88,95,96;,
  3;89,87,77;,
  3;87,89,97;,
  3;77,76,84;,
  3;98,93,88;,
  3;97,93,92;,
  3;93,97,89;,
  3;99,100,101;,
  3;100,99,102;,
  3;91,93,103;,
  3;104,94,87;,
  3;82,105,90;,
  3;95,76,106;,
  3;95,84,76;,
  3;84,95,105;,
  3;89,88,93;,
  3;83,77,84;,
  3;77,83,89;,
  3;90,83,82;,
  3;92,94,104;,
  3;87,97,104;,
  3;97,92,104;,
  3;91,87,94;,
  3;87,91,78;,
  3;95,90,105;,
  3;90,95,88;,
  3;84,105,82;,
  3;107,108,109;,
  3;108,107,110;,
  3;111,112,113;,
  3;93,98,103;,
  3;98,88,96;,
  3;76,85,106;,
  3;85,76,78;,
  3;81,107,79;,
  3;107,81,110;,
  3;100,112,111;,
  3;112,100,102;,
  3;109,108,114;,
  3;99,101,115;,
  3;116,117,118;,
  3;118,119,120;,
  3;121,122,123;,
  3;124,116,125;,
  3;118,120,126;,
  3;125,127,128;,
  3;127,125,129;,
  3;128,130,131;,
  3;121,123,132;,
  3;130,127,133;,
  3;127,130,128;,
  3;134,120,119;,
  3;120,134,130;,
  3;123,122,135;,
  3;125,136,124;,
  3;136,125,128;,
  3;120,133,126;,
  3;133,120,130;,
  3;116,129,125;,
  3;123,135,137;,
  3;124,138,139;,
  3;138,124,136;,
  3;119,138,134;,
  3;138,119,139;,
  3;128,131,136;,
  3;131,130,134;,
  3;118,117,119;,
  3;117,116,124;,
  3;140,141,142;,
  3;142,143,144;,
  3;145,146,147;,
  3;148,140,149;,
  3;142,144,150;,
  3;149,151,152;,
  3;151,149,153;,
  3;152,154,155;,
  3;145,147,156;,
  3;154,151,157;,
  3;151,154,152;,
  3;158,144,143;,
  3;144,158,154;,
  3;147,146,159;,
  3;149,160,148;,
  3;160,149,152;,
  3;144,157,150;,
  3;157,144,154;,
  3;140,153,149;,
  3;147,159,161;,
  3;148,162,163;,
  3;162,148,160;,
  3;143,162,158;,
  3;162,143,163;,
  3;152,155,160;,
  3;155,154,158;,
  3;142,141,143;,
  3;141,140,148;,
  3;164,165,166;,
  3;166,167,168;,
  3;169,170,171;,
  3;172,164,173;,
  3;166,168,174;,
  3;173,175,176;,
  3;175,173,177;,
  3;176,178,179;,
  3;169,171,180;,
  3;178,175,181;,
  3;175,178,176;,
  3;182,168,167;,
  3;168,182,178;,
  3;171,170,183;,
  3;173,184,172;,
  3;184,173,176;,
  3;168,181,174;,
  3;181,168,178;,
  3;164,177,173;,
  3;171,183,185;,
  3;172,186,187;,
  3;186,172,184;,
  3;167,186,182;,
  3;186,167,187;,
  3;176,179,184;,
  3;179,178,182;,
  3;166,165,167;,
  3;165,164,172;,
  3;188,189,190;,
  3;190,191,192;,
  3;193,194,195;,
  3;196,188,197;,
  3;190,192,198;,
  3;197,199,200;,
  3;199,197,201;,
  3;200,202,203;,
  3;193,195,204;,
  3;202,199,205;,
  3;199,202,200;,
  3;206,192,191;,
  3;192,206,202;,
  3;195,194,207;,
  3;197,208,196;,
  3;208,197,200;,
  3;192,205,198;,
  3;205,192,202;,
  3;188,201,197;,
  3;195,207,209;,
  3;196,210,211;,
  3;210,196,208;,
  3;191,210,206;,
  3;210,191,211;,
  3;200,203,208;,
  3;203,202,206;,
  3;190,189,191;,
  3;189,188,196;,
  3;212,213,214;,
  3;215,216,217;,
  3;218,219,220;,
  3;221,222,223;,
  3;215,217,224;,
  3;223,225,226;,
  3;225,223,227;,
  3;226,228,229;,
  3;218,220,230;,
  3;228,225,231;,
  3;225,228,226;,
  3;232,217,216;,
  3;217,232,228;,
  3;220,219,233;,
  3;223,234,221;,
  3;234,223,226;,
  3;217,231,224;,
  3;231,217,228;,
  3;222,227,223;,
  3;220,233,235;,
  3;221,236,237;,
  3;236,221,234;,
  3;216,236,232;,
  3;236,216,237;,
  3;226,229,234;,
  3;229,228,232;,
  3;215,238,216;,
  3;238,222,221;,
  3;239,240,241;,
  3;242,243,244;,
  3;245,246,247;,
  3;248,249,250;,
  3;242,244,251;,
  3;250,252,253;,
  3;252,250,254;,
  3;253,255,256;,
  3;245,247,257;,
  3;255,252,258;,
  3;252,255,253;,
  3;259,244,243;,
  3;244,259,255;,
  3;247,246,260;,
  3;250,261,248;,
  3;261,250,253;,
  3;244,258,251;,
  3;258,244,255;,
  3;249,254,250;,
  3;247,260,262;,
  3;248,263,264;,
  3;263,248,261;,
  3;243,263,259;,
  3;263,243,264;,
  3;253,256,261;,
  3;256,255,259;,
  3;242,265,243;,
  3;265,249,248;,
  3;266,267,268;,
  3;268,269,270;,
  3;271,272,273;,
  3;274,266,275;,
  3;268,270,276;,
  3;275,277,278;,
  3;277,275,279;,
  3;278,280,281;,
  3;271,273,282;,
  3;280,277,283;,
  3;277,280,278;,
  3;284,270,269;,
  3;270,284,280;,
  3;273,272,285;,
  3;275,286,274;,
  3;286,275,278;,
  3;270,283,276;,
  3;283,270,280;,
  3;266,279,275;,
  3;273,285,287;,
  3;274,288,289;,
  3;288,274,286;,
  3;269,288,284;,
  3;288,269,289;,
  3;278,281,286;,
  3;281,280,284;,
  3;268,267,269;,
  3;267,266,274;,
  3;290,291,292;,
  3;292,293,294;,
  3;295,296,297;,
  3;298,290,299;,
  3;292,294,300;,
  3;299,301,302;,
  3;301,299,303;,
  3;302,304,305;,
  3;295,297,306;,
  3;304,301,307;,
  3;301,304,302;,
  3;308,294,293;,
  3;294,308,304;,
  3;297,296,309;,
  3;299,310,298;,
  3;310,299,302;,
  3;294,307,300;,
  3;307,294,304;,
  3;290,303,299;,
  3;297,309,311;,
  3;298,312,313;,
  3;312,298,310;,
  3;293,312,308;,
  3;312,293,313;,
  3;302,305,310;,
  3;305,304,308;,
  3;292,291,293;,
  3;291,290,298;,
  3;314,315,316;,
  3;316,317,318;,
  3;319,320,321;,
  3;322,314,323;,
  3;316,318,324;,
  3;323,325,326;,
  3;325,323,327;,
  3;326,328,329;,
  3;319,321,330;,
  3;328,325,331;,
  3;325,328,326;,
  3;332,318,317;,
  3;318,332,328;,
  3;321,320,333;,
  3;323,334,322;,
  3;334,323,326;,
  3;318,331,324;,
  3;331,318,328;,
  3;314,327,323;,
  3;321,333,335;,
  3;322,336,337;,
  3;336,322,334;,
  3;317,336,332;,
  3;336,317,337;,
  3;326,329,334;,
  3;329,328,332;,
  3;316,315,317;,
  3;315,314,322;,
  3;338,339,340;,
  3;339,341,342;,
  3;343,344,345;,
  3;346,347,338;,
  3;339,348,341;,
  3;347,349,350;,
  3;349,347,351;,
  3;351,352,353;,
  3;343,354,344;,
  3;353,349,351;,
  3;349,353,355;,
  3;356,341,353;,
  3;341,356,342;,
  3;344,357,345;,
  3;347,358,351;,
  3;358,347,346;,
  3;341,355,353;,
  3;355,341,348;,
  3;338,347,350;,
  3;344,359,357;,
  3;346,360,358;,
  3;360,346,361;,
  3;342,360,361;,
  3;360,342,356;,
  3;351,358,352;,
  3;352,356,353;,
  3;339,342,340;,
  3;340,346,338;,
  3;362,363,364;,
  3;363,365,366;,
  3;367,368,369;,
  3;370,371,362;,
  3;363,372,365;,
  3;371,373,374;,
  3;373,371,375;,
  3;375,376,377;,
  3;367,378,368;,
  3;377,373,375;,
  3;373,377,379;,
  3;380,365,377;,
  3;365,380,366;,
  3;368,381,369;,
  3;371,382,375;,
  3;382,371,370;,
  3;365,379,377;,
  3;379,365,372;,
  3;362,371,374;,
  3;368,383,381;,
  3;370,384,382;,
  3;384,370,385;,
  3;366,384,385;,
  3;384,366,380;,
  3;375,382,376;,
  3;376,380,377;,
  3;363,366,364;,
  3;364,370,362;,
  3;386,387,388;,
  3;387,389,390;,
  3;391,392,393;,
  3;394,395,386;,
  3;387,396,389;,
  3;395,397,398;,
  3;397,395,399;,
  3;399,400,401;,
  3;391,402,392;,
  3;401,397,399;,
  3;397,401,403;,
  3;404,389,401;,
  3;389,404,390;,
  3;392,405,393;,
  3;395,406,399;,
  3;406,395,394;,
  3;389,403,401;,
  3;403,389,396;,
  3;386,395,398;,
  3;392,407,405;,
  3;394,408,406;,
  3;408,394,409;,
  3;390,408,409;,
  3;408,390,404;,
  3;399,406,400;,
  3;400,404,401;,
  3;387,390,388;,
  3;388,394,386;,
  3;410,411,412;,
  3;411,413,414;,
  3;415,416,417;,
  3;418,419,410;,
  3;411,420,413;,
  3;419,421,422;,
  3;421,419,423;,
  3;423,424,425;,
  3;415,426,416;,
  3;425,421,423;,
  3;421,425,427;,
  3;428,413,425;,
  3;413,428,414;,
  3;416,429,417;,
  3;419,430,423;,
  3;430,419,418;,
  3;413,427,425;,
  3;427,413,420;,
  3;410,419,422;,
  3;416,431,429;,
  3;418,432,430;,
  3;432,418,433;,
  3;414,432,433;,
  3;432,414,428;,
  3;423,430,424;,
  3;424,428,425;,
  3;411,414,412;,
  3;412,418,410;,
  3;434,435,436;,
  3;435,437,438;,
  3;439,440,441;,
  3;442,443,434;,
  3;435,444,437;,
  3;443,445,446;,
  3;445,443,447;,
  3;447,448,449;,
  3;439,450,440;,
  3;449,445,447;,
  3;445,449,451;,
  3;452,437,449;,
  3;437,452,438;,
  3;440,453,441;,
  3;443,454,447;,
  3;454,443,442;,
  3;437,451,449;,
  3;451,437,444;,
  3;434,443,446;,
  3;440,455,453;,
  3;442,456,454;,
  3;456,442,457;,
  3;438,456,457;,
  3;456,438,452;,
  3;447,454,448;,
  3;448,452,449;,
  3;435,438,436;,
  3;436,442,434;,
  3;458,459,460;,
  3;459,461,462;,
  3;463,464,465;,
  3;466,467,458;,
  3;459,468,461;,
  3;467,469,470;,
  3;469,467,471;,
  3;471,472,473;,
  3;463,474,464;,
  3;473,469,471;,
  3;469,473,475;,
  3;476,461,473;,
  3;461,476,462;,
  3;464,477,465;,
  3;467,478,471;,
  3;478,467,466;,
  3;461,475,473;,
  3;475,461,468;,
  3;458,467,470;,
  3;464,479,477;,
  3;466,480,478;,
  3;480,466,481;,
  3;462,480,481;,
  3;480,462,476;,
  3;471,478,472;,
  3;472,476,473;,
  3;459,462,460;,
  3;460,466,458;,
  3;482,483,484;,
  3;483,485,486;,
  3;487,488,489;,
  3;490,491,482;,
  3;483,492,485;,
  3;491,493,494;,
  3;493,491,495;,
  3;495,496,497;,
  3;487,498,488;,
  3;497,493,495;,
  3;493,497,499;,
  3;500,485,497;,
  3;485,500,486;,
  3;488,501,489;,
  3;491,502,495;,
  3;502,491,490;,
  3;485,499,497;,
  3;499,485,492;,
  3;482,491,494;,
  3;488,503,501;,
  3;490,504,502;,
  3;504,490,505;,
  3;486,504,505;,
  3;504,486,500;,
  3;495,502,496;,
  3;496,500,497;,
  3;483,486,484;,
  3;484,490,482;,
  3;506,507,508;,
  3;507,509,510;,
  3;511,512,513;,
  3;514,515,506;,
  3;507,516,509;,
  3;515,517,518;,
  3;517,515,519;,
  3;519,520,521;,
  3;511,522,512;,
  3;521,517,519;,
  3;517,521,523;,
  3;524,509,521;,
  3;509,524,510;,
  3;512,525,513;,
  3;515,526,519;,
  3;526,515,514;,
  3;509,523,521;,
  3;523,509,516;,
  3;506,515,518;,
  3;512,527,525;,
  3;514,528,526;,
  3;528,514,529;,
  3;510,528,529;,
  3;528,510,524;,
  3;519,526,520;,
  3;520,524,521;,
  3;507,510,508;,
  3;508,514,506;,
  3;530,531,532;,
  3;531,533,534;,
  3;535,536,537;,
  3;538,539,540;,
  3;531,541,533;,
