xof 0303txt 0032
template ColorRGBA {
 <35ff44e0-6c7c-11cf-8f52-0040333594a3>
 FLOAT red;
 FLOAT green;
 FLOAT blue;
 FLOAT alpha;
}

template ColorRGB {
 <d3e16e81-7835-11cf-8f52-0040333594a3>
 FLOAT red;
 FLOAT green;
 FLOAT blue;
}

template Material {
 <3d82ab4d-62da-11cf-ab39-0020af71e433>
 ColorRGBA faceColor;
 FLOAT power;
 ColorRGB specularColor;
 ColorRGB emissiveColor;
 [...]
}

template TextureFilename {
 <a42790e1-7810-11cf-8f52-0040333594a3>
 STRING filename;
}

template Frame {
 <3d82ab46-62da-11cf-ab39-0020af71e433>
 [...]
}

template Matrix4x4 {
 <f6f23f45-7686-11cf-8f52-0040333594a3>
 array FLOAT matrix[16];
}

template FrameTransformMatrix {
 <f6f23f41-7686-11cf-8f52-0040333594a3>
 Matrix4x4 frameMatrix;
}

template Vector {
 <3d82ab5e-62da-11cf-ab39-0020af71e433>
 FLOAT x;
 FLOAT y;
 FLOAT z;
}

template MeshFace {
 <3d82ab5f-62da-11cf-ab39-0020af71e433>
 DWORD nFaceVertexIndices;
 array DWORD faceVertexIndices[nFaceVertexIndices];
}

template Mesh {
 <3d82ab44-62da-11cf-ab39-0020af71e433>
 DWORD nVertices;
 array Vector vertices[nVertices];
 DWORD nFaces;
 array MeshFace faces[nFaces];
 [...]
}

template MeshNormals {
 <f6f23f43-7686-11cf-8f52-0040333594a3>
 DWORD nNormals;
 array Vector normals[nNormals];
 DWORD nFaceNormals;
 array MeshFace faceNormals[nFaceNormals];
}

template MeshMaterialList {
 <f6f23f42-7686-11cf-8f52-0040333594a3>
 DWORD nMaterials;
 DWORD nFaceIndexes;
 array DWORD faceIndexes[nFaceIndexes];
 [Material <3d82ab4d-62da-11cf-ab39-0020af71e433>]
}

template Coords2d {
 <f6f23f44-7686-11cf-8f52-0040333594a3>
 FLOAT u;
 FLOAT v;
}

template MeshTextureCoords {
 <f6f23f40-7686-11cf-8f52-0040333594a3>
 DWORD nTextureCoords;
 array Coords2d textureCoords[nTextureCoords];
}

template XSkinMeshHeader {
 <3cf169ce-ff7c-44ab-93c0-f78f62d172e2>
 WORD nMaxSkinWeightsPerVertex;
 WORD nMaxSkinWeightsPerFace;
 WORD nBones;
}

template SkinWeights {
 <6f0d123b-bad2-4167-a0d0-80224f25fabb>
 STRING transformNodeName;
 DWORD nWeights;
 array DWORD vertexIndices[nWeights];
 array FLOAT weights[nWeights];
 Matrix4x4 matrixOffset;
}

template AnimTicksPerSecond {
 <9e415a43-7ba6-4a73-8743-b73d47e88476>
 DWORD AnimTicksPerSecond;
}

template Animation {
 <3d82ab4f-62da-11cf-ab39-0020af71e433>
 [...]
}

template AnimationSet {
 <3d82ab50-62da-11cf-ab39-0020af71e433>
 [Animation <3d82ab4f-62da-11cf-ab39-0020af71e433>]
}

template FloatKeys {
 <10dd46a9-775b-11cf-8f52-0040333594a3>
 DWORD nValues;
 array FLOAT values[nValues];
}

template TimedFloatKeys {
 <f406b180-7b3b-11cf-8f52-0040333594a3>
 DWORD time;
 FloatKeys tfkeys;
}

template AnimationKey {
 <10dd46a8-775b-11cf-8f52-0040333594a3>
 DWORD keyType;
 DWORD nKeys;
 array TimedFloatKeys keys[nKeys];
}


Material _09_-_Default {
 1.000000;1.000000;1.000000;1.000000;;
 100.000000;
 0.200000;0.200000;0.200000;;
 0.000000;0.000000;0.000000;;

 TextureFilename {
  "ClothSatchel.png";
 }
}

Frame Dummy01 {
 

 FrameTransformMatrix {
  1.000000,0.000000,0.000000,0.000000,0.000000,-0.000000,-1.000000,0.000000,0.000000,1.000000,-0.000000,0.000000,0.000000,0.000000,0.000000,1.000000;;
 }

 Frame Bip01 {
  

  FrameTransformMatrix {
   -0.087155,0.982405,-0.165183,0.000000,-0.000001,0.165814,0.986157,0.000000,0.996195,0.085949,-0.014450,0.000000,-0.010000,-0.012284,0.490453,1.000000;;
  }

  Frame Bip01_Pelvis {
   

   FrameTransformMatrix {
    0.000000,1.000000,-0.000001,0.000000,-0.000001,0.000001,1.000000,0.000000,1.000000,0.000000,0.000001,0.000000,0.000000,0.000000,0.000000,1.000000;;
   }

   Frame Bip01_Spine {
    

    FrameTransformMatrix {
     0.984686,0.000002,-0.174337,0.000000,-0.000001,1.000000,0.000004,0.000000,0.174337,-0.000004,0.984686,0.000000,0.051619,0.000000,-0.000083,1.000000;;
    }

    Frame Bip01_Spine1 {
     

     FrameTransformMatrix {
      0.997819,0.052687,0.039774,0.000000,-0.044862,0.983198,-0.176942,0.000000,-0.048428,0.174771,0.983417,0.000000,0.106484,-0.000015,-0.000083,1.000000;;
     }

     Frame Bip01_Neck {
      

      FrameTransformMatrix {
       0.966067,-0.020835,0.257451,0.000000,0.025191,0.999590,-0.013632,0.000000,-0.257061,0.019655,0.966195,0.000000,0.130511,-0.000001,0.004626,1.000000;;
      }

      Frame Bip01_Head {
       

       FrameTransformMatrix {
        0.989321,-0.051753,-0.136255,0.000000,0.064251,0.993958,0.088989,0.000000,0.130826,-0.096793,0.986669,0.000000,0.033674,-0.000000,-0.000000,1.000000;;
       }
      }

      Frame Bip01_L_Clavicle {
       

       FrameTransformMatrix {
        -0.205975,0.976135,0.068811,0.000000,0.943873,0.216738,-0.249254,0.000000,-0.258220,0.013609,-0.965990,0.000000,-0.024734,0.015166,0.002017,1.000000;;
       }

       Frame Bip01_L_UpperArm {
        

        FrameTransformMatrix {
         0.385871,-0.777669,0.496320,0.000000,0.922466,0.332598,-0.196046,0.000000,-0.012616,0.533487,0.845714,0.000000,0.087086,-0.000000,0.000000,1.000000;;
        }

        Frame Bip01_L_Forearm {
         

         FrameTransformMatrix {
          0.943939,0.000000,-0.330119,0.000000,0.000000,1.000000,-0.000000,0.000000,0.330119,-0.000000,0.943939,0.000000,0.137062,-0.000000,0.000000,1.000000;;
         }

         Frame Bip01_L_Hand {
          

          FrameTransformMatrix {
           1.000000,-0.000000,0.000000,0.000000,0.000000,0.000796,1.000000,0.000000,0.000000,-1.000000,0.000796,0.000000,0.137062,0.000000,0.000000,1.000000;;
          }

          Frame Bip01_L_Finger0 {
           

           FrameTransformMatrix {
            0.690342,-0.181727,0.700288,0.000000,0.558537,0.749101,-0.356210,0.000000,-0.459853,0.637043,0.618637,0.000000,0.057681,-0.023605,-0.000272,1.000000;;
           }
          }

          Frame Bip01_L_Finger1 {
           

           FrameTransformMatrix {
            0.728079,-0.000546,0.685493,0.000000,0.000000,1.000000,0.000796,0.000000,-0.685493,-0.000580,0.728079,0.000000,0.084102,0.000000,0.000000,1.000000;;
           }
          }
         }
        }
       }
      }

      Frame Bip01_R_Clavicle {
       

       FrameTransformMatrix {
        -0.028509,-0.999573,-0.006461,0.000000,-0.965665,0.025871,0.258498,0.000000,-0.258220,0.013609,-0.965990,0.000000,-0.024080,-0.016250,0.001399,1.000000;;
       }

       Frame Bip01_R_UpperArm {
        

        FrameTransformMatrix {
         0.221390,0.975047,0.016433,0.000000,-0.974986,0.221654,-0.016512,0.000000,-0.019742,-0.012366,0.999729,0.000000,0.087086,0.000000,0.000000,1.000000;;
        }

        Frame Bip01_R_Forearm {
         

         FrameTransformMatrix {
          0.915660,-0.000000,-0.401954,0.000000,-0.000000,1.000000,-0.000000,0.000000,0.401954,-0.000000,0.915660,0.000000,0.137062,0.000000,-0.000000,1.000000;;
         }

         Frame Bip01_R_Hand {
          

          FrameTransformMatrix {
           0.975195,-0.000000,-0.221346,0.000000,-0.221346,0.000796,-0.975195,0.000000,0.000176,1.000000,0.000777,0.000000,0.137062,0.000000,0.000000,1.000000;;
          }

          Frame Bip01_R_Finger0 {
           

           FrameTransformMatrix {
            0.417774,-0.116941,0.900994,0.000000,-0.558537,0.749101,0.356210,0.000000,-0.716591,-0.652054,0.247639,0.000000,0.057681,0.023605,-0.000272,1.000000;;
           }
          }

          Frame Bip01_R_Finger1 {
           

           FrameTransformMatrix {
            0.352436,0.000745,0.935835,0.000000,-0.000000,1.000000,-0.000796,0.000000,-0.935836,0.000281,0.352436,0.000000,0.084102,0.000000,0.000000,1.000000;;
           }
          }
         }
        }
       }
      }
     }

     Frame Bip01_BackPack {
      

      FrameTransformMatrix {
       0.180560,0.080500,-0.980264,0.000000,0.047560,0.994764,0.090451,0.000000,0.982413,-0.062954,0.175786,0.000000,0.063697,0.000003,-0.088856,1.000000;;
      }
     }
    }

    Frame Bip01_L_Thigh {
     

     FrameTransformMatrix {
      -0.888504,0.030427,0.457858,0.000000,-0.032107,-0.999476,0.004114,0.000000,0.457744,-0.011045,0.889016,0.000000,-0.050843,0.055225,-0.008917,1.000000;;
     }

     Frame Bip01_L_Calf {
      

      FrameTransformMatrix {
       0.942235,-0.000000,-0.334952,0.000000,-0.000000,1.000000,-0.000000,0.000000,0.334952,0.000000,0.942235,0.000000,0.237500,0.000000,-0.000000,1.000000;;
      }

      Frame Bip01_L_Foot {
       

       FrameTransformMatrix {
        0.924325,-0.026487,0.380687,0.000000,-0.068962,0.969570,0.234901,0.000000,-0.375325,-0.243378,0.894371,0.000000,0.206841,-0.000000,0.000000,1.000000;;
       }

       Frame Bip01_L_Toe0 {
        

        FrameTransformMatrix {
         0.000000,0.000000,1.000000,0.000000,0.000000,1.000000,-0.000000,0.000000,-1.000000,0.000000,0.000000,0.000000,0.065373,0.000000,0.066450,1.000000;;
        }
       }
      }
     }
    }

    Frame Bip01_R_Thigh {
     

     FrameTransformMatrix {
      -0.996965,0.030321,-0.071704,0.000000,-0.029454,-0.999480,-0.013113,0.000000,-0.072065,-0.010961,0.997340,0.000000,-0.050843,-0.055225,-0.008917,1.000000;;
     }

     Frame Bip01_R_Calf {
      

      FrameTransformMatrix {
       0.730239,0.000000,-0.683192,0.000000,0.000000,1.000000,0.000000,0.000000,0.683192,-0.000000,0.730239,0.000000,0.237500,0.000000,0.000000,1.000000;;
      }

      Frame Bip01_R_Foot {
       

       FrameTransformMatrix {
        0.991957,0.087165,-0.091782,0.000000,-0.093276,0.993546,-0.064539,0.000000,0.085565,0.072581,0.993685,0.000000,0.206841,-0.000000,0.000000,1.000000;;
       }

       Frame Bip01_R_Toe0 {
        

        FrameTransformMatrix {
         0.000000,0.000000,1.000000,0.000000,0.000000,1.000000,-0.000000,0.000000,-1.000000,0.000000,0.000000,0.000000,0.065373,0.000000,0.066450,1.000000;;
        }
       }
      }
     }
    }
   }

   Frame Bip01_DressFront {
    

    FrameTransformMatrix {
     -0.880185,-0.088339,0.466338,0.000000,0.121847,0.907542,0.401896,0.000000,-0.458725,0.410564,-0.788041,0.000000,-0.043935,0.001339,0.061057,1.000000;;
    }

    Frame Bip01_DressFront02 {
     

     FrameTransformMatrix {
      0.912593,0.000001,0.408870,0.000000,-0.000001,1.000000,-0.000000,0.000000,-0.408870,-0.000000,0.912593,0.000000,0.183378,-0.000000,-0.000120,1.000000;;
     }
    }
   }

   Frame Bip01_DressBack {
    

    FrameTransformMatrix {
     -0.886023,0.038029,0.462080,0.000000,0.191625,0.937561,0.290274,0.000000,-0.422190,0.345735,-0.837988,0.000000,-0.047673,-0.000048,-0.078302,1.000000;;
    }

    Frame Bip01_DressBack02 {
     

     FrameTransformMatrix {
      0.936852,0.174932,-0.302833,0.000000,-0.166408,0.984581,0.053939,0.000000,0.307600,-0.000139,0.951516,0.000000,0.176125,0.000000,-0.000103,1.000000;;
     }
    }
   }
  }

  Frame Bip01_Prop1 {
   

   FrameTransformMatrix {
    -0.233929,-0.108090,0.966226,0.000000,0.687222,0.684611,0.242967,0.000000,-0.687752,0.720850,-0.085868,0.000000,0.108125,-0.048422,-0.137969,1.000000;;
   }
  }

  Frame Bip01_Prop2 {
   

   FrameTransformMatrix {
    -0.163643,-0.967062,0.194966,0.000000,0.985576,-0.168906,-0.010564,0.000000,0.043147,0.190425,0.980753,0.000000,-0.138405,-0.102098,0.114818,1.000000;;
   }
  }
 }
}

Frame Translation_Data {
 

 FrameTransformMatrix {
  1.000000,0.000000,0.000000,0.000000,0.000000,1.000000,0.000000,0.000000,0.000000,0.000000,1.000000,0.000000,0.000000,-0.000000,0.000000,1.000000;;
 }
}

Frame ClothSatchel_LHand {
 

 FrameTransformMatrix {
  1.000000,0.000000,0.000000,0.000000,0.000000,1.000000,0.000000,0.000000,0.000000,0.000000,1.000000,0.000000,0.000000,0.000000,0.000000,1.000000;;
 }

 Mesh ClothSatchel_LHand {
  432;
  0.495386;0.673414;0.111313;,
  0.489826;0.665755;0.119724;,
  0.489610;0.664538;0.113807;,
  0.489826;0.665755;0.119724;,
  0.495386;0.673414;0.111313;,
  0.495603;0.674630;0.117231;,
  0.486827;0.679928;0.101868;,
  0.459120;0.690565;0.080647;,
  0.483505;0.681347;0.107831;,
  0.462986;0.689040;0.076746;,
  0.483505;0.681347;0.107831;,
  0.454424;0.682625;0.082606;,
  0.478822;0.673146;0.110816;,
  0.459120;0.690565;0.080647;,
  0.478822;0.673146;0.110816;,
  0.458279;0.680778;0.077238;,
  0.482143;0.671728;0.104854;,
  0.454424;0.682625;0.082606;,
  0.486827;0.679928;0.101868;,
  0.458279;0.680778;0.077238;,
  0.462986;0.689040;0.076746;,
  0.482143;0.671728;0.104854;,
  0.432322;0.698420;0.068461;,
  0.438288;0.695604;0.067225;,
  0.427312;0.690807;0.070223;,
  0.432322;0.698420;0.068461;,
  0.427312;0.690807;0.070223;,
  0.433417;0.688223;0.068938;,
  0.433417;0.688223;0.068938;,
  0.438288;0.695604;0.067225;,
  0.435649;0.694938;0.037704;,
  0.429552;0.698439;0.036339;,
  0.424844;0.689285;0.038039;,
  0.429552;0.698439;0.036339;,
  0.424844;0.689285;0.038039;,
  0.431912;0.687024;0.039136;,
  0.435649;0.694938;0.037704;,
  0.431912;0.687024;0.039136;,
  0.448277;0.668363;0.008568;,
  0.443511;0.674953;0.008378;,
  0.433055;0.669408;0.008090;,
  0.443511;0.674953;0.008378;,
  0.437738;0.665147;0.008325;,
  0.433055;0.669408;0.008090;,
  0.448277;0.668363;0.008568;,
  0.437738;0.665147;0.008325;,
  0.441627;0.679974;0.001133;,
  0.442654;0.678815;-0.005510;,
  0.430379;0.674082;0.002554;,
  0.441627;0.679974;0.001133;,
  0.431445;0.672799;-0.004055;,
  0.430379;0.674082;0.002554;,
  0.442654;0.678815;-0.005510;,
  0.431445;0.672799;-0.004055;,
  0.487099;0.640664;-0.033909;,
  0.493677;0.651057;-0.028701;,
  0.487781;0.641814;-0.026259;,
  0.493677;0.651057;-0.028701;,
  0.487099;0.640664;-0.033909;,
  0.492975;0.649763;-0.036323;,
  0.440615;0.701118;0.075391;,
  0.436069;0.704698;0.084386;,
  0.440528;0.701471;0.093298;,
  0.433449;0.705451;0.073347;,
  0.429450;0.692465;0.086891;,
  0.433449;0.705451;0.073347;,
  0.427248;0.694987;0.071963;,
  0.436069;0.704698;0.084386;,
  0.434413;0.690654;0.074007;,
  0.429450;0.692465;0.086891;,
  0.427248;0.694987;0.071963;,
  0.434044;0.688948;0.092378;,
  0.440528;0.701471;0.093298;,
  0.434413;0.690654;0.074007;,
  0.440615;0.701118;0.075391;,
  0.434044;0.688948;0.092378;,
  0.423760;0.712437;0.084865;,
  0.431832;0.707232;0.083988;,
  0.422741;0.695749;0.085121;,
  0.431832;0.707232;0.083988;,
  0.422741;0.695749;0.085121;,
  0.414807;0.701524;0.085964;,
  0.423760;0.712437;0.084865;,
  0.414807;0.701524;0.085964;,
  0.428576;0.710263;0.048021;,
  0.436617;0.703425;0.047962;,
  0.425819;0.692514;0.050164;,
  0.436617;0.703425;0.047962;,
  0.419458;0.698428;0.050331;,
  0.425819;0.692514;0.050164;,
  0.428576;0.710263;0.048021;,
  0.419458;0.698428;0.050331;,
  0.435568;0.698136;0.021943;,
  0.427867;0.702051;0.018766;,
  0.427728;0.687532;0.020172;,
  0.435568;0.698136;0.021943;,
  0.420027;0.691447;0.016995;,
  0.427728;0.687532;0.020172;,
  0.427867;0.702051;0.018766;,
  0.420027;0.691447;0.016995;,
  0.428460;0.694475;0.001551;,
  0.430460;0.690508;0.008302;,
  0.423154;0.685018;0.006502;,
  0.430460;0.690508;0.008302;,
  0.419921;0.687920;-0.000216;,
  0.423154;0.685018;0.006502;,
  0.428460;0.694475;0.001551;,
  0.419921;0.687920;-0.000216;,
  0.489610;0.664538;0.113807;,
  0.495386;0.673414;0.111313;,
  0.489826;0.665755;0.119724;,
  0.489610;0.664538;0.113807;,
  0.495603;0.674630;0.117231;,
  0.489826;0.665755;0.119724;,
  0.495386;0.673414;0.111313;,
  0.495603;0.674630;0.117231;,
  0.428582;0.681324;0.012263;,
  0.436079;0.678827;0.015707;,
  0.441789;0.691202;0.012956;,
  0.436079;0.678827;0.015707;,
  0.441789;0.691202;0.012956;,
  0.434291;0.693698;0.009512;,
  0.428582;0.681324;0.012263;,
  0.434291;0.693698;0.009512;,
  0.467252;0.656427;-0.001351;,
  0.463146;0.658035;-0.008775;,
  0.472285;0.667516;-0.003330;,
  0.467252;0.656427;-0.001351;,
  0.467755;0.668423;-0.010608;,
  0.472285;0.667516;-0.003330;,
  0.463146;0.658035;-0.008775;,
  0.467755;0.668423;-0.010608;,
  0.487781;0.641814;-0.026259;,
  0.487099;0.640664;-0.033909;,
  0.493677;0.651057;-0.028701;,
  0.487781;0.641814;-0.026259;,
  0.492975;0.649763;-0.036323;,
  0.493677;0.651057;-0.028701;,
  0.487099;0.640664;-0.033909;,
  0.492975;0.649763;-0.036323;,
  0.514013;0.662185;0.113521;,
  0.508151;0.653898;0.121458;,
  0.508033;0.652809;0.115292;,
  0.514131;0.663274;0.119687;,
  0.495978;0.673378;0.111888;,
  0.490116;0.665092;0.119825;,
  0.496096;0.674468;0.118054;,
  0.489998;0.664002;0.113659;,
  0.489998;0.664002;0.113659;,
  0.508151;0.653898;0.121458;,
  0.490116;0.665092;0.119825;,
  0.508033;0.652809;0.115292;,
  0.495978;0.673378;0.111888;,
  0.508033;0.652809;0.115292;,
  0.489998;0.664002;0.113659;,
  0.514013;0.662185;0.113521;,
  0.496096;0.674468;0.118054;,
  0.514013;0.662185;0.113521;,
  0.495978;0.673378;0.111888;,
  0.514131;0.663274;0.119687;,
  0.490116;0.665092;0.119825;,
  0.514131;0.663274;0.119687;,
  0.496096;0.674468;0.118054;,
  0.508151;0.653898;0.121458;,
  0.511280;0.638387;-0.034154;,
  0.505293;0.630180;-0.026229;,
  0.505176;0.629089;-0.032395;,
  0.511397;0.639478;-0.027989;,
  0.493395;0.649811;-0.035836;,
  0.487407;0.641604;-0.027911;,
  0.493511;0.650902;-0.029671;,
  0.487290;0.640513;-0.034076;,
  0.487290;0.640513;-0.034076;,
  0.505293;0.630180;-0.026229;,
  0.487407;0.641604;-0.027911;,
  0.505176;0.629089;-0.032395;,
  0.493395;0.649811;-0.035836;,
  0.505176;0.629089;-0.032395;,
  0.487290;0.640513;-0.034076;,
  0.511280;0.638387;-0.034154;,
  0.493511;0.650902;-0.029671;,
  0.511280;0.638387;-0.034154;,
  0.493395;0.649811;-0.035836;,
  0.511397;0.639478;-0.027989;,
  0.487407;0.641604;-0.027911;,
  0.511397;0.639478;-0.027989;,
  0.493511;0.650902;-0.029671;,
  0.505293;0.630180;-0.026229;,
  0.619477;0.608818;0.105699;,
  0.597575;0.592928;0.136560;,
  0.609952;0.586831;0.104204;,
  0.606025;0.615445;0.140865;,
  0.626739;0.601843;0.064275;,
  0.616633;0.580413;0.066090;,
  0.625273;0.595649;0.022429;,
  0.615285;0.574714;0.027588;,
  0.487546;0.664001;0.101775;,
  0.503662;0.671482;0.080277;,
  0.495741;0.659810;0.079336;,
  0.494871;0.675979;0.104349;,
  0.508382;0.666745;0.052004;,
  0.500141;0.655394;0.052982;,
  0.507383;0.662521;0.023470;,
  0.499209;0.651457;0.026385;,
  0.571744;0.572815;0.098231;,
  0.515204;0.617937;0.110908;,
  0.524081;0.613508;0.087333;,
  0.562179;0.579515;0.123731;,
  0.577354;0.567426;0.066230;,
  0.528865;0.608844;0.059591;,
  0.576221;0.562641;0.033902;,
  0.527884;0.604697;0.031576;,
  0.617736;0.626506;0.061250;,
  0.561656;0.653807;0.018793;,
  0.562934;0.659207;0.055274;,
  0.616248;0.620222;0.018797;,
  0.610368;0.633582;0.103276;,
  0.556705;0.665280;0.091400;,
  0.598637;0.639144;0.122447;,
  0.581943;0.648314;0.128691;,
  0.592239;0.642408;0.129002;,
  0.545144;0.671048;0.122099;,
  0.619038;0.618591;0.105419;,
  0.605342;0.625337;0.141221;,
  0.593294;0.570012;0.102195;,
  0.573270;0.572519;0.128349;,
  0.584251;0.567033;0.100763;,
  0.581718;0.574455;0.133777;,
  0.626431;0.611489;0.063245;,
  0.590102;0.561412;0.067385;,
  0.599395;0.564151;0.067391;,
  0.624938;0.605183;0.020642;,
  0.588921;0.556421;0.033667;,
  0.598164;0.558947;0.032232;,
  0.584251;0.567033;0.100763;,
  0.573270;0.572519;0.128349;,
  0.590102;0.561412;0.067385;,
  0.588921;0.556421;0.033667;,
  0.616678;0.621632;0.061749;,
  0.624938;0.605183;0.020642;,
  0.615208;0.615423;0.019804;,
  0.626431;0.611489;0.063245;,
  0.609399;0.628624;0.103270;,
  0.619038;0.618591;0.105419;,
  0.597776;0.634129;0.122132;,
  0.605342;0.625337;0.141221;,
  0.529505;0.642042;0.123740;,
  0.498709;0.672212;0.109132;,
  0.491932;0.660931;0.106513;,
  0.489728;0.646809;0.101988;,
  0.497630;0.642768;0.080349;,
  0.501873;0.638509;0.054935;,
  0.500974;0.634713;0.029287;,
  0.523713;0.667619;0.020786;,
  0.524806;0.672235;0.051973;,
  0.519646;0.677414;0.082875;,
  0.510038;0.682328;0.109187;,
  0.493985;0.652267;0.079325;,
  0.486032;0.656335;0.101105;,
  0.499991;0.681050;0.106061;,
  0.509125;0.676379;0.081050;,
  0.498256;0.647981;0.053745;,
  0.514029;0.671456;0.051677;,
  0.497352;0.644159;0.027930;,
  0.512990;0.667069;0.022032;,
  0.601764;0.617769;0.143820;,
  0.592884;0.596367;0.142439;,
  0.495077;0.675351;0.107140;,
  0.487941;0.663527;0.104446;,
  0.596976;0.626756;0.143927;,
  0.593533;0.635177;0.141771;,
  0.591022;0.633043;0.142167;,
  0.602073;0.626166;0.144275;,
  0.596757;0.620598;0.143579;,
  0.601764;0.617769;0.143820;,
  0.573528;0.580725;0.135773;,
  0.592884;0.596367;0.142439;,
  0.588170;0.599594;0.142209;,
  0.577659;0.576808;0.135931;,
  0.568575;0.578850;0.132085;,
  0.570878;0.574252;0.130932;,
  0.561607;0.583278;0.129071;,
  0.560870;0.580599;0.126644;,
  0.517081;0.620839;0.115274;,
  0.514914;0.618972;0.113557;,
  0.542723;0.665520;0.124604;,
  0.541821;0.662448;0.125329;,
  0.514914;0.618972;0.113557;,
  0.560870;0.580599;0.126644;,
  0.581338;0.643130;0.128317;,
  0.542723;0.665520;0.124604;,
  0.593533;0.635177;0.141771;,
  0.544331;0.666012;0.121681;,
  0.602073;0.626166;0.144275;,
  0.570878;0.574252;0.130932;,
  0.577659;0.576808;0.135931;,
  0.570878;0.574252;0.130932;,
  0.602073;0.626166;0.144275;,
  0.493431;0.647824;0.106529;,
  0.489977;0.647345;0.104554;,
  0.490744;0.654734;0.105902;,
  0.486529;0.656219;0.103745;,
  0.487941;0.663527;0.104446;,
  0.495077;0.675351;0.107140;,
  0.503434;0.675858;0.110806;,
  0.500668;0.679647;0.109084;,
  0.510289;0.675886;0.113044;,
  0.509489;0.679676;0.111922;,
  0.489977;0.647345;0.104554;,
  0.510038;0.682328;0.109187;,
  0.509489;0.679676;0.111922;,
  0.486529;0.656219;0.103745;,
  0.500668;0.679647;0.109084;,
  0.489977;0.647345;0.104554;,
  0.589222;0.567177;-0.046980;,
  0.615121;0.590412;-0.018643;,
  0.605944;0.569896;-0.010202;,
  0.597962;0.587112;-0.053981;,
  0.483216;0.645704;-0.021830;,
  0.500690;0.658923;-0.004572;,
  0.490226;0.656350;-0.028255;,
  0.492970;0.648103;0.000246;,
  0.568379;0.558596;0.002174;,
  0.510649;0.598690;-0.019114;,
  0.556099;0.555741;-0.024534;,
  0.521164;0.601183;0.004068;,
  0.605949;0.614909;-0.022871;,
  0.552906;0.649230;-0.017030;,
  0.594773;0.613156;-0.043427;,
  0.577599;0.620295;-0.050899;,
  0.539213;0.645984;-0.047218;,
  0.587909;0.614448;-0.050193;,
  0.614603;0.599852;-0.021173;,
  0.598332;0.596052;-0.055518;,
  0.589635;0.554547;-0.002275;,
  0.567933;0.549224;-0.027284;,
  0.575229;0.552203;-0.031398;,
  0.580741;0.552202;0.000573;,
  0.580741;0.552202;0.000573;,
  0.567933;0.549224;-0.027284;,
  0.605033;0.610175;-0.021365;,
  0.614603;0.599852;-0.021173;,
  0.593987;0.608455;-0.041617;,
  0.598332;0.596052;-0.055518;,
  0.493765;0.651322;-0.031994;,
  0.523256;0.617212;-0.038986;,
  0.487298;0.641351;-0.025766;,
  0.485552;0.629166;-0.017207;,
  0.494958;0.631478;0.004081;,
  0.516398;0.663686;-0.009864;,
  0.504961;0.660874;-0.035749;,
  0.491296;0.640904;0.002559;,
  0.481829;0.638576;-0.018867;,
  0.495165;0.660657;-0.031707;,
  0.506037;0.663330;-0.007102;,
  0.594761;0.588051;-0.057342;,
  0.586033;0.567977;-0.049911;,
  0.490246;0.654940;-0.030752;,
  0.483432;0.644473;-0.024269;,
  0.589975;0.596884;-0.058817;,
  0.586527;0.605603;-0.057915;,
  0.595072;0.596260;-0.058814;,
  0.584017;0.603405;-0.058178;,
  0.589754;0.590867;-0.057724;,
  0.594761;0.588051;-0.057342;,
  0.567845;0.556729;-0.034670;,
  0.586033;0.567977;-0.049911;,
  0.572276;0.553151;-0.034134;,
  0.581313;0.571180;-0.050302;,
  0.562995;0.554734;-0.031796;,
  0.565639;0.550426;-0.030249;,
  0.555547;0.558875;-0.029956;,
  0.554948;0.556356;-0.027647;,
  0.512194;0.600186;-0.024251;,
  0.510168;0.598917;-0.021924;,
  0.536682;0.639993;-0.047844;,
  0.535764;0.636852;-0.047586;,
  0.510168;0.598917;-0.021924;,
  0.554948;0.556356;-0.027647;,
  0.536682;0.639993;-0.047844;,
  0.576875;0.615606;-0.048972;,
  0.586527;0.605603;-0.057915;,
  0.538481;0.641293;-0.045306;,
  0.595072;0.596260;-0.058814;,
  0.565639;0.550426;-0.030249;,
  0.572276;0.553151;-0.034134;,
  0.565639;0.550426;-0.030249;,
  0.595072;0.596260;-0.058814;,
  0.488925;0.628785;-0.022090;,
  0.485620;0.628933;-0.019830;,
  0.486217;0.635608;-0.023307;,
  0.482145;0.637696;-0.021389;,
  0.483432;0.644473;-0.024269;,
  0.490246;0.654940;-0.030752;,
  0.498327;0.654279;-0.034971;,
  0.495647;0.658432;-0.034233;,
  0.505012;0.653589;-0.037585;,
  0.504252;0.657550;-0.037555;,
  0.485620;0.628933;-0.019830;,
  0.504961;0.660874;-0.035749;,
  0.504252;0.657550;-0.037555;,
  0.482145;0.637696;-0.021389;,
  0.495647;0.658432;-0.034233;,
  0.485620;0.628933;-0.019830;,
  0.615208;0.615423;0.019804;,
  0.617736;0.626506;0.061250;,
  0.616678;0.621632;0.061749;,
  0.616248;0.620222;0.018797;,
  0.610368;0.633582;0.103276;,
  0.609399;0.628624;0.103270;,
  0.597776;0.634129;0.122132;,
  0.598637;0.639144;0.122447;,
  0.544331;0.666012;0.121681;,
  0.581943;0.648314;0.128691;,
  0.545144;0.671048;0.122099;,
  0.581338;0.643130;0.128317;,
  0.510038;0.682328;0.109187;,
  0.504961;0.660874;-0.035749;,
  0.539213;0.645984;-0.047218;,
  0.538481;0.641293;-0.045306;,
  0.577599;0.620295;-0.050899;,
  0.576875;0.615606;-0.048972;,
  0.605033;0.610175;-0.021365;,
  0.594773;0.613156;-0.043427;,
  0.605949;0.614909;-0.022871;,
  0.593987;0.608455;-0.041617;,
  0.591419;0.637375;0.128598;,
  0.587169;0.609756;-0.048295;,
  0.591419;0.637375;0.128598;,
  0.592239;0.642408;0.129002;,
  0.587169;0.609756;-0.048295;,
  0.587909;0.614448;-0.050193;;
  480;
  3;0,1,2;,
  3;3,4,5;,
  3;6,7,8;,
  3;7,6,9;,
  3;10,11,12;,
  3;11,10,13;,
  3;14,15,16;,
  3;15,14,17;,
  3;18,19,20;,
  3;19,18,21;,
  3;9,22,7;,
  3;22,9,23;,
  3;13,24,11;,
  3;24,13,25;,
  3;15,26,27;,
  3;26,15,17;,
  3;20,28,29;,
  3;28,20,19;,
  3;22,30,31;,
  3;30,22,23;,
  3;25,32,24;,
  3;32,25,33;,
  3;27,34,35;,
  3;34,27,26;,
  3;28,36,29;,
  3;36,28,37;,
  3;31,38,39;,
  3;38,31,30;,
  3;33,40,32;,
  3;40,33,41;,
  3;34,42,35;,
  3;42,34,43;,
  3;37,44,36;,
  3;44,37,45;,
  3;38,46,39;,
  3;46,38,47;,
  3;41,48,40;,
  3;48,41,49;,
  3;43,50,42;,
  3;50,43,51;,
  3;45,52,44;,
  3;52,45,53;,
  3;54,55,56;,
  3;57,58,59;,
  3;60,61,62;,
  3;61,60,63;,
  3;64,65,66;,
  3;65,64,67;,
  3;68,69,70;,
  3;69,68,71;,
  3;72,73,74;,
  3;73,72,75;,
  3;76,61,77;,
  3;61,76,62;,
  3;78,67,64;,
  3;67,78,79;,
  3;71,80,69;,
  3;80,71,81;,
  3;82,75,72;,
  3;75,82,83;,
  3;77,84,76;,
  3;84,77,85;,
  3;86,79,78;,
  3;79,86,87;,
  3;88,80,81;,
  3;80,88,89;,
  3;90,83,82;,
  3;83,90,91;,
  3;84,92,93;,
  3;92,84,85;,
  3;94,87,86;,
  3;87,94,95;,
  3;89,96,97;,
  3;96,89,88;,
  3;98,91,90;,
  3;91,98,99;,
  3;92,100,93;,
  3;100,92,101;,
  3;102,95,94;,
  3;95,102,103;,
  3;97,104,105;,
  3;104,97,96;,
  3;106,99,98;,
  3;99,106,107;,
  3;53,106,52;,
  3;106,53,107;,
  3;46,100,101;,
  3;100,46,47;,
  3;49,102,48;,
  3;102,49,103;,
  3;50,105,104;,
  3;105,50,51;,
  3;108,18,109;,
  3;18,108,21;,
  3;110,16,111;,
  3;16,110,14;,
  3;112,12,113;,
  3;12,112,10;,
  3;114,8,115;,
  3;8,114,6;,
  3;116,68,70;,
  3;68,116,117;,
  3;118,73,119;,
  3;73,118,74;,
  3;120,63,60;,
  3;63,120,121;,
  3;122,65,123;,
  3;65,122,66;,
  3;124,116,125;,
  3;116,124,117;,
  3;126,119,127;,
  3;119,126,118;,
  3;128,120,129;,
  3;120,128,121;,
  3;130,123,131;,
  3;123,130,122;,
  3;132,125,133;,
  3;125,132,124;,
  3;134,127,135;,
  3;127,134,126;,
  3;136,129,137;,
  3;129,136,128;,
  3;138,131,139;,
  3;131,138,130;,
  3;140,141,142;,
  3;141,140,143;,
  3;144,145,146;,
  3;145,144,147;,
  3;148,149,150;,
  3;149,148,151;,
  3;152,153,154;,
  3;153,152,155;,
  3;156,157,158;,
  3;157,156,159;,
  3;160,161,162;,
  3;161,160,163;,
  3;164,165,166;,
  3;165,164,167;,
  3;168,169,170;,
  3;169,168,171;,
  3;172,173,174;,
  3;173,172,175;,
  3;176,177,178;,
  3;177,176,179;,
  3;180,181,182;,
  3;181,180,183;,
  3;184,185,186;,
  3;185,184,187;,
  3;188,189,190;,
  3;189,188,191;,
  3;192,190,193;,
  3;190,192,188;,
  3;194,193,195;,
  3;193,194,192;,
  3;196,197,198;,
  3;197,196,199;,
  3;198,200,201;,
  3;200,198,197;,
  3;201,202,203;,
  3;202,201,200;,
  3;204,205,206;,
  3;205,204,207;,
  3;208,206,209;,
  3;206,208,204;,
  3;210,209,211;,
  3;209,210,208;,
  3;212,213,214;,
  3;213,212,215;,
  3;216,214,217;,
  3;214,216,212;,
  3;217,218,216;,
  3;218,219,220;,
  3;217,219,218;,
  3;217,221,219;,
  3;191,222,223;,
  3;222,191,188;,
  3;224,225,226;,
  3;225,224,227;,
  3;192,222,188;,
  3;222,192,228;,
  3;224,229,230;,
  3;229,224,226;,
  3;194,228,192;,
  3;228,194,231;,
  3;230,232,233;,
  3;232,230,229;,
  3;207,234,235;,
  3;234,207,204;,
  3;208,234,204;,
  3;234,208,236;,
  3;210,236,208;,
  3;236,210,237;,
  3;238,239,240;,
  3;239,238,241;,
  3;242,241,238;,
  3;241,242,243;,
  3;244,243,242;,
  3;243,244,245;,
  3;246,247,248;,
  3;206,249,250;,
  3;249,206,205;,
  3;209,250,251;,
  3;250,209,206;,
  3;211,251,252;,
  3;251,211,209;,
  3;214,253,254;,
  3;253,214,213;,
  3;217,254,255;,
  3;254,217,214;,
  3;217,256,221;,
  3;256,217,255;,
  3;196,257,258;,
  3;257,196,198;,
  3;197,259,260;,
  3;259,197,199;,
  3;201,257,198;,
  3;257,201,261;,
  3;197,262,200;,
  3;262,197,260;,
  3;203,261,201;,
  3;261,203,263;,
  3;200,264,202;,
  3;264,200,262;,
  3;250,258,257;,
  3;258,250,249;,
  3;250,261,251;,
  3;261,250,257;,
  3;251,263,252;,
  3;263,251,261;,
  3;253,262,254;,
  3;262,253,264;,
  3;254,260,255;,
  3;260,254,262;,
  3;256,260,259;,
  3;260,256,255;,
  3;189,265,266;,
  3;265,189,191;,
  3;196,267,199;,
  3;267,196,268;,
  3;269,270,271;,
  3;270,269,272;,
  3;273,272,269;,
  3;272,273,274;,
  3;275,276,277;,
  3;276,275,278;,
  3;279,278,275;,
  3;278,279,280;,
  3;281,280,279;,
  3;280,281,282;,
  3;283,282,281;,
  3;282,283,284;,
  3;271,285,286;,
  3;285,271,270;,
  3;207,287,205;,
  3;287,207,288;,
  3;289,290,291;,
  3;290,289,292;,
  3;223,265,191;,
  3;265,223,293;,
  3;227,294,225;,
  3;294,227,295;,
  3;235,288,207;,
  3;288,235,296;,
  3;291,297,245;,
  3;298,284,283;,
  3;284,298,299;,
  3;300,299,298;,
  3;299,300,301;,
  3;248,301,300;,
  3;301,248,302;,
  3;247,302,248;,
  3;302,247,303;,
  3;304,303,247;,
  3;303,304,305;,
  3;306,305,304;,
  3;305,306,307;,
  3;286,307,306;,
  3;307,286,285;,
  3;205,308,249;,
  3;308,205,287;,
  3;309,290,292;,
  3;290,309,310;,
  3;258,268,196;,
  3;268,258,311;,
  3;199,312,259;,
  3;312,199,267;,
  3;249,311,258;,
  3;311,249,313;,
  3;259,310,309;,
  3;310,259,312;,
  3;314,315,316;,
  3;315,314,317;,
  3;316,194,195;,
  3;194,316,315;,
  3;318,319,320;,
  3;319,318,321;,
  3;321,202,319;,
  3;202,321,203;,
  3;322,323,324;,
  3;323,322,325;,
  3;210,325,322;,
  3;325,210,211;,
  3;326,213,215;,
  3;213,326,327;,
  3;328,327,326;,
  3;327,329,330;,
  3;328,329,327;,
  3;328,331,329;,
  3;317,332,315;,
  3;332,317,333;,
  3;334,335,336;,
  3;335,334,337;,
  3;194,332,231;,
  3;332,194,315;,
  3;334,232,337;,
  3;232,334,233;,
  3;324,338,322;,
  3;338,324,339;,
  3;210,338,237;,
  3;338,210,322;,
  3;340,239,341;,
  3;239,340,240;,
  3;342,341,343;,
  3;341,342,340;,
  3;344,345,346;,
  3;325,347,323;,
  3;347,325,348;,
  3;211,348,325;,
  3;348,211,252;,
  3;327,253,213;,
  3;253,327,349;,
  3;350,327,330;,
  3;327,350,349;,
  3;318,351,321;,
  3;351,318,352;,
  3;319,353,320;,
  3;353,319,354;,
  3;203,351,263;,
  3;351,203,321;,
  3;319,264,354;,
  3;264,319,202;,
  3;348,352,347;,
  3;352,348,351;,
  3;348,263,351;,
  3;263,348,252;,
  3;253,354,264;,
  3;354,253,349;,
  3;350,354,349;,
  3;354,350,353;,
  3;355,314,356;,
  3;314,355,317;,
  3;318,357,358;,
  3;357,318,320;,
  3;359,360,361;,
  3;360,359,362;,
  3;363,361,364;,
  3;361,363,359;,
  3;365,366,367;,
  3;366,365,368;,
  3;369,367,370;,
  3;367,369,365;,
  3;371,370,372;,
  3;370,371,369;,
  3;373,372,374;,
  3;372,373,371;,
  3;362,375,360;,
  3;375,362,376;,
  3;324,377,378;,
  3;377,324,323;,
  3;379,380,381;,
  3;380,379,382;,
  3;333,355,383;,
  3;355,333,317;,
  3;336,384,385;,
  3;384,336,335;,
  3;339,378,386;,
  3;378,339,324;,
  3;343,387,381;,
  3;388,374,389;,
  3;374,388,373;,
  3;390,389,391;,
  3;389,390,388;,
  3;346,391,392;,
  3;391,346,390;,
  3;344,392,393;,
  3;392,344,346;,
  3;394,393,395;,
  3;393,394,344;,
  3;396,395,397;,
  3;395,396,394;,
  3;376,397,375;,
  3;397,376,396;,
  3;323,398,377;,
  3;398,323,347;,
  3;399,379,400;,
  3;379,399,382;,
  3;352,358,401;,
  3;358,352,318;,
  3;320,402,357;,
  3;402,320,353;,
  3;347,401,403;,
  3;401,347,352;,
  3;353,400,402;,
  3;400,353,399;,
  3;404,405,406;,
  3;405,404,407;,
  3;406,408,409;,
  3;408,406,405;,
  3;410,408,411;,
  3;408,410,409;,
  3;412,413,414;,
  3;413,412,415;,
  3;412,414,416;,
  3;417,418,419;,
  3;419,420,421;,
  3;420,419,418;,
  3;422,423,424;,
  3;423,422,425;,
  3;422,407,404;,
  3;407,422,424;,
  3;289,291,426;,
  3;291,244,426;,
  3;381,380,427;,
  3;343,381,342;,
  3;411,428,410;,
  3;428,411,429;,
  3;415,429,413;,
  3;429,415,428;,
  3;420,430,421;,
  3;430,420,431;,
  3;430,423,425;,
  3;423,430,431;,
  3;224,189,227;,
  3;189,224,190;,
  3;230,190,224;,
  3;190,230,193;,
  3;233,193,230;,
  3;193,233,195;,
  3;189,295,227;,
  3;295,189,266;,
  3;273,276,274;,
  3;276,273,277;,
  3;336,316,334;,
  3;316,336,314;,
  3;334,195,233;,
  3;195,334,316;,
  3;385,314,336;,
  3;314,385,356;,
  3;366,363,364;,
  3;363,366,368;,
  3;345,390,346;,
  3;345,388,390;,
  3;345,373,388;,
  3;373,369,371;,
  3;373,365,369;,
  3;373,368,365;,
  3;373,345,368;,
  3;376,368,345;,
  3;376,363,368;,
  3;376,359,363;,
  3;376,362,359;,
  3;345,396,376;,
  3;345,394,396;,
  3;345,344,394;,
  3;246,304,247;,
  3;246,306,304;,
  3;246,286,306;,
  3;286,269,271;,
  3;286,273,269;,
  3;286,277,273;,
  3;286,246,277;,
  3;283,277,246;,
  3;283,275,277;,
  3;283,279,275;,
  3;283,281,279;,
  3;246,298,283;,
  3;246,300,298;,
  3;246,248,300;,
  3;244,291,245;,
  3;342,381,427;;

  MeshNormals {
   432;
   0.845418;-0.528423;0.077701;,
   0.845418;-0.528423;0.077701;,
   0.845418;-0.528423;0.077701;,
   0.845418;-0.528424;0.077700;,
   0.845418;-0.528424;0.077700;,
   0.845418;-0.528424;0.077700;,
   0.442244;0.896255;0.033876;,
   0.332537;0.942255;-0.039674;,
   0.470603;0.882260;0.012234;,
   0.342546;0.938650;-0.039975;,
   -0.456319;0.518496;0.723142;,
   -0.422888;0.449389;0.786902;,
   -0.436808;0.511071;0.740274;,
   -0.432785;0.449310;0.781548;,
   -0.451226;-0.891631;-0.037273;,
   -0.362163;-0.930007;0.062643;,
   -0.459718;-0.888048;-0.005426;,
   -0.359273;-0.931152;0.062285;,
   0.497907;-0.514672;-0.697998;,
   0.419775;-0.306319;-0.854376;,
   0.453397;-0.325332;-0.829813;,
   0.468484;-0.525992;-0.709828;,
   0.406409;0.906715;-0.112690;,
   0.381298;0.900245;-0.210167;,
   -0.654932;0.550246;0.517970;,
   -0.647945;0.537329;0.539856;,
   -0.364998;-0.925421;0.101849;,
   -0.353973;-0.922517;0.153835;,
   0.654020;-0.515661;-0.553490;,
   0.616477;-0.539821;-0.573193;,
   0.519016;0.814429;-0.259477;,
   0.540668;0.814164;-0.211695;,
   -0.880718;0.424179;-0.210734;,
   -0.856160;0.467099;-0.220928;,
   -0.354153;-0.894222;0.273757;,
   -0.332005;-0.898281;0.287861;,
   0.884628;-0.388656;0.257643;,
   0.853104;-0.409422;0.323400;,
   0.805879;0.592044;-0.006551;,
   0.808443;0.586292;0.051786;,
   -0.525064;0.849724;0.047721;,
   -0.433734;0.900741;-0.023263;,
   -0.648589;-0.749535;0.132400;,
   -0.694747;-0.714443;0.083057;,
   0.352369;-0.935860;-0.001178;,
   0.310496;-0.946230;-0.090775;,
   0.796593;0.602343;0.051215;,
   0.798852;0.601242;0.018553;,
   -0.059474;0.271981;0.960463;,
   -0.099579;0.319131;0.942465;,
   -0.802515;-0.596303;-0.019795;,
   -0.844047;-0.535300;-0.032241;,
   0.048565;-0.350031;-0.935478;,
   0.068188;-0.267143;-0.961241;,
   0.843718;-0.536759;0.005480;,
   0.843718;-0.536759;0.005480;,
   0.843718;-0.536759;0.005480;,
   0.841690;-0.539778;0.014069;,
   0.841690;-0.539778;0.014069;,
   0.841690;-0.539778;0.014069;,
   0.547366;0.832796;-0.082717;,
   0.561409;0.827529;-0.004101;,
   0.567117;0.823512;0.014388;,
   0.528716;0.842518;-0.103066;,
   -0.597911;0.150773;-0.787255;,
   -0.862630;0.500902;0.070476;,
   -0.861168;0.508008;0.017813;,
   -0.701888;0.308160;-0.642177;,
   -0.523280;-0.851409;0.035792;,
   -0.450308;-0.875186;-0.176841;,
   -0.531896;-0.843329;0.076699;,
   -0.512972;-0.854093;-0.085936;,
   0.402428;-0.293236;0.867217;,
   0.866160;-0.496963;0.052868;,
   0.856162;-0.514170;0.051139;,
   0.539810;-0.267329;0.798211;,
   0.540582;0.841081;0.018804;,
   0.536611;0.836305;-0.112438;,
   0.617535;-0.576952;-0.534582;,
   0.564487;-0.531988;-0.631144;,
   -0.576212;-0.815261;0.057695;,
   -0.586681;-0.809465;0.023921;,
   -0.663583;0.537232;0.520615;,
   -0.625899;0.559271;0.543569;,
   0.626457;0.775034;-0.082905;,
   0.644491;0.758685;-0.095021;,
   0.726287;-0.669055;0.157712;,
   0.728264;-0.667876;0.153535;,
   -0.670751;-0.738750;0.065895;,
   -0.663062;-0.744367;0.079162;,
   -0.794259;0.589351;-0.147708;,
   -0.795658;0.586997;-0.149544;,
   0.603946;0.745599;-0.281659;,
   0.525974;0.799710;-0.289507;,
   0.798834;-0.599110;-0.054137;,
   0.779627;-0.623956;0.053496;,
   -0.512323;-0.845194;0.152226;,
   -0.531797;-0.833212;0.151492;,
   -0.774589;0.601163;-0.196507;,
   -0.735184;0.646013;-0.205355;,
   0.841398;0.534082;-0.082492;,
   0.951837;0.284209;-0.115024;,
   0.433392;-0.577126;0.692169;,
   0.407146;-0.724198;0.556570;,
   -0.770137;-0.614650;0.170573;,
   -0.887791;-0.390719;0.243241;,
   -0.463912;0.601435;-0.650432;,
   -0.307364;0.599635;-0.738894;,
   0.431873;-0.502768;-0.748806;,
   0.443396;-0.497951;-0.745282;,
   -0.693072;-0.717471;0.069904;,
   -0.775080;-0.612721;0.154349;,
   -0.351161;0.469590;0.810044;,
   -0.352392;0.458536;0.815821;,
   0.575789;0.808244;-0.123328;,
   0.582540;0.791683;-0.184082;,
   -0.421169;-0.880104;0.219167;,
   -0.409174;-0.875834;0.255914;,
   0.789639;-0.250937;0.559912;,
   0.781203;-0.235573;0.578125;,
   0.419355;0.872729;-0.249970;,
   0.403024;0.884094;-0.236535;,
   -0.795226;0.254727;-0.550209;,
   -0.806686;0.256635;-0.532349;,
   -0.504508;-0.856767;0.106872;,
   -0.505121;-0.857311;0.099356;,
   0.572071;-0.110884;0.812674;,
   0.582614;-0.127388;0.802703;,
   0.486764;0.849041;-0.205404;,
   0.492318;0.846685;-0.201861;,
   -0.578638;0.111408;-0.807940;,
   -0.564637;0.111304;-0.817800;,
   -0.458913;-0.873291;0.163588;,
   -0.453692;-0.874406;0.171980;,
   0.676348;-0.232129;0.699049;,
   0.672831;-0.244765;0.698132;,
   0.450634;0.872886;-0.187083;,
   0.447533;0.873939;-0.189594;,
   -0.628278;0.194498;-0.753284;,
   -0.622374;0.201236;-0.756409;,
   0.847144;-0.525798;0.076710;,
   0.847143;-0.525799;0.076708;,
   0.847142;-0.525801;0.076706;,
   0.847145;-0.525796;0.076712;,
   -0.847144;0.525797;-0.076706;,
   -0.847144;0.525797;-0.076706;,
   -0.847144;0.525798;-0.076706;,
   -0.847144;0.525797;-0.076706;,
   -0.531031;-0.832633;0.157255;,
   -0.531029;-0.832635;0.157246;,
   -0.531032;-0.832632;0.157257;,
   -0.531029;-0.832636;0.157244;,
   -0.018815;-0.173958;-0.984573;,
   -0.018814;-0.173957;-0.984574;,
   -0.018816;-0.173959;-0.984573;,
   -0.018812;-0.173956;-0.984574;,
   0.531031;0.832632;-0.157258;,
   0.531029;0.832632;-0.157265;,
   0.531031;0.832632;-0.157256;,
   0.531028;0.832632;-0.157266;,
   0.018812;0.173956;0.984574;,
   0.018812;0.173954;0.984574;,
   0.018812;0.173957;0.984574;,
   0.018812;0.173952;0.984574;,
   0.840127;-0.536606;0.078997;,
   0.840127;-0.536606;0.078997;,
   0.840127;-0.536607;0.078996;,
   0.840127;-0.536606;0.078998;,
   -0.840125;0.536609;-0.079000;,
   -0.840124;0.536611;-0.078998;,
   -0.840125;0.536608;-0.079001;,
   -0.840124;0.536612;-0.078997;,
   -0.542073;-0.825670;0.156288;,
   -0.542073;-0.825670;0.156288;,
   -0.542074;-0.825670;0.156288;,
   -0.542074;-0.825670;0.156288;,
   -0.018638;-0.174117;-0.984549;,
   -0.018638;-0.174117;-0.984549;,
   -0.018638;-0.174117;-0.984549;,
   -0.018638;-0.174117;-0.984549;,
   0.542070;0.825673;-0.156284;,
   0.542071;0.825673;-0.156281;,
   0.542070;0.825673;-0.156285;,
   0.542071;0.825673;-0.156280;,
   0.018640;0.174117;0.984549;,
   0.018640;0.174119;0.984548;,
   0.018640;0.174116;0.984549;,
   0.018640;0.174120;0.984548;,
   0.941026;-0.175436;0.289298;,
   0.664357;-0.500841;0.554787;,
   0.778223;-0.546673;0.309060;,
   0.749657;-0.178162;0.637396;,
   0.976652;-0.191558;0.097242;,
   0.810066;-0.568189;0.144759;,
   0.969591;-0.221397;-0.104295;,
