xof 0303txt 0032
template ColorRGBA {
 <35ff44e0-6c7c-11cf-8f52-0040333594a3>
 FLOAT red;
 FLOAT green;
 FLOAT blue;
 FLOAT alpha;
}

template ColorRGB {
 <d3e16e81-7835-11cf-8f52-0040333594a3>
 FLOAT red;
 FLOAT green;
 FLOAT blue;
}

template Material {
 <3d82ab4d-62da-11cf-ab39-0020af71e433>
 ColorRGBA faceColor;
 FLOAT power;
 ColorRGB specularColor;
 ColorRGB emissiveColor;
 [...]
}

template TextureFilename {
 <a42790e1-7810-11cf-8f52-0040333594a3>
 STRING filename;
}

template Frame {
 <3d82ab46-62da-11cf-ab39-0020af71e433>
 [...]
}

template Matrix4x4 {
 <f6f23f45-7686-11cf-8f52-0040333594a3>
 array FLOAT matrix[16];
}

template FrameTransformMatrix {
 <f6f23f41-7686-11cf-8f52-0040333594a3>
 Matrix4x4 frameMatrix;
}

template Vector {
 <3d82ab5e-62da-11cf-ab39-0020af71e433>
 FLOAT x;
 FLOAT y;
 FLOAT z;
}

template MeshFace {
 <3d82ab5f-62da-11cf-ab39-0020af71e433>
 DWORD nFaceVertexIndices;
 array DWORD faceVertexIndices[nFaceVertexIndices];
}

template Mesh {
 <3d82ab44-62da-11cf-ab39-0020af71e433>
 DWORD nVertices;
 array Vector vertices[nVertices];
 DWORD nFaces;
 array MeshFace faces[nFaces];
 [...]
}

template MeshNormals {
 <f6f23f43-7686-11cf-8f52-0040333594a3>
 DWORD nNormals;
 array Vector normals[nNormals];
 DWORD nFaceNormals;
 array MeshFace faceNormals[nFaceNormals];
}

template MeshMaterialList {
 <f6f23f42-7686-11cf-8f52-0040333594a3>
 DWORD nMaterials;
 DWORD nFaceIndexes;
 array DWORD faceIndexes[nFaceIndexes];
 [Material <3d82ab4d-62da-11cf-ab39-0020af71e433>]
}

template Coords2d {
 <f6f23f44-7686-11cf-8f52-0040333594a3>
 FLOAT u;
 FLOAT v;
}

template MeshTextureCoords {
 <f6f23f40-7686-11cf-8f52-0040333594a3>
 DWORD nTextureCoords;
 array Coords2d textureCoords[nTextureCoords];
}

template XSkinMeshHeader {
 <3cf169ce-ff7c-44ab-93c0-f78f62d172e2>
 WORD nMaxSkinWeightsPerVertex;
 WORD nMaxSkinWeightsPerFace;
 WORD nBones;
}

template SkinWeights {
 <6f0d123b-bad2-4167-a0d0-80224f25fabb>
 STRING transformNodeName;
 DWORD nWeights;
 array DWORD vertexIndices[nWeights];
 array FLOAT weights[nWeights];
 Matrix4x4 matrixOffset;
}

template AnimTicksPerSecond {
 <9e415a43-7ba6-4a73-8743-b73d47e88476>
 DWORD AnimTicksPerSecond;
}

template Animation {
 <3d82ab4f-62da-11cf-ab39-0020af71e433>
 [...]
}

template AnimationSet {
 <3d82ab50-62da-11cf-ab39-0020af71e433>
 [Animation <3d82ab4f-62da-11cf-ab39-0020af71e433>]
}

template FloatKeys {
 <10dd46a9-775b-11cf-8f52-0040333594a3>
 DWORD nValues;
 array FLOAT values[nValues];
}

template TimedFloatKeys {
 <f406b180-7b3b-11cf-8f52-0040333594a3>
 DWORD time;
 FloatKeys tfkeys;
}

template AnimationKey {
 <10dd46a8-775b-11cf-8f52-0040333594a3>
 DWORD keyType;
 DWORD nKeys;
 array TimedFloatKeys keys[nKeys];
}


Material _09_-_Default {
 1.000000;1.000000;1.000000;1.000000;;
 100.000000;
 0.200000;0.200000;0.200000;;
 0.000000;0.000000;0.000000;;

 TextureFilename {
  "ClothSatchel.png";
 }
}

Frame Dummy01 {
 

 FrameTransformMatrix {
  1.000000,0.000000,0.000000,0.000000,0.000000,-0.000000,-1.000000,0.000000,0.000000,1.000000,-0.000000,0.000000,0.000000,0.000000,0.000000,1.000000;;
 }

 Frame Bip01 {
  

  FrameTransformMatrix {
   -0.087155,0.982405,-0.165183,0.000000,-0.000001,0.165814,0.986157,0.000000,0.996195,0.085949,-0.014450,0.000000,-0.010000,-0.012284,0.490453,1.000000;;
  }

  Frame Bip01_Pelvis {
   

   FrameTransformMatrix {
    0.000000,1.000000,-0.000001,0.000000,-0.000001,0.000001,1.000000,0.000000,1.000000,0.000000,0.000001,0.000000,0.000000,0.000000,0.000000,1.000000;;
   }

   Frame Bip01_Spine {
    

    FrameTransformMatrix {
     0.984686,0.000002,-0.174337,0.000000,-0.000001,1.000000,0.000004,0.000000,0.174337,-0.000004,0.984686,0.000000,0.051619,0.000000,-0.000083,1.000000;;
    }

    Frame Bip01_Spine1 {
     

     FrameTransformMatrix {
      0.997819,0.052687,0.039774,0.000000,-0.044862,0.983198,-0.176942,0.000000,-0.048428,0.174771,0.983417,0.000000,0.106484,-0.000015,-0.000083,1.000000;;
     }

     Frame Bip01_Neck {
      

      FrameTransformMatrix {
       0.966067,-0.020835,0.257451,0.000000,0.025191,0.999590,-0.013632,0.000000,-0.257061,0.019655,0.966195,0.000000,0.130511,-0.000001,0.004626,1.000000;;
      }

      Frame Bip01_Head {
       

       FrameTransformMatrix {
        0.989321,-0.051753,-0.136255,0.000000,0.064251,0.993958,0.088989,0.000000,0.130826,-0.096793,0.986669,0.000000,0.033674,-0.000000,-0.000000,1.000000;;
       }
      }

      Frame Bip01_L_Clavicle {
       

       FrameTransformMatrix {
        -0.205975,0.976135,0.068811,0.000000,0.943873,0.216738,-0.249254,0.000000,-0.258220,0.013609,-0.965990,0.000000,-0.024734,0.015166,0.002017,1.000000;;
       }

       Frame Bip01_L_UpperArm {
        

        FrameTransformMatrix {
         0.385871,-0.777669,0.496320,0.000000,0.922466,0.332598,-0.196046,0.000000,-0.012616,0.533487,0.845714,0.000000,0.087086,-0.000000,0.000000,1.000000;;
        }

        Frame Bip01_L_Forearm {
         

         FrameTransformMatrix {
          0.943939,0.000000,-0.330119,0.000000,0.000000,1.000000,-0.000000,0.000000,0.330119,-0.000000,0.943939,0.000000,0.137062,-0.000000,0.000000,1.000000;;
         }

         Frame Bip01_L_Hand {
          

          FrameTransformMatrix {
           1.000000,-0.000000,0.000000,0.000000,0.000000,0.000796,1.000000,0.000000,0.000000,-1.000000,0.000796,0.000000,0.137062,0.000000,0.000000,1.000000;;
          }

          Frame Bip01_L_Finger0 {
           

           FrameTransformMatrix {
            0.690342,-0.181727,0.700288,0.000000,0.558537,0.749101,-0.356210,0.000000,-0.459853,0.637043,0.618637,0.000000,0.057681,-0.023605,-0.000272,1.000000;;
           }
          }

          Frame Bip01_L_Finger1 {
           

           FrameTransformMatrix {
            0.728079,-0.000546,0.685493,0.000000,0.000000,1.000000,0.000796,0.000000,-0.685493,-0.000580,0.728079,0.000000,0.084102,0.000000,0.000000,1.000000;;
           }
          }
         }
        }
       }
      }

      Frame Bip01_R_Clavicle {
       

       FrameTransformMatrix {
        -0.028509,-0.999573,-0.006461,0.000000,-0.965665,0.025871,0.258498,0.000000,-0.258220,0.013609,-0.965990,0.000000,-0.024080,-0.016250,0.001399,1.000000;;
       }

       Frame Bip01_R_UpperArm {
        

        FrameTransformMatrix {
         0.221390,0.975047,0.016433,0.000000,-0.974986,0.221654,-0.016512,0.000000,-0.019742,-0.012366,0.999729,0.000000,0.087086,0.000000,0.000000,1.000000;;
        }

        Frame Bip01_R_Forearm {
         

         FrameTransformMatrix {
          0.915660,-0.000000,-0.401954,0.000000,-0.000000,1.000000,-0.000000,0.000000,0.401954,-0.000000,0.915660,0.000000,0.137062,0.000000,-0.000000,1.000000;;
         }

         Frame Bip01_R_Hand {
          

          FrameTransformMatrix {
           0.975195,-0.000000,-0.221346,0.000000,-0.221346,0.000796,-0.975195,0.000000,0.000176,1.000000,0.000777,0.000000,0.137062,0.000000,0.000000,1.000000;;
          }

          Frame Bip01_R_Finger0 {
           

           FrameTransformMatrix {
            0.417774,-0.116941,0.900994,0.000000,-0.558537,0.749101,0.356210,0.000000,-0.716591,-0.652054,0.247639,0.000000,0.057681,0.023605,-0.000272,1.000000;;
           }
          }

          Frame Bip01_R_Finger1 {
           

           FrameTransformMatrix {
            0.352436,0.000745,0.935835,0.000000,-0.000000,1.000000,-0.000796,0.000000,-0.935836,0.000281,0.352436,0.000000,0.084102,0.000000,0.000000,1.000000;;
           }
          }
         }
        }
       }
      }
     }

     Frame Bip01_BackPack {
      

      FrameTransformMatrix {
       0.180560,0.080500,-0.980264,0.000000,0.047560,0.994764,0.090451,0.000000,0.982413,-0.062954,0.175786,0.000000,0.063697,0.000003,-0.088856,1.000000;;
      }
     }
    }

    Frame Bip01_L_Thigh {
     

     FrameTransformMatrix {
      -0.888504,0.030427,0.457858,0.000000,-0.032107,-0.999476,0.004114,0.000000,0.457744,-0.011045,0.889016,0.000000,-0.050843,0.055225,-0.008917,1.000000;;
     }

     Frame Bip01_L_Calf {
      

      FrameTransformMatrix {
       0.942235,-0.000000,-0.334952,0.000000,-0.000000,1.000000,-0.000000,0.000000,0.334952,0.000000,0.942235,0.000000,0.237500,0.000000,-0.000000,1.000000;;
      }

      Frame Bip01_L_Foot {
       

       FrameTransformMatrix {
        0.924325,-0.026487,0.380687,0.000000,-0.068962,0.969570,0.234901,0.000000,-0.375325,-0.243378,0.894371,0.000000,0.206841,-0.000000,0.000000,1.000000;;
       }

       Frame Bip01_L_Toe0 {
        

        FrameTransformMatrix {
         0.000000,0.000000,1.000000,0.000000,0.000000,1.000000,-0.000000,0.000000,-1.000000,0.000000,0.000000,0.000000,0.065373,0.000000,0.066450,1.000000;;
        }
       }
      }
     }
    }

    Frame Bip01_R_Thigh {
     

     FrameTransformMatrix {
      -0.996965,0.030321,-0.071704,0.000000,-0.029454,-0.999480,-0.013113,0.000000,-0.072065,-0.010961,0.997340,0.000000,-0.050843,-0.055225,-0.008917,1.000000;;
     }

     Frame Bip01_R_Calf {
      

      FrameTransformMatrix {
       0.730239,0.000000,-0.683192,0.000000,0.000000,1.000000,0.000000,0.000000,0.683192,-0.000000,0.730239,0.000000,0.237500,0.000000,0.000000,1.000000;;
      }

      Frame Bip01_R_Foot {
       

       FrameTransformMatrix {
        0.991957,0.087165,-0.091782,0.000000,-0.093276,0.993546,-0.064539,0.000000,0.085565,0.072581,0.993685,0.000000,0.206841,-0.000000,0.000000,1.000000;;
       }

       Frame Bip01_R_Toe0 {
        

        FrameTransformMatrix {
         0.000000,0.000000,1.000000,0.000000,0.000000,1.000000,-0.000000,0.000000,-1.000000,0.000000,0.000000,0.000000,0.065373,0.000000,0.066450,1.000000;;
        }
       }
      }
     }
    }
   }

   Frame Bip01_DressFront {
    

    FrameTransformMatrix {
     -0.880185,-0.088339,0.466338,0.000000,0.121847,0.907542,0.401896,0.000000,-0.458725,0.410564,-0.788041,0.000000,-0.043935,0.001339,0.061057,1.000000;;
    }

    Frame Bip01_DressFront02 {
     

     FrameTransformMatrix {
      0.912593,0.000001,0.408870,0.000000,-0.000001,1.000000,-0.000000,0.000000,-0.408870,-0.000000,0.912593,0.000000,0.183378,-0.000000,-0.000120,1.000000;;
     }
    }
   }

   Frame Bip01_DressBack {
    

    FrameTransformMatrix {
     -0.886023,0.038029,0.462080,0.000000,0.191625,0.937561,0.290274,0.000000,-0.422190,0.345735,-0.837988,0.000000,-0.047673,-0.000048,-0.078302,1.000000;;
    }

    Frame Bip01_DressBack02 {
     

     FrameTransformMatrix {
      0.936852,0.174932,-0.302833,0.000000,-0.166408,0.984581,0.053939,0.000000,0.307600,-0.000139,0.951516,0.000000,0.176125,0.000000,-0.000103,1.000000;;
     }
    }
   }
  }

  Frame Bip01_Prop1 {
   

   FrameTransformMatrix {
    -0.233929,-0.108090,0.966226,0.000000,0.687222,0.684611,0.242967,0.000000,-0.687752,0.720850,-0.085868,0.000000,0.108125,-0.048422,-0.137969,1.000000;;
   }
  }

  Frame Bip01_Prop2 {
   

   FrameTransformMatrix {
    -0.163643,-0.967062,0.194966,0.000000,0.985576,-0.168906,-0.010564,0.000000,0.043147,0.190425,0.980753,0.000000,-0.138405,-0.102098,0.114818,1.000000;;
   }
  }
 }
}

Frame Translation_Data {
 

 FrameTransformMatrix {
  1.000000,0.000000,0.000000,0.000000,0.000000,1.000000,0.000000,0.000000,0.000000,0.000000,1.000000,0.000000,0.000000,-0.000000,0.000000,1.000000;;
 }
}

Frame ClothSatchel_RHand {
 

 FrameTransformMatrix {
  1.000000,0.000000,0.000000,0.000000,0.000000,1.000000,0.000000,0.000000,0.000000,0.000000,1.000000,0.000000,0.000000,0.000000,0.000000,1.000000;;
 }

 Mesh ClothSatchel_RHand {
  432;
  -0.498443;0.653400;-0.022577;,
  -0.493365;0.644073;-0.029472;,
  -0.492773;0.644157;-0.023456;,
  -0.493365;0.644073;-0.029472;,
  -0.498443;0.653400;-0.022577;,
  -0.499036;0.653316;-0.028593;,
  -0.489357;0.661736;-0.015307;,
  -0.460457;0.676503;0.001363;,
  -0.486422;0.661816;-0.021629;,
  -0.464063;0.675879;0.005733;,
  -0.486422;0.661816;-0.021629;,
  -0.455838;0.668295;0.000871;,
  -0.481878;0.653133;-0.023066;,
  -0.460457;0.676503;0.001363;,
  -0.481878;0.653133;-0.023066;,
  -0.459339;0.667674;0.006740;,
  -0.484813;0.653054;-0.016743;,
  -0.455838;0.668295;0.000871;,
  -0.489357;0.661736;-0.015307;,
  -0.459339;0.667674;0.006740;,
  -0.464063;0.675879;0.005733;,
  -0.484813;0.653054;-0.016743;,
  -0.433007;0.686614;0.009882;,
  -0.438865;0.684171;0.012064;,
  -0.428065;0.678767;0.009491;,
  -0.433007;0.686614;0.009882;,
  -0.428065;0.678767;0.009491;,
  -0.434061;0.676561;0.011680;,
  -0.434061;0.676561;0.011680;,
  -0.438865;0.684171;0.012064;,
  -0.434391;0.689856;0.040814;,
  -0.428244;0.693528;0.041011;,
  -0.423590;0.684191;0.041032;,
  -0.428244;0.693528;0.041011;,
  -0.423590;0.684191;0.041032;,
  -0.430697;0.681795;0.040889;,
  -0.434391;0.689856;0.040814;,
  -0.430697;0.681795;0.040889;,
  -0.445002;0.670261;0.075713;,
  -0.440278;0.676704;0.074184;,
  -0.429787;0.671281;0.075008;,
  -0.440278;0.676704;0.074184;,
  -0.434446;0.667100;0.075987;,
  -0.429787;0.671281;0.075008;,
  -0.445002;0.670261;0.075713;,
  -0.434446;0.667100;0.075987;,
  -0.437981;0.683155;0.080047;,
  -0.438585;0.683459;0.086835;,
  -0.426803;0.677018;0.079231;,
  -0.437981;0.683155;0.080047;,
  -0.427448;0.677195;0.086015;,
  -0.426803;0.677018;0.079231;,
  -0.438585;0.683459;0.086835;,
  -0.427448;0.677195;0.086015;,
  -0.480918;0.652616;0.125487;,
  -0.487878;0.661689;0.118583;,
  -0.482083;0.652097;0.117826;,
  -0.487878;0.661689;0.118583;,
  -0.480918;0.652616;0.125487;,
  -0.486694;0.662061;0.126246;,
  -0.441732;0.687814;0.003063;,
  -0.437779;0.689343;-0.006756;,
  -0.442762;0.684304;-0.014470;,
  -0.434483;0.692437;0.003677;,
  -0.431246;0.676813;-0.006977;,
  -0.434483;0.692437;0.003677;,
  -0.428137;0.682474;0.006892;,
  -0.437779;0.689343;-0.006756;,
  -0.435386;0.677851;0.006278;,
  -0.431246;0.676813;-0.006977;,
  -0.428137;0.682474;0.006892;,
  -0.436149;0.672229;-0.011281;,
  -0.442762;0.684304;-0.014470;,
  -0.435386;0.677851;0.006278;,
  -0.441732;0.687814;0.003063;,
  -0.436149;0.672229;-0.011281;,
  -0.425577;0.696714;-0.009654;,
  -0.433543;0.691875;-0.007177;,
  -0.424462;0.680356;-0.006375;,
  -0.433543;0.691875;-0.007177;,
  -0.424462;0.680356;-0.006375;,
  -0.416635;0.685760;-0.008934;,
  -0.425577;0.696714;-0.009654;,
  -0.416635;0.685760;-0.008934;,
  -0.428077;0.702553;0.027021;,
  -0.436052;0.695943;0.029050;,
  -0.425338;0.684741;0.028581;,
  -0.436052;0.695943;0.029050;,
  -0.419040;0.690437;0.026750;,
  -0.425338;0.684741;0.028581;,
  -0.428077;0.702553;0.027021;,
  -0.419040;0.690437;0.026750;,
  -0.433351;0.696371;0.055481;,
  -0.425494;0.700826;0.057256;,
  -0.425345;0.686343;0.059001;,
  -0.433351;0.696371;0.055481;,
  -0.417488;0.690798;0.060776;,
  -0.425345;0.686343;0.059001;,
  -0.425494;0.700826;0.057256;,
  -0.417488;0.690798;0.060776;,
  -0.424964;0.697136;0.075700;,
  -0.427353;0.691823;0.070099;,
  -0.419913;0.686799;0.072581;,
  -0.427353;0.691823;0.070099;,
  -0.416288;0.691057;0.078302;,
  -0.419913;0.686799;0.072581;,
  -0.424964;0.697136;0.075700;,
  -0.416288;0.691057;0.078302;,
  -0.492773;0.644157;-0.023456;,
  -0.498443;0.653400;-0.022577;,
  -0.493365;0.644073;-0.029472;,
  -0.492773;0.644157;-0.023456;,
  -0.499036;0.653316;-0.028593;,
  -0.493365;0.644073;-0.029472;,
  -0.498443;0.653400;-0.022577;,
  -0.499036;0.653316;-0.028593;,
  -0.425663;0.681988;0.068099;,
  -0.433343;0.678860;0.065746;,
  -0.438954;0.691575;0.066119;,
  -0.433343;0.678860;0.065746;,
  -0.438954;0.691575;0.066119;,
  -0.431274;0.694704;0.068471;,
  -0.425663;0.681988;0.068099;,
  -0.431274;0.694704;0.068471;,
  -0.463242;0.660868;0.089130;,
  -0.458693;0.664008;0.095764;,
  -0.468217;0.672157;0.088985;,
  -0.463242;0.660868;0.089130;,
  -0.463250;0.674578;0.095601;,
  -0.468217;0.672157;0.088985;,
  -0.458693;0.664008;0.095764;,
  -0.463250;0.674578;0.095601;,
  -0.482083;0.652097;0.117826;,
  -0.480918;0.652616;0.125487;,
  -0.487878;0.661689;0.118583;,
  -0.482083;0.652097;0.117826;,
  -0.486694;0.662061;0.126246;,
  -0.487878;0.661689;0.118583;,
  -0.480918;0.652616;0.125487;,
  -0.486694;0.662061;0.126246;,
  -0.517095;0.642086;-0.021154;,
  -0.511682;0.632245;-0.027470;,
  -0.511173;0.632508;-0.021234;,
  -0.517603;0.641823;-0.027390;,
  -0.499070;0.653246;-0.023093;,
  -0.493656;0.643406;-0.029409;,
  -0.499578;0.652984;-0.029329;,
  -0.493148;0.643668;-0.023173;,
  -0.493148;0.643668;-0.023173;,
  -0.511682;0.632245;-0.027470;,
  -0.493656;0.643406;-0.029409;,
  -0.511173;0.632508;-0.021234;,
  -0.499070;0.653246;-0.023093;,
  -0.511173;0.632508;-0.021234;,
  -0.493148;0.643668;-0.023173;,
  -0.517095;0.642086;-0.021154;,
  -0.499578;0.652984;-0.029329;,
  -0.517095;0.642086;-0.021154;,
  -0.499070;0.653246;-0.023093;,
  -0.517603;0.641823;-0.027390;,
  -0.493656;0.643406;-0.029409;,
  -0.517603;0.641823;-0.027390;,
  -0.499578;0.652984;-0.029329;,
  -0.511682;0.632245;-0.027470;,
  -0.505021;0.650609;0.127720;,
  -0.499483;0.640848;0.121390;,
  -0.498976;0.641110;0.127626;,
  -0.505529;0.650348;0.121484;,
  -0.487144;0.662006;0.125788;,
  -0.481605;0.652245;0.119458;,
  -0.487651;0.661745;0.119552;,
  -0.481098;0.652506;0.125694;,
  -0.481098;0.652506;0.125694;,
  -0.499483;0.640848;0.121390;,
  -0.481605;0.652245;0.119458;,
  -0.498976;0.641110;0.127626;,
  -0.487144;0.662006;0.125788;,
  -0.498976;0.641110;0.127626;,
  -0.481098;0.652506;0.125694;,
  -0.505021;0.650609;0.127720;,
  -0.487651;0.661745;0.119552;,
  -0.505021;0.650609;0.127720;,
  -0.487144;0.662006;0.125788;,
  -0.505529;0.650348;0.121484;,
  -0.481605;0.652245;0.119458;,
  -0.505529;0.650348;0.121484;,
  -0.487651;0.661745;0.119552;,
  -0.499483;0.640848;0.121390;,
  -0.620814;0.600936;-0.005489;,
  -0.601054;0.577714;-0.032964;,
  -0.612411;0.579203;0.000294;,
  -0.608471;0.599317;-0.041636;,
  -0.626745;0.603139;0.036669;,
  -0.617868;0.581230;0.039083;,
  -0.623909;0.605666;0.078825;,
  -0.615259;0.583555;0.077871;,
  -0.486102;0.647699;-0.016981;,
  -0.500913;0.660426;0.002933;,
  -0.493588;0.648746;0.006065;,
  -0.492882;0.659303;-0.021790;,
  -0.504724;0.661936;0.031695;,
  -0.497140;0.650154;0.032875;,
  -0.502790;0.663660;0.060441;,
  -0.495338;0.651761;0.059670;,
  -0.574786;0.564456;0.007964;,
  -0.516503;0.602491;-0.015484;,
  -0.524637;0.603581;0.008741;,
  -0.565924;0.565143;-0.018637;,
  -0.579368;0.566157;0.040532;,
  -0.528529;0.605059;0.036970;,
  -0.577177;0.568110;0.073100;,
  -0.526630;0.606751;0.065193;,
  -0.616336;0.627307;0.034211;,
  -0.557213;0.659384;0.068394;,
  -0.559685;0.657180;0.031642;,
  -0.613459;0.629871;0.076980;,
  -0.610319;0.625072;-0.008559;,
  -0.554617;0.655256;-0.005119;,
  -0.599099;0.625829;-0.028798;,
  -0.582211;0.632486;-0.037298;,
  -0.592809;0.627274;-0.036072;,
  -0.544025;0.653836;-0.036665;,
  -0.619848;0.610511;-0.007271;,
  -0.607281;0.608862;-0.044071;,
  -0.596598;0.562194;0.005295;,
  -0.577548;0.558023;-0.021371;,
  -0.587674;0.559037;0.007057;,
  -0.586095;0.559297;-0.026838;,
  -0.625886;0.612753;0.035650;,
  -0.592453;0.560812;0.041027;,
  -0.601581;0.564044;0.040716;,
  -0.622999;0.615326;0.078570;,
  -0.590168;0.562848;0.074995;,
  -0.599198;0.566168;0.076135;,
  -0.587674;0.559037;0.007057;,
  -0.577548;0.558023;-0.021371;,
  -0.592453;0.560812;0.041027;,
  -0.590168;0.562848;0.074995;,
  -0.615558;0.622381;0.034712;,
  -0.622999;0.615326;0.078570;,
  -0.612715;0.624914;0.076969;,
  -0.625886;0.612753;0.035650;,
  -0.609613;0.620173;-0.007545;,
  -0.619848;0.610511;-0.007271;,
  -0.598492;0.620944;-0.027467;,
  -0.607281;0.608862;-0.044071;,
  -0.530020;0.624233;-0.032655;,
  -0.497104;0.654865;-0.025568;,
  -0.490832;0.643985;-0.020845;,
  -0.489195;0.630999;-0.013532;,
  -0.496414;0.632009;0.008691;,
  -0.499840;0.633367;0.034545;,
  -0.498102;0.634916;0.060384;,
  -0.518706;0.670175;0.062469;,
  -0.520820;0.668292;0.031050;,
  -0.516654;0.666640;-0.000387;,
  -0.507876;0.665413;-0.027410;,
  -0.492234;0.641277;0.007602;,
  -0.484968;0.640261;-0.014766;,
  -0.497792;0.664208;-0.024376;,
  -0.506136;0.665375;0.001310;,
  -0.495682;0.642644;0.033624;,
  -0.510095;0.666945;0.031192;,
  -0.493933;0.644203;0.059631;,
  -0.508086;0.668735;0.061057;,
  -0.604217;0.600719;-0.045133;,
  -0.596431;0.579572;-0.039564;,
  -0.493234;0.658125;-0.024381;,
  -0.486629;0.646707;-0.019481;,
  -0.598969;0.609185;-0.047253;,
  -0.595001;0.617646;-0.047005;,
  -0.592624;0.615329;-0.047018;,
  -0.604100;0.608843;-0.047324;,
  -0.599062;0.603230;-0.045632;,
  -0.604217;0.600719;-0.045133;,
  -0.577674;0.564515;-0.030335;,
  -0.596431;0.579572;-0.039564;,
  -0.591548;0.582487;-0.040149;,
  -0.582009;0.560904;-0.029552;,
  -0.572682;0.563149;-0.026480;,
  -0.575175;0.559036;-0.024326;,
  -0.565372;0.567677;-0.024660;,
  -0.564680;0.565520;-0.021749;,
  -0.518400;0.604534;-0.020304;,
  -0.516266;0.602936;-0.018299;,
  -0.542004;0.647774;-0.038027;,
  -0.541295;0.644570;-0.038120;,
  -0.516266;0.602936;-0.018299;,
  -0.564680;0.565520;-0.021749;,
  -0.581866;0.627465;-0.035867;,
  -0.542004;0.647774;-0.038027;,
  -0.595001;0.617646;-0.047005;,
  -0.543462;0.648956;-0.035227;,
  -0.604100;0.608843;-0.047324;,
  -0.575175;0.559036;-0.024326;,
  -0.582009;0.560904;-0.029552;,
  -0.575175;0.559036;-0.024326;,
  -0.604100;0.608843;-0.047324;,
  -0.493021;0.631273;-0.018077;,
  -0.489520;0.631006;-0.016146;,
  -0.489949;0.637989;-0.018986;,
  -0.485578;0.639631;-0.017309;,
  -0.486629;0.646707;-0.019481;,
  -0.493234;0.658125;-0.024381;,
  -0.501694;0.658363;-0.027830;,
  -0.498664;0.662253;-0.027018;,
  -0.508624;0.658339;-0.029826;,
  -0.507579;0.662224;-0.029545;,
  -0.489520;0.631006;-0.016146;,
  -0.507876;0.665413;-0.027410;,
  -0.507579;0.662224;-0.029545;,
  -0.485578;0.639631;-0.017309;,
  -0.498664;0.662253;-0.027018;,
  -0.489520;0.631006;-0.016146;,
  -0.586623;0.590067;0.151586;,
  -0.612388;0.608446;0.119775;,
  -0.604658;0.586113;0.115549;,
  -0.594005;0.611509;0.154515;,
  -0.477725;0.655165;0.107542;,
  -0.495163;0.665550;0.088411;,
  -0.483896;0.667312;0.111798;,
  -0.488228;0.653523;0.085742;,
  -0.568277;0.570257;0.104734;,
  -0.507691;0.610344;0.115503;,
  -0.555090;0.572260;0.131085;,
  -0.518994;0.608610;0.092624;,
  -0.601770;0.632691;0.118524;,
  -0.547269;0.661805;0.104115;,
  -0.589876;0.634563;0.138663;,
  -0.572059;0.642048;0.143980;,
  -0.532551;0.664063;0.133909;,
  -0.582684;0.636813;0.144808;,
  -0.611269;0.618157;0.120260;,
  -0.593839;0.620578;0.154159;,
  -0.589518;0.568503;0.110540;,
  -0.567130;0.567177;0.135475;,
  -0.574085;0.571377;0.139083;,
  -0.580884;0.565088;0.107991;,
  -0.580884;0.565088;0.107991;,
  -0.567130;0.567177;0.135475;,
  -0.601167;0.627701;0.118015;,
  -0.611269;0.618157;0.120260;,
  -0.589414;0.629550;0.137853;,
  -0.593839;0.620578;0.154159;,
  -0.487540;0.663389;0.116606;,
  -0.518484;0.633302;0.131418;,
  -0.481868;0.651974;0.112416;,
  -0.481118;0.638198;0.106547;,
  -0.491245;0.636615;0.085526;,
  -0.510369;0.672241;0.093040;,
  -0.498054;0.674167;0.118601;,
  -0.487032;0.645914;0.084937;,
  -0.476838;0.647507;0.106096;,
  -0.488456;0.672529;0.114414;,
  -0.500162;0.670699;0.090116;,
  -0.590625;0.612929;0.157512;,
  -0.583279;0.591263;0.154193;,
  -0.483889;0.666453;0.114535;,
  -0.477906;0.654481;0.110189;,
  -0.585323;0.621572;0.156969;,
  -0.581459;0.629691;0.154166;,
  -0.590442;0.621268;0.157243;,
  -0.579059;0.627448;0.154810;,
  -0.585465;0.615456;0.157152;,
  -0.590625;0.612929;0.157512;,
  -0.566345;0.576031;0.141124;,
  -0.583279;0.591263;0.154193;,
  -0.570977;0.572692;0.141475;,
  -0.578385;0.594188;0.153770;,
  -0.561728;0.573195;0.138592;,
  -0.564657;0.568827;0.138056;,
  -0.554153;0.576410;0.135714;,
  -0.553782;0.573437;0.133966;,
  -0.508945;0.612961;0.120256;,
  -0.507085;0.611118;0.118188;,
  -0.530317;0.658190;0.135700;,
  -0.529577;0.655014;0.136078;,
  -0.507085;0.611118;0.118188;,
  -0.553782;0.573437;0.133966;,
  -0.530317;0.658190;0.135700;,
  -0.571663;0.637027;0.143056;,
  -0.581459;0.629691;0.154166;,
  -0.532146;0.659042;0.132999;,
  -0.590442;0.621268;0.157243;,
  -0.564657;0.568827;0.138056;,
  -0.570977;0.572692;0.141475;,
  -0.564657;0.568827;0.138056;,
  -0.590442;0.621268;0.157243;,
  -0.484304;0.639041;0.111497;,
  -0.481091;0.638518;0.109162;,
  -0.481193;0.645792;0.111182;,
  -0.477098;0.647189;0.108754;,
  -0.477906;0.654481;0.110189;,
  -0.483889;0.666453;0.114535;,
  -0.491815;0.667167;0.119028;,
  -0.488952;0.670909;0.117362;,
  -0.498416;0.667437;0.121920;,
  -0.497450;0.671253;0.121042;,
  -0.481091;0.638518;0.109162;,
  -0.498054;0.674167;0.118601;,
  -0.497450;0.671253;0.121042;,
  -0.477098;0.647189;0.108754;,
  -0.488952;0.670909;0.117362;,
  -0.481091;0.638518;0.109162;,
  -0.612715;0.624914;0.076969;,
  -0.616336;0.627307;0.034211;,
  -0.615558;0.622381;0.034712;,
  -0.613459;0.629871;0.076980;,
  -0.610319;0.625072;-0.008559;,
  -0.609613;0.620173;-0.007545;,
  -0.598492;0.620944;-0.027467;,
  -0.599099;0.625829;-0.028798;,
  -0.543462;0.648956;-0.035227;,
  -0.582211;0.632486;-0.037298;,
  -0.544025;0.653836;-0.036665;,
  -0.581866;0.627465;-0.035867;,
  -0.507876;0.665413;-0.027410;,
  -0.498054;0.674167;0.118601;,
  -0.532551;0.664063;0.133909;,
  -0.532146;0.659042;0.132999;,
  -0.572059;0.642048;0.143980;,
  -0.571663;0.637027;0.143056;,
  -0.601167;0.627701;0.118015;,
  -0.589876;0.634563;0.138663;,
  -0.601770;0.632691;0.118524;,
  -0.589414;0.629550;0.137853;,
  -0.592240;0.622393;-0.034649;,
  -0.582271;0.631793;0.143913;,
  -0.592240;0.622393;-0.034649;,
  -0.592809;0.627274;-0.036072;,
  -0.582271;0.631793;0.143913;,
  -0.582684;0.636813;0.144808;;
  480;
  3;0,1,2;,
  3;3,4,5;,
  3;6,7,8;,
  3;7,6,9;,
  3;10,11,12;,
  3;11,10,13;,
  3;14,15,16;,
  3;15,14,17;,
  3;18,19,20;,
  3;19,18,21;,
  3;9,22,7;,
  3;22,9,23;,
  3;13,24,11;,
  3;24,13,25;,
  3;15,26,27;,
  3;26,15,17;,
  3;20,28,29;,
  3;28,20,19;,
  3;22,30,31;,
  3;30,22,23;,
  3;25,32,24;,
  3;32,25,33;,
  3;27,34,35;,
  3;34,27,26;,
  3;28,36,29;,
  3;36,28,37;,
  3;31,38,39;,
  3;38,31,30;,
  3;33,40,32;,
  3;40,33,41;,
  3;34,42,35;,
  3;42,34,43;,
  3;37,44,36;,
  3;44,37,45;,
  3;38,46,39;,
  3;46,38,47;,
  3;41,48,40;,
  3;48,41,49;,
  3;43,50,42;,
  3;50,43,51;,
  3;45,52,44;,
  3;52,45,53;,
  3;54,55,56;,
  3;57,58,59;,
  3;60,61,62;,
  3;61,60,63;,
  3;64,65,66;,
  3;65,64,67;,
  3;68,69,70;,
  3;69,68,71;,
  3;72,73,74;,
  3;73,72,75;,
  3;76,61,77;,
  3;61,76,62;,
  3;78,67,64;,
  3;67,78,79;,
  3;71,80,69;,
  3;80,71,81;,
  3;82,75,72;,
  3;75,82,83;,
  3;77,84,76;,
  3;84,77,85;,
  3;86,79,78;,
  3;79,86,87;,
  3;88,80,81;,
  3;80,88,89;,
  3;90,83,82;,
  3;83,90,91;,
  3;84,92,93;,
  3;92,84,85;,
  3;94,87,86;,
  3;87,94,95;,
  3;89,96,97;,
  3;96,89,88;,
  3;98,91,90;,
  3;91,98,99;,
  3;92,100,93;,
  3;100,92,101;,
  3;102,95,94;,
  3;95,102,103;,
  3;97,104,105;,
  3;104,97,96;,
  3;106,99,98;,
  3;99,106,107;,
  3;53,106,52;,
  3;106,53,107;,
  3;46,100,101;,
  3;100,46,47;,
  3;49,102,48;,
  3;102,49,103;,
  3;50,105,104;,
  3;105,50,51;,
  3;108,18,109;,
  3;18,108,21;,
  3;110,16,111;,
  3;16,110,14;,
  3;112,12,113;,
  3;12,112,10;,
  3;114,8,115;,
  3;8,114,6;,
  3;116,68,70;,
  3;68,116,117;,
  3;118,73,119;,
  3;73,118,74;,
  3;120,63,60;,
  3;63,120,121;,
  3;122,65,123;,
  3;65,122,66;,
  3;124,116,125;,
  3;116,124,117;,
  3;126,119,127;,
  3;119,126,118;,
  3;128,120,129;,
  3;120,128,121;,
  3;130,123,131;,
  3;123,130,122;,
  3;132,125,133;,
  3;125,132,124;,
  3;134,127,135;,
  3;127,134,126;,
  3;136,129,137;,
  3;129,136,128;,
  3;138,131,139;,
  3;131,138,130;,
  3;140,141,142;,
  3;141,140,143;,
  3;144,145,146;,
  3;145,144,147;,
  3;148,149,150;,
  3;149,148,151;,
  3;152,153,154;,
  3;153,152,155;,
  3;156,157,158;,
  3;157,156,159;,
  3;160,161,162;,
  3;161,160,163;,
  3;164,165,166;,
  3;165,164,167;,
  3;168,169,170;,
  3;169,168,171;,
  3;172,173,174;,
  3;173,172,175;,
  3;176,177,178;,
  3;177,176,179;,
  3;180,181,182;,
  3;181,180,183;,
  3;184,185,186;,
  3;185,184,187;,
  3;188,189,190;,
  3;189,188,191;,
  3;192,190,193;,
  3;190,192,188;,
  3;194,193,195;,
  3;193,194,192;,
  3;196,197,198;,
  3;197,196,199;,
  3;198,200,201;,
  3;200,198,197;,
  3;201,202,203;,
  3;202,201,200;,
  3;204,205,206;,
  3;205,204,207;,
  3;208,206,209;,
  3;206,208,204;,
  3;210,209,211;,
  3;209,210,208;,
  3;212,213,214;,
  3;213,212,215;,
  3;216,214,217;,
  3;214,216,212;,
  3;217,218,216;,
  3;218,219,220;,
  3;217,219,218;,
  3;217,221,219;,
  3;191,222,223;,
  3;222,191,188;,
  3;224,225,226;,
  3;225,224,227;,
  3;192,222,188;,
  3;222,192,228;,
  3;224,229,230;,
  3;229,224,226;,
  3;194,228,192;,
  3;228,194,231;,
  3;230,232,233;,
  3;232,230,229;,
  3;207,234,235;,
  3;234,207,204;,
  3;208,234,204;,
  3;234,208,236;,
  3;210,236,208;,
  3;236,210,237;,
  3;238,239,240;,
  3;239,238,241;,
  3;242,241,238;,
  3;241,242,243;,
  3;244,243,242;,
  3;243,244,245;,
  3;246,247,248;,
  3;206,249,250;,
  3;249,206,205;,
  3;209,250,251;,
  3;250,209,206;,
  3;211,251,252;,
  3;251,211,209;,
  3;214,253,254;,
  3;253,214,213;,
  3;217,254,255;,
  3;254,217,214;,
  3;217,256,221;,
  3;256,217,255;,
  3;196,257,258;,
  3;257,196,198;,
  3;197,259,260;,
  3;259,197,199;,
  3;201,257,198;,
  3;257,201,261;,
  3;197,262,200;,
  3;262,197,260;,
  3;203,261,201;,
  3;261,203,263;,
  3;200,264,202;,
  3;264,200,262;,
  3;250,258,257;,
  3;258,250,249;,
  3;250,261,251;,
  3;261,250,257;,
  3;251,263,252;,
  3;263,251,261;,
  3;253,262,254;,
  3;262,253,264;,
  3;254,260,255;,
  3;260,254,262;,
  3;256,260,259;,
  3;260,256,255;,
  3;189,265,266;,
  3;265,189,191;,
  3;196,267,199;,
  3;267,196,268;,
  3;269,270,271;,
  3;270,269,272;,
  3;273,272,269;,
  3;272,273,274;,
  3;275,276,277;,
  3;276,275,278;,
  3;279,278,275;,
  3;278,279,280;,
  3;281,280,279;,
  3;280,281,282;,
  3;283,282,281;,
  3;282,283,284;,
  3;271,285,286;,
  3;285,271,270;,
  3;207,287,205;,
  3;287,207,288;,
  3;289,290,291;,
  3;290,289,292;,
  3;223,265,191;,
  3;265,223,293;,
  3;227,294,225;,
  3;294,227,295;,
  3;235,288,207;,
  3;288,235,296;,
  3;291,297,245;,
  3;298,284,283;,
  3;284,298,299;,
  3;300,299,298;,
  3;299,300,301;,
  3;248,301,300;,
  3;301,248,302;,
  3;247,302,248;,
  3;302,247,303;,
  3;304,303,247;,
  3;303,304,305;,
  3;306,305,304;,
  3;305,306,307;,
  3;286,307,306;,
  3;307,286,285;,
  3;205,308,249;,
  3;308,205,287;,
  3;309,290,292;,
  3;290,309,310;,
  3;258,268,196;,
  3;268,258,311;,
  3;199,312,259;,
  3;312,199,267;,
  3;249,311,258;,
  3;311,249,313;,
  3;259,310,309;,
  3;310,259,312;,
  3;314,315,316;,
  3;315,314,317;,
  3;316,194,195;,
  3;194,316,315;,
  3;318,319,320;,
  3;319,318,321;,
  3;321,202,319;,
  3;202,321,203;,
  3;322,323,324;,
  3;323,322,325;,
  3;210,325,322;,
  3;325,210,211;,
  3;326,213,215;,
  3;213,326,327;,
  3;328,327,326;,
  3;327,329,330;,
  3;328,329,327;,
  3;328,331,329;,
  3;317,332,315;,
  3;332,317,333;,
  3;334,335,336;,
  3;335,334,337;,
  3;194,332,231;,
  3;332,194,315;,
  3;334,232,337;,
  3;232,334,233;,
  3;324,338,322;,
  3;338,324,339;,
  3;210,338,237;,
  3;338,210,322;,
  3;340,239,341;,
  3;239,340,240;,
  3;342,341,343;,
  3;341,342,340;,
  3;344,345,346;,
  3;325,347,323;,
  3;347,325,348;,
  3;211,348,325;,
  3;348,211,252;,
  3;327,253,213;,
  3;253,327,349;,
  3;350,327,330;,
  3;327,350,349;,
  3;318,351,321;,
  3;351,318,352;,
  3;319,353,320;,
  3;353,319,354;,
  3;203,351,263;,
  3;351,203,321;,
  3;319,264,354;,
  3;264,319,202;,
  3;348,352,347;,
  3;352,348,351;,
  3;348,263,351;,
  3;263,348,252;,
  3;253,354,264;,
  3;354,253,349;,
  3;350,354,349;,
  3;354,350,353;,
  3;355,314,356;,
  3;314,355,317;,
  3;318,357,358;,
  3;357,318,320;,
  3;359,360,361;,
  3;360,359,362;,
  3;363,361,364;,
  3;361,363,359;,
  3;365,366,367;,
  3;366,365,368;,
  3;369,367,370;,
  3;367,369,365;,
  3;371,370,372;,
  3;370,371,369;,
  3;373,372,374;,
  3;372,373,371;,
  3;362,375,360;,
  3;375,362,376;,
  3;324,377,378;,
  3;377,324,323;,
  3;379,380,381;,
  3;380,379,382;,
  3;333,355,383;,
  3;355,333,317;,
  3;336,384,385;,
  3;384,336,335;,
  3;339,378,386;,
  3;378,339,324;,
  3;343,387,381;,
  3;388,374,389;,
  3;374,388,373;,
  3;390,389,391;,
  3;389,390,388;,
  3;346,391,392;,
  3;391,346,390;,
  3;344,392,393;,
  3;392,344,346;,
  3;394,393,395;,
  3;393,394,344;,
  3;396,395,397;,
  3;395,396,394;,
  3;376,397,375;,
  3;397,376,396;,
  3;323,398,377;,
  3;398,323,347;,
  3;399,379,400;,
  3;379,399,382;,
  3;352,358,401;,
  3;358,352,318;,
  3;320,402,357;,
  3;402,320,353;,
  3;347,401,403;,
  3;401,347,352;,
  3;353,400,402;,
  3;400,353,399;,
  3;404,405,406;,
  3;405,404,407;,
  3;406,408,409;,
  3;408,406,405;,
  3;410,408,411;,
  3;408,410,409;,
  3;412,413,414;,
  3;413,412,415;,
  3;412,414,416;,
  3;417,418,419;,
  3;419,420,421;,
  3;420,419,418;,
  3;422,423,424;,
  3;423,422,425;,
  3;422,407,404;,
  3;407,422,424;,
  3;289,291,426;,
  3;291,244,426;,
  3;381,380,427;,
  3;343,381,342;,
  3;411,428,410;,
  3;428,411,429;,
  3;415,429,413;,
  3;429,415,428;,
  3;420,430,421;,
  3;430,420,431;,
  3;430,423,425;,
  3;423,430,431;,
  3;224,189,227;,
  3;189,224,190;,
  3;230,190,224;,
  3;190,230,193;,
  3;233,193,230;,
  3;193,233,195;,
  3;189,295,227;,
  3;295,189,266;,
  3;273,276,274;,
  3;276,273,277;,
  3;336,316,334;,
  3;316,336,314;,
  3;334,195,233;,
  3;195,334,316;,
  3;385,314,336;,
  3;314,385,356;,
  3;366,363,364;,
  3;363,366,368;,
  3;345,390,346;,
  3;345,388,390;,
  3;345,373,388;,
  3;373,369,371;,
  3;373,365,369;,
  3;373,368,365;,
  3;373,345,368;,
  3;376,368,345;,
  3;376,363,368;,
  3;376,359,363;,
  3;376,362,359;,
  3;345,396,376;,
  3;345,394,396;,
  3;345,344,394;,
  3;246,304,247;,
  3;246,306,304;,
  3;246,286,306;,
  3;286,269,271;,
  3;286,273,269;,
  3;286,277,273;,
  3;286,246,277;,
  3;283,277,246;,
  3;283,275,277;,
  3;283,279,275;,
  3;283,281,279;,
  3;246,298,283;,
  3;246,300,298;,
  3;246,248,300;,
  3;244,291,245;,
  3;342,381,427;;

  MeshNormals {
   432;
   -0.845016;-0.527016;0.090566;,
   -0.845016;-0.527016;0.090566;,
   -0.845016;-0.527016;0.090566;,
   -0.845013;-0.527019;0.090573;,
   -0.845013;-0.527019;0.090573;,
   -0.845013;-0.527019;0.090573;,
   -0.449560;0.870939;-0.198395;,
   -0.335801;0.930946;-0.143449;,
   -0.476424;0.862122;-0.172526;,
   -0.345746;0.927558;-0.141757;,
   0.406938;0.347612;-0.844729;,
   0.370074;0.266630;-0.889918;,
   0.386449;0.336805;-0.858615;,
   0.380285;0.267638;-0.885298;,
   0.458702;-0.865755;0.200153;,
   0.363863;-0.924129;0.116572;,
   0.465175;-0.869167;0.167815;,
   0.361009;-0.925150;0.117347;,
   -0.450035;-0.349003;0.821989;,
   -0.363742;-0.112414;0.924692;,
   -0.398697;-0.136039;0.906937;,
   -0.419857;-0.357711;0.834124;,
   -0.404749;0.912455;-0.060036;,
   -0.373583;0.926944;0.034797;,
   0.617707;0.421425;-0.663957;,
   0.609459;0.404148;-0.682073;,
   0.364220;-0.928108;0.077203;,
   0.349963;-0.936386;0.026603;,
   -0.614822;-0.380011;0.691076;,
   -0.575964;-0.399620;0.713141;,
   -0.507375;0.854690;0.109889;,
   -0.531954;0.844296;0.064724;,
   0.889224;0.453611;0.059315;,
   0.865057;0.497886;0.061540;,
   0.342490;-0.934565;-0.096378;,
   0.319536;-0.941414;-0.107872;,
   -0.896285;-0.428989;-0.112434;,
   -0.868771;-0.463634;-0.174012;,
   -0.807907;0.585028;-0.070911;,
   -0.814056;0.566873;-0.126367;,
   0.515310;0.815962;-0.262033;,
   0.428228;0.881678;-0.198151;,
   0.644162;-0.764847;-0.008064;,
   0.693060;-0.720272;0.029603;,
   -0.345259;-0.911268;0.224473;,
   -0.297826;-0.902395;0.311420;,
   -0.802300;0.582592;-0.130005;,
   -0.802516;0.588561;-0.097797;,
   -0.002217;0.058498;-0.998285;,
   0.038610;0.108142;-0.993385;,
   0.806215;-0.583498;0.097714;,
   0.848026;-0.521528;0.094136;,
   0.012083;-0.140164;0.990055;,
   -0.006464;-0.053544;0.998545;,
   -0.838766;-0.519633;0.162646;,
   -0.838766;-0.519633;0.162646;,
   -0.838766;-0.519633;0.162646;,
   -0.837256;-0.524440;0.154806;,
   -0.837256;-0.524440;0.154806;,
   -0.837256;-0.524440;0.154806;,
   -0.546790;0.834776;-0.064568;,
   -0.565663;0.812806;-0.139180;,
   -0.572484;0.804942;-0.155983;,
   -0.526975;0.848525;-0.047989;,
   0.644676;0.312611;0.697616;,
   0.853161;0.468140;-0.230133;,
   0.854928;0.486424;-0.180247;,
   0.738361;0.434379;0.515885;,
   0.525797;-0.842690;0.115807;,
   0.466352;-0.819650;0.332699;,
   0.531795;-0.843663;0.073666;,
   0.523101;-0.819041;0.235664;,
   -0.453585;-0.470267;-0.757040;,
   -0.864381;-0.490815;0.109297;,
   -0.854179;-0.507315;0.114063;,
   -0.586583;-0.429184;-0.686820;,
   -0.546394;0.820970;-0.165715;,
   -0.534228;0.844531;-0.036986;,
   -0.579170;-0.444184;0.683566;,
   -0.520522;-0.379849;0.764703;,
   0.577020;-0.812462;0.083392;,
   0.589529;-0.799604;0.114410;,
   0.626262;0.408090;-0.664273;,
   0.587075;0.424927;-0.689042;,
   -0.625325;0.778946;-0.047039;,
   -0.642458;0.765710;-0.030591;,
   -0.730140;-0.682377;0.035455;,
   -0.731862;-0.680314;0.039394;,
   0.670350;-0.740146;0.053052;,
   0.661890;-0.748434;0.041809;,
   0.797894;0.601933;-0.032279;,
   0.799420;0.600019;-0.030070;,
   -0.590301;0.792819;0.151599;,
   -0.512363;0.846821;0.142754;,
   -0.789842;-0.567991;0.231379;,
   -0.777197;-0.615548;0.130633;,
   0.507589;-0.861598;0.001673;,
   0.526988;-0.849872;-0.001399;,
   0.781217;0.624104;0.013963;,
   0.742135;0.670074;0.015386;,
   -0.838240;0.545012;0.017782;,
   -0.944746;0.308747;0.110135;,
   -0.471679;-0.709614;-0.523419;,
   -0.436054;-0.824232;-0.361246;,
   0.762182;-0.642167;-0.081858;,
   0.873568;-0.439929;-0.208186;,
   0.499376;0.724164;0.475615;,
   0.348648;0.742506;0.571952;,
   -0.381050;-0.326892;0.864837;,
   -0.392802;-0.322868;0.861082;,
   0.692232;-0.720382;0.043173;,
   0.768118;-0.636817;-0.066771;,
   0.296914;0.281862;-0.912358;,
   0.297858;0.269815;-0.915686;,
   -0.572472;0.819728;-0.017931;,
   -0.575319;0.816676;0.045266;,
   0.412680;-0.909482;-0.050380;,
   0.398394;-0.913139;-0.086366;,
   -0.821214;-0.360197;-0.442567;,
   -0.814031;-0.349170;-0.464149;,
   -0.408903;0.908898;0.081874;,
   -0.393517;0.916994;0.065319;,
   0.826160;0.361774;0.431948;,
   0.836474;0.359716;0.413419;,
   0.502681;-0.863090;0.048856;,
   0.503763;-0.862008;0.056260;,
   -0.620741;-0.279302;-0.732578;,
   -0.630532;-0.293202;-0.718654;,
   -0.478792;0.876630;0.047731;,
   -0.484540;0.873604;0.045130;,
   0.626997;0.278750;0.727442;,
   0.613638;0.280866;0.737945;,
   0.453758;-0.891125;-0.000030;,
   0.448032;-0.893985;-0.007644;,
   -0.716924;-0.372547;-0.589261;,
   -0.713271;-0.384714;-0.585866;,
   -0.444033;0.895728;0.022498;,
   -0.440788;0.897276;0.024526;,
   0.672577;0.347793;0.653207;,
   0.666834;0.355085;0.655170;,
   -0.846690;-0.524233;0.091081;,
   -0.846690;-0.524233;0.091082;,
   -0.846690;-0.524233;0.091082;,
   -0.846690;-0.524233;0.091081;,
   0.846693;0.524228;-0.091088;,
   0.846693;0.524228;-0.091088;,
   0.846693;0.524228;-0.091088;,
   0.846693;0.524228;-0.091088;,
   0.525854;-0.850546;-0.007086;,
   0.525853;-0.850546;-0.007084;,
   0.525854;-0.850546;-0.007087;,
   0.525853;-0.850546;-0.007084;,
   0.081190;0.041888;0.995818;,
   0.081188;0.041890;0.995818;,
   0.081191;0.041887;0.995818;,
   0.081186;0.041891;0.995818;,
   -0.525854;0.850545;0.007089;,
   -0.525852;0.850547;0.007095;,
   -0.525855;0.850545;0.007087;,
   -0.525851;0.850547;0.007097;,
   -0.081187;-0.041889;-0.995818;,
   -0.081187;-0.041890;-0.995818;,
   -0.081187;-0.041888;-0.995818;,
   -0.081187;-0.041891;-0.995818;,
   -0.839759;-0.535324;0.090739;,
   -0.839758;-0.535325;0.090743;,
   -0.839756;-0.535327;0.090746;,
   -0.839760;-0.535322;0.090735;,
   0.839754;0.535329;-0.090752;,
   0.839754;0.535329;-0.090752;,
   0.839754;0.535330;-0.090753;,
   0.839754;0.535329;-0.090751;,
   0.536887;-0.843613;-0.008330;,
   0.536886;-0.843614;-0.008328;,
   0.536887;-0.843613;-0.008331;,
   0.536886;-0.843614;-0.008327;,
   0.081015;0.041727;0.995839;,
   0.081014;0.041728;0.995839;,
   0.081015;0.041727;0.995839;,
   0.081014;0.041728;0.995839;,
   -0.536887;0.843613;0.008320;,
   -0.536883;0.843615;0.008331;,
