xof 0303txt 0032
template ColorRGBA {
 <35ff44e0-6c7c-11cf-8f52-0040333594a3>
 FLOAT red;
 FLOAT green;
 FLOAT blue;
 FLOAT alpha;
}

template ColorRGB {
 <d3e16e81-7835-11cf-8f52-0040333594a3>
 FLOAT red;
 FLOAT green;
 FLOAT blue;
}

template Material {
 <3d82ab4d-62da-11cf-ab39-0020af71e433>
 ColorRGBA faceColor;
 FLOAT power;
 ColorRGB specularColor;
 ColorRGB emissiveColor;
 [...]
}

template TextureFilename {
 <a42790e1-7810-11cf-8f52-0040333594a3>
 STRING filename;
}

template Frame {
 <3d82ab46-62da-11cf-ab39-0020af71e433>
 [...]
}

template Matrix4x4 {
 <f6f23f45-7686-11cf-8f52-0040333594a3>
 array FLOAT matrix[16];
}

template FrameTransformMatrix {
 <f6f23f41-7686-11cf-8f52-0040333594a3>
 Matrix4x4 frameMatrix;
}

template Vector {
 <3d82ab5e-62da-11cf-ab39-0020af71e433>
 FLOAT x;
 FLOAT y;
 FLOAT z;
}

template MeshFace {
 <3d82ab5f-62da-11cf-ab39-0020af71e433>
 DWORD nFaceVertexIndices;
 array DWORD faceVertexIndices[nFaceVertexIndices];
}

template Mesh {
 <3d82ab44-62da-11cf-ab39-0020af71e433>
 DWORD nVertices;
 array Vector vertices[nVertices];
 DWORD nFaces;
 array MeshFace faces[nFaces];
 [...]
}

template MeshNormals {
 <f6f23f43-7686-11cf-8f52-0040333594a3>
 DWORD nNormals;
 array Vector normals[nNormals];
 DWORD nFaceNormals;
 array MeshFace faceNormals[nFaceNormals];
}

template MeshMaterialList {
 <f6f23f42-7686-11cf-8f52-0040333594a3>
 DWORD nMaterials;
 DWORD nFaceIndexes;
 array DWORD faceIndexes[nFaceIndexes];
 [Material <3d82ab4d-62da-11cf-ab39-0020af71e433>]
}

template Coords2d {
 <f6f23f44-7686-11cf-8f52-0040333594a3>
 FLOAT u;
 FLOAT v;
}

template MeshTextureCoords {
 <f6f23f40-7686-11cf-8f52-0040333594a3>
 DWORD nTextureCoords;
 array Coords2d textureCoords[nTextureCoords];
}

template XSkinMeshHeader {
 <3cf169ce-ff7c-44ab-93c0-f78f62d172e2>
 WORD nMaxSkinWeightsPerVertex;
 WORD nMaxSkinWeightsPerFace;
 WORD nBones;
}

template SkinWeights {
 <6f0d123b-bad2-4167-a0d0-80224f25fabb>
 STRING transformNodeName;
 DWORD nWeights;
 array DWORD vertexIndices[nWeights];
 array FLOAT weights[nWeights];
 Matrix4x4 matrixOffset;
}

template AnimTicksPerSecond {
 <9e415a43-7ba6-4a73-8743-b73d47e88476>
 DWORD AnimTicksPerSecond;
}

template Animation {
 <3d82ab4f-62da-11cf-ab39-0020af71e433>
 [...]
}

template AnimationSet {
 <3d82ab50-62da-11cf-ab39-0020af71e433>
 [Animation <3d82ab4f-62da-11cf-ab39-0020af71e433>]
}

template FloatKeys {
 <10dd46a9-775b-11cf-8f52-0040333594a3>
 DWORD nValues;
 array FLOAT values[nValues];
}

template TimedFloatKeys {
 <f406b180-7b3b-11cf-8f52-0040333594a3>
 DWORD time;
 FloatKeys tfkeys;
}

template AnimationKey {
 <10dd46a8-775b-11cf-8f52-0040333594a3>
 DWORD keyType;
 DWORD nKeys;
 array TimedFloatKeys keys[nKeys];
}


Material Material__306 {
 1.000000;1.000000;1.000000;1.000000;;
 100.000000;
 0.200000;0.200000;0.200000;;
 0.000000;0.000000;0.000000;;

 TextureFilename {
  "CrudeLeatherBag.png";
 }
}

Frame Dummy01 {
 

 FrameTransformMatrix {
  1.000000,0.000000,0.000000,0.000000,0.000000,-0.000000,-1.000000,0.000000,0.000000,1.000000,-0.000000,0.000000,0.000000,0.000000,0.000000,1.000000;;
 }

 Frame Bip01 {
  

  FrameTransformMatrix {
   -0.087155,0.982405,-0.165183,0.000000,-0.000001,0.165814,0.986157,0.000000,0.996195,0.085949,-0.014450,0.000000,-0.010000,-0.012284,0.490453,1.000000;;
  }

  Frame Bip01_Pelvis {
   

   FrameTransformMatrix {
    0.000000,1.000000,-0.000001,0.000000,-0.000001,0.000001,1.000000,0.000000,1.000000,0.000000,0.000001,0.000000,0.000000,0.000000,0.000000,1.000000;;
   }

   Frame Bip01_Spine {
    

    FrameTransformMatrix {
     0.984686,0.000002,-0.174337,0.000000,-0.000001,1.000000,0.000004,0.000000,0.174337,-0.000004,0.984686,0.000000,0.051619,0.000000,-0.000083,1.000000;;
    }

    Frame Bip01_Spine1 {
     

     FrameTransformMatrix {
      0.997819,0.052687,0.039774,0.000000,-0.044862,0.983198,-0.176942,0.000000,-0.048428,0.174771,0.983417,0.000000,0.106484,-0.000015,-0.000083,1.000000;;
     }

     Frame Bip01_Neck {
      

      FrameTransformMatrix {
       0.966067,-0.020835,0.257451,0.000000,0.025191,0.999590,-0.013632,0.000000,-0.257061,0.019655,0.966195,0.000000,0.130511,-0.000001,0.004626,1.000000;;
      }

      Frame Bip01_Head {
       

       FrameTransformMatrix {
        0.989321,-0.051753,-0.136255,0.000000,0.064251,0.993958,0.088989,0.000000,0.130826,-0.096793,0.986669,0.000000,0.033674,-0.000000,-0.000000,1.000000;;
       }
      }

      Frame Bip01_L_Clavicle {
       

       FrameTransformMatrix {
        -0.205975,0.976135,0.068811,0.000000,0.943873,0.216738,-0.249254,0.000000,-0.258220,0.013609,-0.965990,0.000000,-0.024734,0.015166,0.002017,1.000000;;
       }

       Frame Bip01_L_UpperArm {
        

        FrameTransformMatrix {
         0.385871,-0.777669,0.496320,0.000000,0.922466,0.332598,-0.196046,0.000000,-0.012616,0.533487,0.845714,0.000000,0.087086,-0.000000,0.000000,1.000000;;
        }

        Frame Bip01_L_Forearm {
         

         FrameTransformMatrix {
          0.943939,0.000000,-0.330119,0.000000,0.000000,1.000000,-0.000000,0.000000,0.330119,-0.000000,0.943939,0.000000,0.137062,-0.000000,0.000000,1.000000;;
         }

         Frame Bip01_L_Hand {
          

          FrameTransformMatrix {
           1.000000,-0.000000,0.000000,0.000000,0.000000,0.000796,1.000000,0.000000,0.000000,-1.000000,0.000796,0.000000,0.137062,0.000000,0.000000,1.000000;;
          }

          Frame Bip01_L_Finger0 {
           

           FrameTransformMatrix {
            0.690342,-0.181727,0.700288,0.000000,0.558537,0.749101,-0.356210,0.000000,-0.459853,0.637043,0.618637,0.000000,0.057681,-0.023605,-0.000272,1.000000;;
           }
          }

          Frame Bip01_L_Finger1 {
           

           FrameTransformMatrix {
            0.728079,-0.000546,0.685493,0.000000,0.000000,1.000000,0.000796,0.000000,-0.685493,-0.000580,0.728079,0.000000,0.084102,0.000000,0.000000,1.000000;;
           }
          }
         }
        }
       }
      }

      Frame Bip01_R_Clavicle {
       

       FrameTransformMatrix {
        -0.028509,-0.999573,-0.006461,0.000000,-0.965665,0.025871,0.258498,0.000000,-0.258220,0.013609,-0.965990,0.000000,-0.024080,-0.016250,0.001399,1.000000;;
       }

       Frame Bip01_R_UpperArm {
        

        FrameTransformMatrix {
         0.221390,0.975047,0.016433,0.000000,-0.974986,0.221654,-0.016512,0.000000,-0.019742,-0.012366,0.999729,0.000000,0.087086,0.000000,0.000000,1.000000;;
        }

        Frame Bip01_R_Forearm {
         

         FrameTransformMatrix {
          0.915660,-0.000000,-0.401954,0.000000,-0.000000,1.000000,-0.000000,0.000000,0.401954,-0.000000,0.915660,0.000000,0.137062,0.000000,-0.000000,1.000000;;
         }

         Frame Bip01_R_Hand {
          

          FrameTransformMatrix {
           0.975195,-0.000000,-0.221346,0.000000,-0.221346,0.000796,-0.975195,0.000000,0.000176,1.000000,0.000777,0.000000,0.137062,0.000000,0.000000,1.000000;;
          }

          Frame Bip01_R_Finger0 {
           

           FrameTransformMatrix {
            0.417774,-0.116941,0.900994,0.000000,-0.558537,0.749101,0.356210,0.000000,-0.716591,-0.652054,0.247639,0.000000,0.057681,0.023605,-0.000272,1.000000;;
           }
          }

          Frame Bip01_R_Finger1 {
           

           FrameTransformMatrix {
            0.352436,0.000745,0.935835,0.000000,-0.000000,1.000000,-0.000796,0.000000,-0.935836,0.000281,0.352436,0.000000,0.084102,0.000000,0.000000,1.000000;;
           }
          }
         }
        }
       }
      }
     }

     Frame Bip01_BackPack {
      

      FrameTransformMatrix {
       0.180560,0.080500,-0.980264,0.000000,0.047560,0.994764,0.090451,0.000000,0.982413,-0.062954,0.175786,0.000000,0.063697,0.000003,-0.088856,1.000000;;
      }
     }
    }

    Frame Bip01_L_Thigh {
     

     FrameTransformMatrix {
      -0.888504,0.030427,0.457858,0.000000,-0.032107,-0.999476,0.004114,0.000000,0.457744,-0.011045,0.889016,0.000000,-0.050843,0.055225,-0.008917,1.000000;;
     }

     Frame Bip01_L_Calf {
      

      FrameTransformMatrix {
       0.942235,-0.000000,-0.334952,0.000000,-0.000000,1.000000,-0.000000,0.000000,0.334952,0.000000,0.942235,0.000000,0.237500,0.000000,-0.000000,1.000000;;
      }

      Frame Bip01_L_Foot {
       

       FrameTransformMatrix {
        0.924325,-0.026487,0.380687,0.000000,-0.068962,0.969570,0.234901,0.000000,-0.375325,-0.243378,0.894371,0.000000,0.206841,-0.000000,0.000000,1.000000;;
       }

       Frame Bip01_L_Toe0 {
        

        FrameTransformMatrix {
         0.000000,0.000000,1.000000,0.000000,0.000000,1.000000,-0.000000,0.000000,-1.000000,0.000000,0.000000,0.000000,0.065373,0.000000,0.066450,1.000000;;
        }
       }
      }
     }
    }

    Frame Bip01_R_Thigh {
     

     FrameTransformMatrix {
      -0.996965,0.030321,-0.071704,0.000000,-0.029454,-0.999480,-0.013113,0.000000,-0.072065,-0.010961,0.997340,0.000000,-0.050843,-0.055225,-0.008917,1.000000;;
     }

     Frame Bip01_R_Calf {
      

      FrameTransformMatrix {
       0.730239,0.000000,-0.683192,0.000000,0.000000,1.000000,0.000000,0.000000,0.683192,-0.000000,0.730239,0.000000,0.237500,0.000000,0.000000,1.000000;;
      }

      Frame Bip01_R_Foot {
       

       FrameTransformMatrix {
        0.991957,0.087165,-0.091782,0.000000,-0.093276,0.993546,-0.064539,0.000000,0.085565,0.072581,0.993685,0.000000,0.206841,-0.000000,0.000000,1.000000;;
       }

       Frame Bip01_R_Toe0 {
        

        FrameTransformMatrix {
         0.000000,0.000000,1.000000,0.000000,0.000000,1.000000,-0.000000,0.000000,-1.000000,0.000000,0.000000,0.000000,0.065373,0.000000,0.066450,1.000000;;
        }
       }
      }
     }
    }
   }

   Frame Bip01_DressFront {
    

    FrameTransformMatrix {
     -0.880185,-0.088339,0.466338,0.000000,0.121847,0.907542,0.401896,0.000000,-0.458725,0.410564,-0.788041,0.000000,-0.043935,0.001339,0.061057,1.000000;;
    }

    Frame Bip01_DressFront02 {
     

     FrameTransformMatrix {
      0.912593,0.000001,0.408870,0.000000,-0.000001,1.000000,-0.000000,0.000000,-0.408870,-0.000000,0.912593,0.000000,0.183378,-0.000000,-0.000120,1.000000;;
     }
    }
   }

   Frame Bip01_DressBack {
    

    FrameTransformMatrix {
     -0.886023,0.038029,0.462080,0.000000,0.191625,0.937561,0.290274,0.000000,-0.422190,0.345735,-0.837988,0.000000,-0.047673,-0.000048,-0.078302,1.000000;;
    }

    Frame Bip01_DressBack02 {
     

     FrameTransformMatrix {
      0.936852,0.174932,-0.302833,0.000000,-0.166408,0.984581,0.053939,0.000000,0.307600,-0.000139,0.951516,0.000000,0.176125,0.000000,-0.000103,1.000000;;
     }
    }
   }
  }

  Frame Bip01_Prop1 {
   

   FrameTransformMatrix {
    -0.233929,-0.108090,0.966226,0.000000,0.687222,0.684611,0.242967,0.000000,-0.687752,0.720850,-0.085868,0.000000,0.108125,-0.048422,-0.137969,1.000000;;
   }
  }

  Frame Bip01_Prop2 {
   

   FrameTransformMatrix {
    -0.163643,-0.967062,0.194966,0.000000,0.985576,-0.168906,-0.010564,0.000000,0.043147,0.190425,0.980753,0.000000,-0.138405,-0.102098,0.114818,1.000000;;
   }
  }
 }
}

Frame Translation_Data {
 

 FrameTransformMatrix {
  0.000000,0.000000,-1.000000,0.000000,-1.000000,-0.000000,-0.000000,0.000000,-0.000000,1.000000,-0.000000,0.000000,0.000000,-0.000000,0.000000,1.000000;;
 }
}

Frame CrudeLeatherBag_LHand {
 

 FrameTransformMatrix {
  1.000000,0.000000,-0.000000,0.000000,0.000000,1.000000,0.000000,0.000000,0.000000,0.000000,1.000000,0.000000,0.000000,0.000000,0.000000,1.000000;;
 }

 Mesh CrudeLeatherBag_LHand {
  387;
  0.632341;0.592710;0.008861;,
  0.562136;0.548716;0.031556;,
  0.602483;0.557559;-0.014204;,
  0.584919;0.582316;0.062647;,
  0.463511;0.665306;-0.033167;,
  0.474071;0.655774;-0.046290;,
  0.464148;0.659473;-0.038880;,
  0.495484;0.695759;-0.024609;,
  0.475957;0.697280;-0.010690;,
  0.596678;0.641136;-0.030456;,
  0.599519;0.564485;-0.036070;,
  0.567554;0.597637;-0.055410;,
  0.632610;0.605204;-0.009079;,
  0.612976;0.690445;0.022514;,
  0.604896;0.649444;0.088722;,
  0.645242;0.658287;0.042962;,
  0.571905;0.681430;0.069075;,
  0.555914;0.724214;-0.002385;,
  0.517029;0.728595;0.008407;,
  0.522024;0.720874;0.030256;,
  0.556216;0.669445;0.073518;,
  0.565179;0.590425;0.067400;,
  0.589147;0.637356;0.093091;,
  0.528900;0.626281;0.046416;,
  0.498405;0.724234;0.011734;,
  0.481637;0.678585;0.011148;,
  0.504607;0.714265;0.032972;,
  0.475768;0.695776;-0.008399;,
  0.552131;0.585636;-0.051386;,
  0.543424;0.543554;0.014059;,
  0.511078;0.576651;-0.004804;,
  0.583770;0.552397;-0.031701;,
  0.471885;0.634506;-0.030642;,
  0.473590;0.653768;-0.044353;,
  0.505776;0.637847;-0.063283;,
  0.601958;0.557407;-0.027565;,
  0.607552;0.561779;-0.024362;,
  0.596297;0.553672;-0.020409;,
  0.549107;0.545824;0.032378;,
  0.552199;0.549647;0.038417;,
  0.555951;0.544829;0.025351;,
  0.598877;0.631557;0.092828;,
  0.605655;0.623680;0.084412;,
  0.606972;0.632717;0.087320;,
  0.595718;0.624611;0.091274;,
  0.651729;0.643141;0.032885;,
  0.646001;0.632523;0.038653;,
  0.651070;0.636743;0.028494;,
  0.647319;0.641560;0.041561;,
  0.592709;0.556515;-0.038466;,
  0.649502;0.650584;0.024638;,
  0.651309;0.657458;0.032708;,
  0.647319;0.641560;0.041561;,
  0.598877;0.631557;0.092828;,
  0.595956;0.645326;0.095488;,
  0.606972;0.632717;0.087320;,
  0.598877;0.631557;0.092828;,
  0.595718;0.624611;0.091274;,
  0.595956;0.645326;0.095488;,
  0.549107;0.545824;0.032378;,
  0.539164;0.551257;0.032383;,
  0.537357;0.544383;0.024313;,
  0.552199;0.549647;0.038417;,
  0.549107;0.545824;0.032378;,
  0.555951;0.544829;0.025351;,
  0.537357;0.544383;0.024313;,
  0.596297;0.553672;-0.020409;,
  0.574982;0.583247;0.069508;,
  0.637411;0.596930;-0.001297;,
  0.571249;0.713356;-0.007696;,
  0.535523;0.683520;-0.040215;,
  0.555768;0.725141;-0.005083;,
  0.554308;0.672323;-0.039802;,
  0.618812;0.689533;0.012473;,
  0.575193;0.701607;-0.008403;,
  0.571376;0.712395;-0.005022;,
  0.616930;0.682690;0.004561;,
  0.563204;0.665803;-0.037880;,
  0.524720;0.633204;-0.064210;,
  0.535425;0.634283;-0.059224;,
  0.560881;0.589744;-0.057888;,
  0.511304;0.719953;0.035138;,
  0.562981;0.677338;0.075859;,
  0.505090;0.728821;0.013368;,
  0.574982;0.583247;0.069508;,
  0.463509;0.637621;-0.022913;,
  0.506758;0.584250;0.013447;,
  0.463840;0.644040;-0.016543;,
  0.504996;0.577454;0.005432;,
  0.562981;0.677338;0.075859;,
  0.463085;0.663394;-0.031164;,
  0.463682;0.657491;-0.036927;,
  0.505090;0.728821;0.013368;,
  0.511304;0.719953;0.035138;,
  0.524214;0.631155;-0.062303;,
  0.504996;0.577454;0.005432;,
  0.463682;0.657491;-0.036927;,
  0.463509;0.637621;-0.022913;,
  0.516927;0.729599;0.005763;,
  0.555914;0.724214;-0.002385;,
  0.517029;0.728595;0.008407;,
  0.505003;0.729848;0.010741;,
  0.505090;0.728821;0.013368;,
  0.498358;0.725332;0.009157;,
  0.473590;0.653768;-0.044353;,
  0.506301;0.639930;-0.065165;,
  0.505776;0.637847;-0.063283;,
  0.524214;0.631155;-0.062303;,
  0.534966;0.632314;-0.057261;,
  0.563014;0.664299;-0.035590;,
  0.575193;0.701607;-0.008403;,
  0.575113;0.702648;-0.011021;,
  0.571376;0.712395;-0.005022;,
  0.534966;0.632314;-0.057261;,
  0.563014;0.664299;-0.035590;,
  0.563686;0.670266;-0.035384;,
  0.573148;0.652014;-0.035731;,
  0.577263;0.659104;-0.030732;,
  0.559570;0.663176;-0.040383;,
  0.547992;0.680282;-0.036669;,
  0.543876;0.673192;-0.041667;,
  0.564071;0.670901;-0.036602;,
  0.574904;0.653190;-0.038845;,
  0.559955;0.663812;-0.041601;,
  0.579020;0.660280;-0.033847;,
  0.548377;0.680917;-0.037887;,
  0.544261;0.673828;-0.042885;,
  0.579020;0.660280;-0.033847;,
  0.573148;0.652014;-0.035731;,
  0.574904;0.653190;-0.038845;,
  0.577263;0.659104;-0.030732;,
  0.564071;0.670901;-0.036602;,
  0.577263;0.659104;-0.030732;,
  0.579020;0.660280;-0.033847;,
  0.563686;0.670266;-0.035384;,
  0.548377;0.680917;-0.037887;,
  0.547992;0.680282;-0.036669;,
  0.544261;0.673828;-0.042885;,
  0.547992;0.680282;-0.036669;,
  0.548377;0.680917;-0.037887;,
  0.543876;0.673192;-0.041667;,
  0.559955;0.663812;-0.041601;,
  0.543876;0.673192;-0.041667;,
  0.544261;0.673828;-0.042885;,
  0.559570;0.663176;-0.040383;,
  0.574904;0.653190;-0.038845;,
  0.573148;0.652014;-0.035731;,
  0.564800;0.659231;-0.043527;,
  0.568645;0.654394;-0.043644;,
  0.565631;0.655903;-0.041847;,
  0.567300;0.659779;-0.046362;,
  0.569676;0.656790;-0.046435;,
  0.578811;0.666114;-0.030978;,
  0.568645;0.654394;-0.043644;,
  0.579852;0.665593;-0.031599;,
  0.565631;0.655903;-0.041847;,
  0.578524;0.667264;-0.031559;,
  0.564800;0.659231;-0.043527;,
  0.579387;0.667453;-0.032538;,
  0.567300;0.659779;-0.046362;,
  0.580208;0.666420;-0.032563;,
  0.569676;0.656790;-0.046435;,
  0.578811;0.666114;-0.030978;,
  0.579387;0.667453;-0.032538;,
  0.578524;0.667264;-0.031559;,
  0.579852;0.665593;-0.031599;,
  0.580208;0.666420;-0.032563;,
  0.437208;0.683844;0.020723;,
  0.437139;0.696545;0.024164;,
  0.420430;0.686190;0.025781;,
  0.446091;0.700752;0.023493;,
  0.440148;0.698772;0.001266;,
  0.421001;0.702148;0.021144;,
  0.444589;0.707605;0.015929;,
  0.412946;0.693508;0.018840;,
  0.440148;0.698772;0.001266;,
  0.420430;0.686190;0.025781;,
  0.412946;0.693508;0.018840;,
  0.437208;0.683844;0.020723;,
  0.421001;0.702148;0.021144;,
  0.446091;0.700752;0.023493;,
  0.444589;0.707605;0.015929;,
  0.437139;0.696545;0.024164;,
  0.418481;0.683320;0.058700;,
  0.429026;0.694936;0.061551;,
  0.408296;0.691219;0.056700;,
  0.418481;0.683320;0.058700;,
  0.416081;0.698753;0.061603;,
  0.408296;0.691219;0.056700;,
  0.429026;0.694936;0.061551;,
  0.416081;0.698753;0.061603;,
  0.423407;0.682715;0.071503;,
  0.428898;0.692662;0.075053;,
  0.410372;0.685129;0.076626;,
  0.423407;0.682715;0.071503;,
  0.415559;0.694258;0.079207;,
  0.410372;0.685129;0.076626;,
  0.428898;0.692662;0.075053;,
  0.415559;0.694258;0.079207;,
  0.439930;0.675599;0.083481;,
  0.444336;0.689242;0.088274;,
  0.431045;0.674394;0.092158;,
  0.439930;0.675599;0.083481;,
  0.434031;0.686439;0.099733;,
  0.431045;0.674394;0.092158;,
  0.444336;0.689242;0.088274;,
  0.434031;0.686439;0.099733;,
  0.464597;0.664602;0.089928;,
  0.472591;0.679238;0.098579;,
  0.457082;0.660243;0.101687;,
  0.464597;0.664602;0.089928;,
  0.464426;0.672986;0.111047;,
  0.457082;0.660243;0.101687;,
  0.472591;0.679238;0.098579;,
  0.464426;0.672986;0.111047;,
  0.503953;0.647821;0.098396;,
  0.507638;0.662405;0.104690;,
  0.493919;0.642277;0.110891;,
  0.503953;0.647821;0.098396;,
  0.500793;0.655891;0.116451;,
  0.493919;0.642277;0.110891;,
  0.507638;0.662405;0.104690;,
  0.500793;0.655891;0.116451;,
  0.534485;0.636624;0.103657;,
  0.538261;0.646363;0.109735;,
  0.532298;0.628027;0.116943;,
  0.534485;0.636624;0.103657;,
  0.536074;0.637766;0.123021;,
  0.532298;0.628027;0.116943;,
  0.538261;0.646363;0.109735;,
  0.536074;0.637766;0.123021;,
  0.554313;0.630551;0.106839;,
  0.556334;0.637950;0.112242;,
  0.557470;0.627705;0.110286;,
  0.554313;0.630551;0.106839;,
  0.559844;0.635300;0.117069;,
  0.557470;0.627705;0.110286;,
  0.556334;0.637950;0.112242;,
  0.559844;0.635300;0.117069;,
  0.570330;0.629283;0.101022;,
  0.570339;0.635904;0.105790;,
  0.573200;0.626392;0.103551;,
  0.570330;0.629283;0.101022;,
  0.573921;0.634509;0.110208;,
  0.573200;0.626392;0.103551;,
  0.570339;0.635904;0.105790;,
  0.573921;0.634509;0.110208;,
  0.580285;0.636269;0.083802;,
  0.582093;0.646103;0.085812;,
  0.582904;0.633862;0.085945;,
  0.580285;0.636269;0.083802;,
  0.584712;0.643697;0.087955;,
  0.582904;0.633862;0.085945;,
  0.582093;0.646103;0.085812;,
  0.584712;0.643697;0.087955;,
  0.465608;0.682950;0.012374;,
  0.476834;0.691125;0.023000;,
  0.469904;0.690708;0.004848;,
  0.465608;0.682950;0.012374;,
  0.475566;0.699064;0.016536;,
  0.469904;0.690708;0.004848;,
  0.476834;0.691125;0.023000;,
  0.475566;0.699064;0.016536;,
  0.482696;0.675322;0.017614;,
  0.493522;0.682241;0.028206;,
  0.487314;0.677187;0.013769;,
  0.482696;0.675322;0.017614;,
  0.498148;0.684099;0.024366;,
  0.487314;0.677187;0.013769;,
  0.493522;0.682241;0.028206;,
  0.498148;0.684099;0.024366;,
  0.406601;0.686398;0.036702;,
  0.430744;0.690784;0.015826;,
  0.412144;0.700613;0.043611;,
  0.428118;0.673909;0.008584;,
  0.395704;0.692383;0.031817;,
  0.424754;0.694621;0.005427;,
  0.420668;0.678820;0.003230;,
  0.402706;0.705099;0.036513;,
  0.412144;0.700613;0.043611;,
  0.424754;0.694621;0.005427;,
  0.402706;0.705099;0.036513;,
  0.430744;0.690784;0.015826;,
  0.428118;0.673909;0.008584;,
  0.395704;0.692383;0.031817;,
  0.420668;0.678820;0.003230;,
  0.406601;0.686398;0.036702;,
  0.415139;0.697945;0.070285;,
  0.409873;0.690208;0.062520;,
  0.405075;0.705827;0.069392;,
  0.415139;0.697945;0.070285;,
  0.400910;0.697811;0.065421;,
  0.405075;0.705827;0.069392;,
  0.409873;0.690208;0.062520;,
  0.400910;0.697811;0.065421;,
  0.428343;0.690837;0.092879;,
  0.421427;0.677699;0.094544;,
  0.417895;0.697563;0.098062;,
  0.428343;0.690837;0.092879;,
  0.411615;0.685572;0.099814;,
  0.417895;0.697563;0.098062;,
  0.421427;0.677699;0.094544;,
  0.411615;0.685572;0.099814;,
  0.453933;0.672350;0.110527;,
  0.444593;0.660193;0.109929;,
  0.448794;0.677418;0.120946;,
  0.453933;0.672350;0.110527;,
  0.439602;0.666350;0.123761;,
  0.448794;0.677418;0.120946;,
  0.444593;0.660193;0.109929;,
  0.439602;0.666350;0.123761;,
  0.480124;0.650043;0.115351;,
  0.467614;0.639997;0.117654;,
  0.479274;0.658013;0.128811;,
  0.480124;0.650043;0.115351;,
  0.466917;0.645901;0.133196;,
  0.479274;0.658013;0.128811;,
  0.467614;0.639997;0.117654;,
  0.466917;0.645901;0.133196;,
  0.520055;0.616638;0.107605;,
  0.507882;0.602477;0.107650;,
  0.524463;0.618654;0.117822;,
  0.520055;0.616638;0.107605;,
  0.514476;0.604720;0.120249;,
  0.524463;0.618654;0.117822;,
  0.507882;0.602477;0.107650;,
  0.514476;0.604720;0.120249;,
  0.541927;0.590798;0.088304;,
  0.535390;0.581210;0.092293;,
  0.550913;0.588817;0.092469;,
  0.541927;0.590798;0.088304;,
  0.544375;0.579228;0.096457;,
  0.550913;0.588817;0.092469;,
  0.535390;0.581210;0.092293;,
  0.544375;0.579228;0.096457;,
  0.547631;0.575813;0.064454;,
  0.543234;0.568200;0.068305;,
  0.552228;0.573631;0.066472;,
  0.547631;0.575813;0.064454;,
  0.548079;0.565131;0.071439;,
  0.552228;0.573631;0.066472;,
  0.543234;0.568200;0.068305;,
  0.548079;0.565131;0.071439;,
  0.546862;0.566000;0.044477;,
  0.542508;0.562241;0.045892;,
  0.548717;0.563887;0.046882;,
  0.546862;0.566000;0.044477;,
  0.544398;0.559298;0.048487;,
  0.548717;0.563887;0.046882;,
  0.542508;0.562241;0.045892;,
  0.544398;0.559298;0.048487;,
  0.543224;0.558157;0.025691;,
  0.538884;0.554936;0.017042;,
  0.545556;0.555140;0.027335;,
  0.543224;0.558157;0.025691;,
  0.545556;0.555140;0.027335;,
  0.541216;0.551919;0.018686;,
  0.538884;0.554936;0.017042;,
  0.541216;0.551919;0.018686;,
  0.456568;0.678873;0.006086;,
  0.457798;0.662016;0.000700;,
  0.457405;0.680394;-0.005644;,
  0.456568;0.678873;0.006086;,
  0.453935;0.665447;-0.008333;,
  0.457405;0.680394;-0.005644;,
  0.457798;0.662016;0.000700;,
  0.453935;0.665447;-0.008333;,
  0.479079;0.666244;0.007897;,
  0.479599;0.651276;0.000619;,
  0.483248;0.667155;0.003273;,
  0.479079;0.666244;0.007897;,
  0.483776;0.652180;-0.004000;,
  0.483248;0.667155;0.003273;,
  0.479599;0.651276;0.000619;,
  0.483776;0.652180;-0.004000;,
  0.487314;0.677187;0.013769;,
  0.493522;0.682241;0.028206;,
  0.482696;0.675322;0.017614;,
  0.493522;0.682241;0.028206;,
  0.487314;0.677187;0.013769;,
  0.498148;0.684099;0.024366;,
  0.479599;0.651276;0.000619;,
  0.483248;0.667155;0.003273;,
  0.479079;0.666244;0.007897;,
  0.483248;0.667155;0.003273;,
  0.479599;0.651276;0.000619;,
  0.483776;0.652180;-0.004000;;
  400;
  3;0,1,2;,
  3;1,0,3;,
  3;4,5,6;,
  3;4,7,5;,
  3;4,8,7;,
  3;9,10,11;,
  3;10,9,12;,
  3;13,14,15;,
  3;14,13,16;,
  3;17,18,19;,
  3;20,21,22;,
  3;21,20,23;,
  3;24,25,26;,
  3;25,24,27;,
  3;28,29,30;,
  3;29,28,31;,
  3;32,33,34;,
  3;2,35,36;,
  3;35,2,37;,
  3;38,1,39;,
  3;1,38,40;,
  3;41,42,43;,
  3;42,41,44;,
  3;45,46,47;,
  3;46,45,48;,
  3;36,49,10;,
  3;49,36,35;,
  3;45,50,51;,
  3;50,45,47;,
  3;45,15,52;,
  3;15,45,51;,
  3;53,14,54;,
  3;14,53,55;,
  3;56,22,57;,
  3;22,56,58;,
  3;59,60,61;,
  3;60,59,62;,
  3;63,29,64;,
  3;29,63,65;,
  3;49,66,31;,
  3;66,49,35;,
  3;37,1,40;,
  3;1,37,2;,
  3;44,3,42;,
  3;3,44,67;,
  3;43,46,48;,
  3;46,43,42;,
  3;36,0,2;,
  3;0,36,68;,
  3;69,70,71;,
  3;70,69,72;,
  3;47,12,50;,
  3;12,47,68;,
  3;73,74,75;,
  3;74,73,76;,
  3;77,78,72;,
  3;78,77,79;,
  3;80,10,49;,
  3;10,80,11;,
  3;52,14,55;,
  3;14,52,15;,
  3;81,16,19;,
  3;16,81,82;,
  3;73,15,51;,
  3;15,73,13;,
  3;81,18,83;,
  3;18,81,19;,
  3;62,21,60;,
  3;21,62,84;,
  3;85,86,87;,
  3;86,85,88;,
  3;89,22,58;,
  3;22,89,20;,
  3;85,90,91;,
  3;90,85,87;,
  3;92,26,93;,
  3;26,92,24;,
  3;64,31,66;,
  3;31,64,29;,
  3;94,28,34;,
  3;28,94,80;,
  3;65,30,29;,
  3;30,65,95;,
  3;96,32,97;,
  3;32,96,33;,
  3;98,99,71;,
  3;99,98,100;,
  3;101,100,98;,
  3;100,101,102;,
  3;103,92,101;,
  3;92,103,24;,
  3;103,27,24;,
  3;27,103,8;,
  3;6,90,4;,
  3;90,6,91;,
  3;5,91,6;,
  3;91,5,104;,
  3;105,104,5;,
  3;104,105,106;,
  3;78,106,105;,
  3;106,78,107;,
  3;79,107,78;,
  3;107,79,108;,
  3;79,109,108;,
  3;109,79,77;,
  3;69,110,111;,
  3;110,69,112;,
  3;71,112,69;,
  3;112,71,99;,
  3;0,42,3;,
  3;42,0,46;,
  3;103,7,8;,
  3;103,98,7;,
  3;103,101,98;,
  3;50,9,76;,
  3;9,50,12;,
  3;86,21,23;,
  3;21,86,60;,
  3;90,25,27;,
  3;25,90,87;,
  3;67,1,3;,
  3;1,67,39;,
  3;68,46,0;,
  3;46,68,47;,
  3;78,70,72;,
  3;70,78,105;,
  3;68,10,12;,
  3;10,68,36;,
  3;69,77,72;,
  3;77,69,111;,
  3;84,22,21;,
  3;22,84,57;,
  3;4,27,8;,
  3;27,4,90;,
  3;111,109,77;,
  3;109,111,110;,
  3;105,7,70;,
  3;7,105,5;,
  3;71,7,98;,
  3;7,71,70;,
  3;113,9,11;,
  3;9,113,114;,
  3;13,19,16;,
  3;19,13,17;,
  3;26,23,20;,
  3;23,26,25;,
  3;30,34,28;,
  3;34,30,32;,
  3;73,50,76;,
  3;50,73,51;,
  3;80,113,11;,
  3;113,80,94;,
  3;54,16,82;,
  3;16,54,14;,
  3;75,13,73;,
  3;13,75,17;,
  3;88,60,86;,
  3;60,88,61;,
  3;93,20,89;,
  3;20,93,26;,
  3;80,31,28;,
  3;31,80,49;,
  3;95,32,30;,
  3;32,95,97;,
  3;74,9,114;,
  3;9,74,76;,
  3;23,87,86;,
  3;87,23,25;,
  3;115,116,117;,
  3;116,115,118;,
  3;119,118,115;,
  3;118,119,120;,
  3;121,122,123;,
  3;122,121,124;,
  3;125,123,126;,
  3;123,125,121;,
  3;127,128,129;,
  3;128,127,130;,
  3;131,132,133;,
  3;132,131,134;,
  3;135,134,131;,
  3;134,135,136;,
  3;137,138,139;,
  3;138,137,140;,
  3;141,142,143;,
  3;142,141,144;,
  3;145,144,141;,
  3;144,145,146;,
  3;147,148,149;,
  3;148,150,151;,
  3;147,150,148;,
  3;152,153,154;,
  3;153,152,155;,
  3;156,155,152;,
  3;155,156,157;,
  3;158,157,156;,
  3;157,158,159;,
  3;160,159,158;,
  3;159,160,161;,
  3;154,161,160;,
  3;161,154,153;,
  3;162,163,164;,
  3;163,165,166;,
  3;162,165,163;,
  3;167,168,169;,
  3;168,167,170;,
  3;171,172,173;,
  3;172,171,174;,
  3;175,176,177;,
  3;176,175,178;,
  3;179,180,181;,
  3;180,179,182;,
  3;183,168,184;,
  3;168,183,169;,
  3;185,176,186;,
  3;176,185,177;,
  3;187,174,188;,
  3;174,187,172;,
  3;189,179,190;,
  3;179,189,182;,
  3;191,184,192;,
  3;184,191,183;,
  3;193,186,194;,
  3;186,193,185;,
  3;195,188,196;,
  3;188,195,187;,
  3;197,190,198;,
  3;190,197,189;,
  3;199,192,200;,
  3;192,199,191;,
  3;201,194,202;,
  3;194,201,193;,
  3;203,196,204;,
  3;196,203,195;,
  3;205,198,206;,
  3;198,205,197;,
  3;207,200,208;,
  3;200,207,199;,
  3;209,202,210;,
  3;202,209,201;,
  3;211,204,212;,
  3;204,211,203;,
  3;213,206,214;,
  3;206,213,205;,
  3;215,208,216;,
  3;208,215,207;,
  3;217,210,218;,
  3;210,217,209;,
  3;219,212,220;,
  3;212,219,211;,
  3;221,214,222;,
  3;214,221,213;,
  3;223,216,224;,
  3;216,223,215;,
  3;225,218,226;,
  3;218,225,217;,
  3;227,220,228;,
  3;220,227,219;,
  3;229,222,230;,
  3;222,229,221;,
  3;231,224,232;,
  3;224,231,223;,
  3;233,226,234;,
  3;226,233,225;,
  3;235,228,236;,
  3;228,235,227;,
  3;237,230,238;,
  3;230,237,229;,
  3;239,232,240;,
  3;232,239,231;,
  3;241,234,242;,
  3;234,241,233;,
  3;243,236,244;,
  3;236,243,235;,
  3;245,238,246;,
  3;238,245,237;,
  3;247,240,248;,
  3;240,247,239;,
  3;249,242,250;,
  3;242,249,241;,
  3;251,244,252;,
  3;244,251,243;,
  3;253,246,254;,
  3;246,253,245;,
  3;255,170,167;,
  3;170,255,256;,
  3;257,178,175;,
  3;178,257,258;,
  3;259,171,173;,
  3;171,259,260;,
  3;261,181,180;,
  3;181,261,262;,
  3;263,256,255;,
  3;256,263,264;,
  3;265,258,257;,
  3;258,265,266;,
  3;267,260,259;,
  3;260,267,268;,
  3;269,262,261;,
  3;262,269,270;,
  3;271,272,273;,
  3;272,271,274;,
  3;275,276,277;,
  3;276,275,278;,
  3;279,280,281;,
  3;280,279,282;,
  3;283,284,285;,
  3;284,283,286;,
  3;271,287,288;,
  3;287,271,273;,
  3;279,289,290;,
  3;289,279,281;,
  3;278,291,292;,
  3;291,278,275;,
  3;284,293,294;,
  3;293,284,286;,
  3;288,295,296;,
  3;295,288,287;,
  3;290,297,298;,
  3;297,290,289;,
  3;292,299,300;,
  3;299,292,291;,
  3;294,301,302;,
  3;301,294,293;,
  3;296,303,304;,
  3;303,296,295;,
  3;298,305,306;,
  3;305,298,297;,
  3;300,307,308;,
  3;307,300,299;,
  3;302,309,310;,
  3;309,302,301;,
  3;304,311,312;,
  3;311,304,303;,
  3;306,313,314;,
  3;313,306,305;,
  3;308,315,316;,
  3;315,308,307;,
  3;310,317,318;,
  3;317,310,309;,
  3;312,319,320;,
  3;319,312,311;,
  3;314,321,322;,
  3;321,314,313;,
  3;316,323,324;,
  3;323,316,315;,
  3;318,325,326;,
  3;325,318,317;,
  3;320,327,328;,
  3;327,320,319;,
  3;322,329,330;,
  3;329,322,321;,
  3;324,331,332;,
  3;331,324,323;,
  3;326,333,334;,
  3;333,326,325;,
  3;328,335,336;,
  3;335,328,327;,
  3;330,337,338;,
  3;337,330,329;,
  3;332,339,340;,
  3;339,332,331;,
  3;334,341,342;,
  3;341,334,333;,
  3;336,343,344;,
  3;343,336,335;,
  3;338,345,346;,
  3;345,338,337;,
  3;340,347,348;,
  3;347,340,339;,
  3;342,349,350;,
  3;349,342,341;,
  3;344,351,352;,
  3;351,344,343;,
  3;346,353,354;,
  3;353,346,345;,
  3;355,347,356;,
  3;347,355,348;,
  3;350,357,358;,
  3;357,350,349;,
  3;274,359,272;,
  3;359,274,360;,
  3;282,361,280;,
  3;361,282,362;,
  3;276,363,277;,
  3;363,276,364;,
  3;285,365,283;,
  3;365,285,366;,
  3;360,367,359;,
  3;367,360,368;,
  3;362,369,361;,
  3;369,362,370;,
  3;364,371,363;,
  3;371,364,372;,
  3;366,373,365;,
  3;373,366,374;,
  3;375,376,377;,
  3;378,379,380;,
  3;381,382,383;,
  3;384,385,386;;

  MeshNormals {
   387;
   0.728435;-0.623339;0.284308;,
   0.394005;-0.835948;0.382037;,
   0.578770;-0.798451;0.165836;,
   0.503693;-0.673697;0.540763;,
   -0.811231;0.437829;-0.387570;,
   -0.527951;0.083513;-0.845159;,
   -0.734643;0.157669;-0.659879;,
   -0.255303;0.651761;-0.714162;,
   -0.758148;0.607397;-0.237235;,
   0.517915;0.271349;-0.811255;,
   0.631730;-0.186058;-0.752529;,
   0.398108;0.097813;-0.912109;,
   0.740331;0.049764;-0.670398;,
   0.444779;0.832328;0.330760;,
   0.543160;0.409724;0.732874;,
   0.713293;0.452168;0.535497;,
   0.278045;0.764284;0.581860;,
   0.351813;0.888634;0.294206;,
   0.159460;0.937682;0.308748;,
   0.186550;0.886579;0.423292;,
   -0.550162;0.029400;0.834540;,
   -0.525184;-0.268408;0.807551;,
   -0.366913;-0.122132;0.922203;,
   -0.650066;-0.148126;0.745300;,
   -0.738425;0.555882;0.381738;,
   -0.804173;0.049174;0.592358;,
   -0.697709;0.295654;0.652526;,
   -0.900367;0.301390;0.313851;,
   -0.395171;-0.610375;-0.686500;,
   -0.242906;-0.944337;-0.221867;,
   -0.570658;-0.688923;-0.446917;,
   -0.079745;-0.903761;-0.420543;,
   -0.623543;-0.538836;-0.566436;,
   -0.622516;-0.416523;-0.662558;,
   -0.472152;-0.536982;-0.699087;,
   0.591556;-0.747009;-0.303380;,
   0.770968;-0.566774;-0.290474;,
   0.355340;-0.934385;-0.025662;,
   -0.085741;-0.890748;0.446336;,
   -0.078442;-0.718264;0.691334;,
   0.194034;-0.969582;0.149203;,
   0.310410;-0.208352;0.927489;,
   0.607869;-0.467553;0.641786;,
   0.669897;-0.149875;0.727170;,
   0.102859;-0.415083;0.903950;,
   0.984839;-0.060540;0.162564;,
   0.797491;-0.421687;0.431496;,
   0.975921;-0.211810;-0.052107;,
   0.830700;-0.114634;0.544790;,
   0.297731;-0.646942;-0.702013;,
   0.856482;0.190492;-0.479741;,
   0.913982;0.402802;0.048857;,
   0.830700;-0.114634;0.544790;,
   0.310410;-0.208352;0.927489;,
   0.127087;0.209555;0.969503;,
   0.669897;-0.149875;0.727170;,
   0.310410;-0.208352;0.927489;,
   0.102859;-0.415083;0.903950;,
   0.127087;0.209555;0.969503;,
   -0.085741;-0.890748;0.446336;,
   -0.565330;-0.465210;0.681162;,
   -0.484987;-0.844791;0.226087;,
   -0.078442;-0.718264;0.691334;,
   -0.085741;-0.890748;0.446336;,
   0.194034;-0.969582;0.149203;,
   -0.484987;-0.844791;0.226087;,
   0.355340;-0.934385;-0.025662;,
   -0.021690;-0.570165;0.821244;,
   0.905581;-0.354114;-0.233509;,
   0.701115;0.635520;-0.323345;,
   0.089015;0.538934;-0.837631;,
   0.303457;0.905252;-0.297377;,
   0.361317;0.388064;-0.847854;,
   0.625869;0.748715;-0.218435;,
   0.463001;0.436657;-0.771337;,
   0.564859;0.737132;-0.370905;,
   0.596998;0.440419;-0.670540;,
   0.803498;-0.048075;-0.593363;,
   0.184845;-0.251492;-0.950044;,
   0.600590;-0.281588;-0.748332;,
   0.019423;-0.295932;-0.955012;,
   -0.282261;0.699825;0.656182;,
   -0.158127;0.484788;0.860219;,
   -0.365913;0.837325;0.406194;,
   -0.021690;-0.570165;0.821244;,
   -0.909782;-0.402084;-0.103082;,
   -0.739084;-0.296031;0.605079;,
   -0.915335;-0.088768;0.392787;,
   -0.792502;-0.603410;0.088523;,
   -0.158127;0.484788;0.860219;,
   -0.988377;0.132127;0.075189;,
   -0.898912;-0.211315;-0.383800;,
   -0.365913;0.837325;0.406194;,
   -0.282261;0.699825;0.656182;,
   0.056221;-0.139040;-0.988690;,
   -0.792502;-0.603410;0.088523;,
   -0.898912;-0.211315;-0.383800;,
   -0.909782;-0.402084;-0.103082;,
   -0.010119;0.976304;-0.216165;,
   0.412202;0.868105;0.276557;,
   0.178204;0.921897;0.344018;,
   -0.269426;0.958179;-0.096446;,
   0.164717;0.920468;0.354411;,
   -0.617998;0.771117;-0.153158;,
   -0.624617;-0.459304;-0.631581;,
   -0.249426;-0.044836;-0.967355;,
   -0.414342;-0.551025;-0.724356;,
   0.104663;-0.692732;-0.713560;,
   0.598271;-0.631364;-0.493408;,
   0.900943;-0.392423;-0.185221;,
   0.998102;0.060976;-0.008589;,
   0.892438;0.222003;-0.392772;,
   0.824217;0.544387;0.155912;,
   0.360723;0.260473;-0.895563;,
   0.384856;0.372128;-0.844634;,
   -0.422037;-0.345872;0.838008;,
   -0.508551;-0.279095;0.814544;,
   -0.508550;-0.279094;0.814545;,
   -0.422033;-0.345874;0.838010;,
   -0.330237;-0.408324;0.851008;,
   -0.330234;-0.408323;0.851010;,
   0.369501;0.382586;-0.846816;,
   0.407936;0.355992;-0.840749;,
   0.369501;0.382586;-0.846816;,
   0.407934;0.355991;-0.840750;,
   0.330238;0.408327;-0.851006;,
   0.330236;0.408326;-0.851008;,
   0.773622;-0.597610;0.210647;,
   0.773624;-0.597609;0.210638;,
   0.773626;-0.597609;0.210634;,
   0.773621;-0.597610;0.210651;,
   0.428631;0.738368;0.520661;,
   0.428648;0.738381;0.520629;,
   0.428649;0.738381;0.520628;,
   0.428629;0.738368;0.520663;,
   0.428650;0.738379;0.520630;,
   0.428651;0.738380;0.520628;,
   -0.862278;0.506369;-0.008217;,
   -0.862304;0.506326;-0.008156;,
   -0.862307;0.506321;-0.008149;,
   -0.862275;0.506374;-0.008224;,
   -0.428662;-0.738396;-0.520596;,
   -0.428656;-0.738389;-0.520611;,
   -0.428656;-0.738388;-0.520612;,
   -0.428662;-0.738395;-0.520597;,
   -0.428650;-0.738379;-0.520630;,
   -0.428649;-0.738378;-0.520632;,
   -0.613792;-0.472478;-0.632474;,
   -0.613790;-0.472478;-0.632476;,
   -0.613784;-0.472472;-0.632487;,
   -0.613794;-0.472482;-0.632470;,
   -0.613790;-0.472482;-0.632473;,
   -0.417665;-0.352353;0.837498;,
   0.504519;-0.814123;0.287515;,
   0.504530;-0.814119;0.287506;,
   -0.417688;-0.352328;0.837498;,
   -0.672015;0.666134;0.323513;,
   -0.672015;0.666140;0.323503;,
   0.093004;0.833810;-0.544161;,
   0.092989;0.833820;-0.544148;,
   0.820134;-0.081019;-0.566406;,
   0.820136;-0.081033;-0.566402;,
   0.613786;0.472482;0.632477;,
   0.613764;0.472486;0.632496;,
   0.613764;0.472500;0.632485;,
   0.613775;0.472477;0.632492;,
   0.613732;0.472485;0.632528;,
   0.243718;-0.267020;0.932364;,
   0.380236;-0.493253;0.782382;,
   0.524807;-0.802507;0.283829;,
   0.144318;-0.377816;0.914564;,
   -0.062116;0.831668;-0.551788;,
   -0.586548;0.724664;-0.361696;,
   -0.005077;0.857270;-0.514843;,
   -0.664650;0.699277;-0.263158;,
   -0.184884;-0.770148;-0.610483;,
   -0.463122;-0.805943;-0.368747;,
   -0.412840;-0.812526;-0.411539;,
   -0.236184;-0.741632;-0.627853;,
   0.211264;0.908378;0.360855;,
   0.108593;0.699480;0.706353;,
   0.094416;0.736669;0.669630;,
   0.095986;0.672245;0.734080;,
   0.714042;-0.694566;-0.087880;,
   0.782944;-0.620773;-0.040492;,
   -0.594404;-0.792084;-0.138877;,
   -0.505456;-0.856097;-0.107759;,
   -0.720023;0.690372;0.070373;,
   -0.733872;0.677491;0.049385;,
   0.284073;0.949091;0.136120;,
   0.258682;0.952504;0.160683;,
   0.790712;-0.368554;-0.488817;,
   0.807544;-0.215088;-0.549191;,
   -0.333514;-0.929510;-0.157415;,
   -0.221658;-0.962621;-0.155656;,
   -0.794734;0.358100;0.490065;,
   -0.836170;0.268043;0.478511;,
   0.183781;0.972124;0.145601;,
   0.153906;0.963388;0.219537;,
   0.496032;0.119909;-0.859985;,
   0.501929;0.160204;-0.849942;,
   -0.250278;-0.900655;-0.355220;,
   -0.244754;-0.888251;-0.388722;,
   -0.571667;-0.289047;0.767886;,
   -0.573508;-0.321745;0.753372;,
   0.139960;0.936368;0.321909;,
   0.123282;0.923366;0.363589;,
   0.367309;0.297491;-0.881240;,
   0.366047;0.311617;-0.876872;,
   -0.273208;-0.837004;-0.474111;,
   -0.262059;-0.832514;-0.488103;,
   -0.391965;-0.393719;0.831474;,
   -0.412635;-0.348858;0.841445;,
   0.228147;0.813738;0.534583;,
   0.218785;0.806109;0.549838;,
   0.293555;0.320381;-0.900656;,
   0.299625;0.323975;-0.897366;,
   -0.230289;-0.813720;-0.533691;,
   -0.219921;-0.811549;-0.541316;,
   -0.311329;-0.248148;0.917331;,
   -0.313903;-0.236742;0.919466;,
   0.285713;0.759407;0.584525;,
   0.284286;0.762449;0.581251;,
   0.301637;0.402397;-0.864345;,
   0.318875;0.422506;-0.848415;,
   -0.183001;-0.813399;-0.552171;,
   -0.181615;-0.812375;-0.554132;,
   -0.069878;-0.487949;0.870071;,
   -0.089757;-0.518273;0.850492;,
   0.292851;0.776820;0.557485;,
   0.282678;0.795924;0.535348;,
   0.048340;0.566060;-0.822945;,
   0.073519;0.567549;-0.820050;,
   -0.227622;-0.840996;-0.490830;,
   -0.201431;-0.833304;-0.514810;,
   0.226279;-0.671190;0.705905;,
   0.229294;-0.676097;0.700227;,
   0.238415;0.892449;0.383005;,
   0.222410;0.922943;0.314182;,
   -0.665899;0.444341;-0.599283;,
   -0.577765;0.473710;-0.664670;,
   -0.302965;-0.789130;-0.534310;,
   -0.301478;-0.780431;-0.547757;,
   0.583972;-0.558954;0.588683;,
   0.685980;-0.484823;0.542567;,
   0.019050;0.950166;0.311164;,
   0.049943;0.955580;0.290471;,
   -0.883501;0.251038;-0.395482;,
   -0.885162;0.243703;-0.396355;,
   -0.320573;-0.798311;-0.509835;,
   -0.318627;-0.799830;-0.508674;,
   0.892968;-0.268347;0.361383;,
   0.889443;-0.242610;0.387338;,
   0.267005;0.832666;0.485156;,
   0.333971;0.803059;0.493518;,
   -0.182449;-0.535999;0.824268;,
   -0.369056;-0.519994;0.770327;,
   -0.162140;-0.676060;-0.718786;,
   -0.194472;-0.637361;-0.745622;,
   0.441500;0.627018;-0.641816;,
   0.407416;0.612906;-0.677021;,
   0.129084;0.647290;0.751235;,
   0.155684;0.645723;0.747533;,
   -0.455143;-0.433836;0.777580;,
   -0.471290;-0.436091;0.766623;,
   -0.156407;-0.745826;-0.647519;,
   -0.171765;-0.789546;-0.589164;,
   0.585597;0.364808;-0.723872;,
   0.589381;0.252622;-0.767341;,
   0.227804;0.707341;0.669160;,
   0.250748;0.718034;0.649270;,
   0.776732;-0.482185;0.405199;,
   0.476039;-0.430839;0.766658;,
   0.893914;-0.422011;0.151077;,
   0.334537;-0.392434;0.856785;,
   -0.760502;0.511046;-0.400586;,
   -0.487793;0.283828;-0.825530;,
   -0.438485;0.234017;-0.867737;,
   -0.816908;0.530245;-0.226939;,
   0.473364;0.880609;-0.021310;,
   0.453832;0.889323;0.056046;,
   0.441449;0.897062;-0.020055;,
   0.466819;0.882032;0.064028;,
   -0.454539;-0.876174;-0.160355;,
   -0.526546;-0.844252;0.099941;,
   -0.489753;-0.865524;-0.104930;,
   -0.514214;-0.851312;0.104175;,
