xof 0303txt 0032
template ColorRGBA {
 <35ff44e0-6c7c-11cf-8f52-0040333594a3>
 FLOAT red;
 FLOAT green;
 FLOAT blue;
 FLOAT alpha;
}

template ColorRGB {
 <d3e16e81-7835-11cf-8f52-0040333594a3>
 FLOAT red;
 FLOAT green;
 FLOAT blue;
}

template Material {
 <3d82ab4d-62da-11cf-ab39-0020af71e433>
 ColorRGBA faceColor;
 FLOAT power;
 ColorRGB specularColor;
 ColorRGB emissiveColor;
 [...]
}

template TextureFilename {
 <a42790e1-7810-11cf-8f52-0040333594a3>
 STRING filename;
}

template Frame {
 <3d82ab46-62da-11cf-ab39-0020af71e433>
 [...]
}

template Matrix4x4 {
 <f6f23f45-7686-11cf-8f52-0040333594a3>
 array FLOAT matrix[16];
}

template FrameTransformMatrix {
 <f6f23f41-7686-11cf-8f52-0040333594a3>
 Matrix4x4 frameMatrix;
}

template Vector {
 <3d82ab5e-62da-11cf-ab39-0020af71e433>
 FLOAT x;
 FLOAT y;
 FLOAT z;
}

template MeshFace {
 <3d82ab5f-62da-11cf-ab39-0020af71e433>
 DWORD nFaceVertexIndices;
 array DWORD faceVertexIndices[nFaceVertexIndices];
}

template Mesh {
 <3d82ab44-62da-11cf-ab39-0020af71e433>
 DWORD nVertices;
 array Vector vertices[nVertices];
 DWORD nFaces;
 array MeshFace faces[nFaces];
 [...]
}

template MeshNormals {
 <f6f23f43-7686-11cf-8f52-0040333594a3>
 DWORD nNormals;
 array Vector normals[nNormals];
 DWORD nFaceNormals;
 array MeshFace faceNormals[nFaceNormals];
}

template MeshMaterialList {
 <f6f23f42-7686-11cf-8f52-0040333594a3>
 DWORD nMaterials;
 DWORD nFaceIndexes;
 array DWORD faceIndexes[nFaceIndexes];
 [Material <3d82ab4d-62da-11cf-ab39-0020af71e433>]
}

template Coords2d {
 <f6f23f44-7686-11cf-8f52-0040333594a3>
 FLOAT u;
 FLOAT v;
}

template MeshTextureCoords {
 <f6f23f40-7686-11cf-8f52-0040333594a3>
 DWORD nTextureCoords;
 array Coords2d textureCoords[nTextureCoords];
}

template XSkinMeshHeader {
 <3cf169ce-ff7c-44ab-93c0-f78f62d172e2>
 WORD nMaxSkinWeightsPerVertex;
 WORD nMaxSkinWeightsPerFace;
 WORD nBones;
}

template SkinWeights {
 <6f0d123b-bad2-4167-a0d0-80224f25fabb>
 STRING transformNodeName;
 DWORD nWeights;
 array DWORD vertexIndices[nWeights];
 array FLOAT weights[nWeights];
 Matrix4x4 matrixOffset;
}

template AnimTicksPerSecond {
 <9e415a43-7ba6-4a73-8743-b73d47e88476>
 DWORD AnimTicksPerSecond;
}

template Animation {
 <3d82ab4f-62da-11cf-ab39-0020af71e433>
 [...]
}

template AnimationSet {
 <3d82ab50-62da-11cf-ab39-0020af71e433>
 [Animation <3d82ab4f-62da-11cf-ab39-0020af71e433>]
}

template FloatKeys {
 <10dd46a9-775b-11cf-8f52-0040333594a3>
 DWORD nValues;
 array FLOAT values[nValues];
}

template TimedFloatKeys {
 <f406b180-7b3b-11cf-8f52-0040333594a3>
 DWORD time;
 FloatKeys tfkeys;
}

template AnimationKey {
 <10dd46a8-775b-11cf-8f52-0040333594a3>
 DWORD keyType;
 DWORD nKeys;
 array TimedFloatKeys keys[nKeys];
}


Material Material__306 {
 1.000000;1.000000;1.000000;1.000000;;
 100.000000;
 0.200000;0.200000;0.200000;;
 0.000000;0.000000;0.000000;;

 TextureFilename {
  "CrudeLeatherBag.png";
 }
}

Frame Dummy01 {
 

 FrameTransformMatrix {
  1.000000,0.000000,0.000000,0.000000,0.000000,-0.000000,-1.000000,0.000000,0.000000,1.000000,-0.000000,0.000000,0.000000,0.000000,0.000000,1.000000;;
 }

 Frame Bip01 {
  

  FrameTransformMatrix {
   -0.087155,0.982405,-0.165183,0.000000,-0.000001,0.165814,0.986157,0.000000,0.996195,0.085949,-0.014450,0.000000,-0.010000,-0.012284,0.490453,1.000000;;
  }

  Frame Bip01_Pelvis {
   

   FrameTransformMatrix {
    0.000000,1.000000,-0.000001,0.000000,-0.000001,0.000001,1.000000,0.000000,1.000000,0.000000,0.000001,0.000000,0.000000,0.000000,0.000000,1.000000;;
   }

   Frame Bip01_Spine {
    

    FrameTransformMatrix {
     0.984686,0.000002,-0.174337,0.000000,-0.000001,1.000000,0.000004,0.000000,0.174337,-0.000004,0.984686,0.000000,0.051619,0.000000,-0.000083,1.000000;;
    }

    Frame Bip01_Spine1 {
     

     FrameTransformMatrix {
      0.997819,0.052687,0.039774,0.000000,-0.044862,0.983198,-0.176942,0.000000,-0.048428,0.174771,0.983417,0.000000,0.106484,-0.000015,-0.000083,1.000000;;
     }

     Frame Bip01_Neck {
      

      FrameTransformMatrix {
       0.966067,-0.020835,0.257451,0.000000,0.025191,0.999590,-0.013632,0.000000,-0.257061,0.019655,0.966195,0.000000,0.130511,-0.000001,0.004626,1.000000;;
      }

      Frame Bip01_Head {
       

       FrameTransformMatrix {
        0.989321,-0.051753,-0.136255,0.000000,0.064251,0.993958,0.088989,0.000000,0.130826,-0.096793,0.986669,0.000000,0.033674,-0.000000,0.000000,1.000000;;
       }
      }

      Frame Bip01_L_Clavicle {
       

       FrameTransformMatrix {
        -0.205975,0.976135,0.068811,0.000000,0.943873,0.216738,-0.249254,0.000000,-0.258220,0.013609,-0.965990,0.000000,-0.024734,0.015166,0.002017,1.000000;;
       }

       Frame Bip01_L_UpperArm {
        

        FrameTransformMatrix {
         0.385871,-0.777669,0.496320,0.000000,0.922466,0.332598,-0.196046,0.000000,-0.012616,0.533487,0.845714,0.000000,0.073469,0.000000,-0.000000,1.000000;;
        }

        Frame Bip01_L_Forearm {
         

         FrameTransformMatrix {
          0.943939,0.000000,-0.330119,0.000000,0.000000,1.000000,-0.000000,0.000000,0.330119,-0.000000,0.943939,0.000000,0.148340,0.000000,-0.000000,1.000000;;
         }

         Frame Bip01_L_Hand {
          

          FrameTransformMatrix {
           1.000000,0.000000,0.000000,0.000000,0.000000,0.000796,1.000000,0.000000,0.000000,-1.000000,0.000796,0.000000,0.131860,-0.000000,0.000000,1.000000;;
          }

          Frame Bip01_L_Finger0 {
           

           FrameTransformMatrix {
            0.690342,-0.181727,0.700288,0.000000,0.558537,0.749101,-0.356210,0.000000,-0.459853,0.637043,0.618637,0.000000,0.057681,-0.023605,-0.000272,1.000000;;
           }
          }

          Frame Bip01_L_Finger1 {
           

           FrameTransformMatrix {
            0.728079,-0.000546,0.685493,0.000000,0.000000,1.000000,0.000796,0.000000,-0.685493,-0.000580,0.728079,0.000000,0.084102,0.000000,0.000000,1.000000;;
           }
          }
         }
        }
       }
      }

      Frame Bip01_R_Clavicle {
       

       FrameTransformMatrix {
        -0.028509,-0.999573,-0.006461,0.000000,-0.965665,0.025871,0.258498,0.000000,-0.258220,0.013609,-0.965990,0.000000,-0.024080,-0.016250,0.001399,1.000000;;
       }

       Frame Bip01_R_UpperArm {
        

        FrameTransformMatrix {
         0.221390,0.975047,0.016433,0.000000,-0.974986,0.221654,-0.016512,0.000000,-0.019742,-0.012366,0.999728,0.000000,0.073469,0.000000,-0.000000,1.000000;;
        }

        Frame Bip01_R_Forearm {
         

         FrameTransformMatrix {
          0.915660,0.000000,-0.401954,0.000000,-0.000000,1.000000,-0.000000,0.000000,0.401954,-0.000000,0.915660,0.000000,0.148340,0.000000,-0.000000,1.000000;;
         }

         Frame Bip01_R_Hand {
          

          FrameTransformMatrix {
           0.975195,-0.000000,-0.221346,0.000000,-0.221346,0.000796,-0.975195,0.000000,0.000176,1.000000,0.000777,0.000000,0.131860,0.000000,0.000000,1.000000;;
          }

          Frame Bip01_R_Finger0 {
           

           FrameTransformMatrix {
            0.417774,-0.116941,0.900994,0.000000,-0.558537,0.749101,0.356210,0.000000,-0.716591,-0.652054,0.247639,0.000000,0.057681,0.023605,-0.000272,1.000000;;
           }
          }

          Frame Bip01_R_Finger1 {
           

           FrameTransformMatrix {
            0.352436,0.000745,0.935835,0.000000,0.000000,1.000000,-0.000796,0.000000,-0.935836,0.000281,0.352436,0.000000,0.084102,0.000000,0.000000,1.000000;;
           }
          }
         }
        }
       }
      }
     }

     Frame Bip01_BackPack {
      

      FrameTransformMatrix {
       0.180560,0.080500,-0.980264,0.000000,0.047560,0.994764,0.090451,0.000000,0.982413,-0.062954,0.175786,0.000000,0.063697,0.000003,-0.088856,1.000000;;
      }
     }
    }

    Frame Bip01_L_Thigh {
     

     FrameTransformMatrix {
      -0.888504,0.030427,0.457858,0.000000,-0.032107,-0.999476,0.004114,0.000000,0.457744,-0.011045,0.889016,0.000000,-0.050843,0.055225,-0.008917,1.000000;;
     }

     Frame Bip01_L_Calf {
      

      FrameTransformMatrix {
       0.942235,-0.000000,-0.334952,0.000000,-0.000000,1.000000,-0.000000,0.000000,0.334952,0.000000,0.942235,0.000000,0.237500,0.000000,-0.000000,1.000000;;
      }

      Frame Bip01_L_Foot {
       

       FrameTransformMatrix {
        0.924325,-0.026487,0.380687,0.000000,-0.068962,0.969570,0.234901,0.000000,-0.375325,-0.243378,0.894371,0.000000,0.206841,0.000000,0.000000,1.000000;;
       }

       Frame Bip01_L_Toe0 {
        

        FrameTransformMatrix {
         0.000000,0.000000,1.000000,0.000000,0.000000,1.000000,-0.000000,0.000000,-1.000000,0.000000,0.000000,0.000000,0.065373,0.000000,0.066450,1.000000;;
        }
       }
      }
     }
    }

    Frame Bip01_R_Thigh {
     

     FrameTransformMatrix {
      -0.996965,0.030321,-0.071704,0.000000,-0.029454,-0.999480,-0.013113,0.000000,-0.072065,-0.010961,0.997340,0.000000,-0.050843,-0.055225,-0.008917,1.000000;;
     }

     Frame Bip01_R_Calf {
      

      FrameTransformMatrix {
       0.730239,0.000000,-0.683192,0.000000,0.000000,1.000000,0.000000,0.000000,0.683192,-0.000000,0.730239,0.000000,0.237500,0.000000,0.000000,1.000000;;
      }

      Frame Bip01_R_Foot {
       

       FrameTransformMatrix {
        0.991957,0.087165,-0.091782,0.000000,-0.093276,0.993546,-0.064539,0.000000,0.085565,0.072581,0.993685,0.000000,0.206841,0.000000,0.000000,1.000000;;
       }

       Frame Bip01_R_Toe0 {
        

        FrameTransformMatrix {
         0.000000,0.000000,1.000000,0.000000,0.000000,1.000000,-0.000000,0.000000,-1.000000,0.000000,0.000000,0.000000,0.065373,0.000000,0.066450,1.000000;;
        }
       }
      }
     }
    }
   }

   Frame Bip01_DressFront {
    

    FrameTransformMatrix {
     -0.880185,-0.088339,0.466338,0.000000,0.121847,0.907542,0.401896,0.000000,-0.458725,0.410564,-0.788041,0.000000,-0.043935,0.001339,0.061057,1.000000;;
    }

    Frame Bip01_DressFront02 {
     

     FrameTransformMatrix {
      0.912593,0.000001,0.408870,0.000000,-0.000001,1.000000,-0.000000,0.000000,-0.408870,-0.000000,0.912593,0.000000,0.183378,-0.000000,-0.000120,1.000000;;
     }
    }
   }

   Frame Bip01_DressBack {
    

    FrameTransformMatrix {
     -0.886023,0.038029,0.462080,0.000000,0.191625,0.937561,0.290274,0.000000,-0.422190,0.345735,-0.837988,0.000000,-0.047673,-0.000048,-0.078302,1.000000;;
    }

    Frame Bip01_DressBack02 {
     

     FrameTransformMatrix {
      0.936852,0.174932,-0.302833,0.000000,-0.166408,0.984581,0.053940,0.000000,0.307600,-0.000139,0.951516,0.000000,0.176125,0.000000,-0.000103,1.000000;;
     }
    }
   }
  }

  Frame Bip01_Prop1 {
   

   FrameTransformMatrix {
    -0.233929,-0.108090,0.966227,0.000000,0.687222,0.684611,0.242967,0.000000,-0.687752,0.720850,-0.085868,0.000000,0.104667,-0.055270,-0.126340,1.000000;;
   }
  }

  Frame Bip01_Prop2 {
   

   FrameTransformMatrix {
    -0.163643,-0.967062,0.194966,0.000000,0.985576,-0.168906,-0.010564,0.000000,0.043147,0.190425,0.980753,0.000000,-0.140709,-0.103585,0.102365,1.000000;;
   }
  }
 }
}

Frame Translation_Data {
 

 FrameTransformMatrix {
  1.000000,0.000000,0.000000,0.000000,0.000000,-0.000000,-1.000000,0.000000,0.000000,1.000000,-0.000000,0.000000,0.000000,0.000000,0.000000,1.000000;;
 }
}

Frame F_CrudeLeatherBag {
 

 FrameTransformMatrix {
  1.000000,0.000000,-0.000000,0.000000,0.000000,1.000000,0.000000,0.000000,0.000000,0.000000,1.000000,0.000000,0.000000,0.000000,0.000000,1.000000;;
 }

 Mesh F_CrudeLeatherBag {
  387;
  -0.000004;0.591645;0.142166;,
  0.047111;0.611499;0.080986;,
  0.047111;0.597941;0.136572;,
  -0.000004;0.607581;0.076831;,
  0.037722;0.760731;0.117597;,
  0.046395;0.750766;0.129769;,
  0.044227;0.758240;0.120640;,
  -0.000004;0.753449;0.133917;,
  -0.000004;0.765061;0.114876;,
  -0.000004;0.652587;0.169251;,
  0.054110;0.608675;0.153793;,
  0.053453;0.654078;0.163140;,
  -0.000004;0.602379;0.159387;,
  -0.065878;0.657334;0.149792;,
  -0.066558;0.625595;0.084424;,
  -0.066558;0.612037;0.140010;,
  -0.065860;0.671133;0.093220;,
  -0.054287;0.721999;0.152171;,
  -0.047034;0.749556;0.127525;,
  -0.054287;0.736945;0.111019;,
  -0.053551;0.674495;0.079437;,
  -0.000004;0.625039;0.066487;,
  -0.054119;0.628957;0.070641;,
  -0.000004;0.675364;0.075873;,
  -0.038243;0.759521;0.115353;,
  -0.000004;0.745795;0.095679;,
  -0.044141;0.744926;0.099243;,
  -0.000004;0.763851;0.112632;,
  0.065869;0.657334;0.149792;,
  0.066549;0.625595;0.084424;,
  0.065851;0.671133;0.093220;,
  0.066549;0.612037;0.140010;,
  0.054278;0.736945;0.111019;,
  0.047025;0.749556;0.127525;,
  0.054278;0.721999;0.152171;,
  0.053880;0.601125;0.146475;,
  0.047111;0.598943;0.147768;,
  0.055234;0.601465;0.137431;,
  0.053880;0.618887;0.073661;,
  0.047111;0.617545;0.071508;,
  0.055234;0.615023;0.081845;,
  -0.053889;0.618887;0.073661;,
  -0.047120;0.611499;0.080986;,
  -0.055243;0.615023;0.081845;,
  -0.047120;0.617545;0.071508;,
  -0.053889;0.601125;0.146475;,
  -0.047120;0.597941;0.136572;,
  -0.047120;0.598943;0.147768;,
  -0.055243;0.601465;0.137431;,
  0.063439;0.609515;0.150347;,
  -0.054118;0.608675;0.153793;,
  -0.063448;0.609515;0.150347;,
  -0.055243;0.601465;0.137431;,
  -0.053889;0.618887;0.073661;,
  -0.063448;0.628117;0.074087;,
  -0.055243;0.615023;0.081845;,
  -0.053889;0.618887;0.073661;,
  -0.047120;0.617545;0.071508;,
  -0.063448;0.628117;0.074087;,
  0.053880;0.618887;0.073661;,
  0.054110;0.628957;0.070641;,
  0.063439;0.628117;0.074087;,
  0.047111;0.617545;0.071508;,
  0.053880;0.618887;0.073661;,
  0.055234;0.615023;0.081845;,
  0.063439;0.628117;0.074087;,
  0.055234;0.601465;0.137431;,
  -0.000004;0.613627;0.067354;,
  -0.000004;0.592647;0.153363;,
  -0.050380;0.706222;0.160190;,
  -0.000004;0.721700;0.160600;,
  -0.053560;0.723209;0.154415;,
  -0.000004;0.702057;0.165727;,
  -0.062723;0.654883;0.159839;,
  -0.043556;0.696983;0.159294;,
  -0.051064;0.705012;0.157946;,
  -0.053461;0.654078;0.163140;,
  -0.000004;0.691695;0.166505;,
  0.050371;0.706222;0.160190;,
  0.042964;0.698193;0.161538;,
  0.062714;0.654883;0.159839;,
  -0.051751;0.742931;0.102187;,
  -0.062782;0.673654;0.082883;,
  -0.044836;0.757030;0.118396;,
  -0.000004;0.613627;0.067354;,
  0.051742;0.742931;0.102187;,
  0.053542;0.674495;0.079437;,
  0.044132;0.744926;0.099243;,
  0.062773;0.673654;0.082883;,
  -0.062782;0.673654;0.082883;,
  0.038235;0.759521;0.115352;,
  0.044827;0.757030;0.118396;,
  -0.044836;0.757030;0.118396;,
  -0.051751;0.742931;0.102187;,
  0.051055;0.705012;0.157946;,
  0.062773;0.673654;0.082883;,
  0.044827;0.757030;0.118396;,
  0.051742;0.742931;0.102187;,
  -0.046404;0.750766;0.129769;,
  -0.054287;0.721999;0.152171;,
  -0.047034;0.749556;0.127525;,
  -0.044236;0.758240;0.120640;,
  -0.044836;0.757030;0.118396;,
  -0.037731;0.760731;0.117597;,
  0.047025;0.749556;0.127525;,
  0.053551;0.723209;0.154415;,
  0.054278;0.721999;0.152171;,
  0.051055;0.705012;0.157946;,
  0.043547;0.696983;0.159294;,
  -0.000004;0.690485;0.164261;,
  -0.043556;0.696983;0.159294;,
  -0.042973;0.698193;0.161538;,
  -0.051064;0.705012;0.157946;,
  0.043547;0.696983;0.159294;,
  -0.000004;0.690485;0.164261;,
  -0.004460;0.693324;0.166046;,
  0.004451;0.676455;0.165592;,
  -0.004460;0.676455;0.165592;,
  0.004451;0.693324;0.166046;,
  -0.004460;0.710311;0.162659;,
  0.004451;0.710311;0.162659;,
  -0.004460;0.693675;0.167323;,
  0.004451;0.676553;0.169084;,
  0.004451;0.693675;0.167323;,
  -0.004460;0.676553;0.169084;,
  -0.004460;0.710662;0.163936;,
  0.004451;0.710662;0.163936;,
  -0.004460;0.676553;0.169084;,
  0.004451;0.676455;0.165592;,
  0.004451;0.676553;0.169084;,
  -0.004460;0.676455;0.165592;,
  -0.004460;0.693675;0.167323;,
  -0.004460;0.676455;0.165592;,
  -0.004460;0.676553;0.169084;,
  -0.004460;0.693324;0.166046;,
  -0.004460;0.710662;0.163936;,
  -0.004460;0.710311;0.162659;,
  0.004451;0.710662;0.163936;,
  -0.004460;0.710311;0.162659;,
  -0.004460;0.710662;0.163936;,
  0.004451;0.710311;0.162659;,
  0.004451;0.693675;0.167323;,
  0.004451;0.710311;0.162659;,
  0.004451;0.710662;0.163936;,
  0.004451;0.693324;0.166046;,
  0.004451;0.676553;0.169084;,
  0.004451;0.676455;0.165592;,
  0.006593;0.688097;0.169730;,
  0.008435;0.682688;0.170235;,
  0.007732;0.685273;0.167914;,
  0.006593;0.687257;0.173174;,
  0.007732;0.683914;0.173486;,
  -0.009762;0.679361;0.168404;,
  0.008435;0.682688;0.170235;,
  -0.009519;0.678468;0.169206;,
  0.007732;0.685273;0.167914;,
  -0.010155;0.680336;0.169031;,
  0.006593;0.688097;0.169730;,
  -0.010155;0.680046;0.170220;,
  0.006593;0.687257;0.173174;,
  -0.009762;0.678891;0.170328;,
  0.007732;0.683914;0.173486;,
  -0.009762;0.679361;0.168404;,
  -0.010155;0.680046;0.170220;,
  -0.010155;0.680336;0.169031;,
  -0.009519;0.678468;0.169206;,
  -0.009762;0.678891;0.170328;,
  0.023150;0.787563;0.077348;,
  0.047776;0.796444;0.066605;,
  0.037108;0.778432;0.081817;,
  0.033818;0.805098;0.057807;,
  0.023758;0.794779;0.085640;,
  0.048384;0.808307;0.070153;,
  0.034426;0.815265;0.063615;,
  0.037715;0.786124;0.087626;,
  0.023758;0.794779;0.085640;,
  0.033818;0.805098;0.057807;,
  0.023150;0.787563;0.077348;,
  0.034426;0.815265;0.063615;,
  0.048384;0.808307;0.070153;,
  0.037108;0.778432;0.081817;,
  0.047776;0.796444;0.066605;,
  0.037715;0.786124;0.087626;,
  0.041395;0.799790;0.030950;,
  0.052717;0.799624;0.040457;,
  0.042435;0.814995;0.032150;,
  0.041395;0.799790;0.030950;,
  0.052072;0.811631;0.036849;,
  0.042435;0.814995;0.032150;,
  0.052717;0.799624;0.040457;,
  0.052072;0.811631;0.036849;,
  0.041876;0.789998;0.011854;,
  0.055521;0.789272;0.009495;,
  0.043814;0.802674;0.001727;,
  0.041876;0.789998;0.011854;,
  0.056240;0.801949;-0.000632;,
  0.043814;0.802674;0.001727;,
  0.055521;0.789272;0.009495;,
  0.056240;0.801949;-0.000632;,
  0.047972;0.760907;-0.008718;,
  0.061122;0.764263;-0.004405;,
  0.048724;0.766280;-0.022279;,
  0.047972;0.760907;-0.008718;,
  0.061874;0.769636;-0.021295;,
  0.048724;0.766280;-0.022279;,
  0.061122;0.764263;-0.004405;,
  0.061874;0.769636;-0.021295;,
  0.058530;0.728020;-0.025265;,
  0.070816;0.732291;-0.012990;,
  0.059282;0.735285;-0.037505;,
  0.058530;0.728020;-0.025265;,
  0.071568;0.739556;-0.027243;,
  0.059282;0.735285;-0.037505;,
  0.070816;0.732291;-0.012990;,
  0.071568;0.739556;-0.027243;,
  0.068627;0.697328;-0.025755;,
  0.080140;0.705047;-0.015351;,
  0.071433;0.701200;-0.040011;,
  0.068627;0.697328;-0.025755;,
  0.082946;0.705987;-0.028381;,
  0.071433;0.701200;-0.040011;,
  0.080140;0.705047;-0.015351;,
  0.082946;0.705987;-0.028381;,
  0.069952;0.670210;-0.007770;,
  0.079922;0.677259;-0.002160;,
  0.079650;0.667677;-0.018754;,
  0.069952;0.670210;-0.007770;,
  0.086619;0.674727;-0.013144;,
  0.079650;0.667677;-0.018754;,
  0.079922;0.677259;-0.002160;,
  0.086619;0.674727;-0.013144;,
  0.069696;0.642604;0.016895;,
  0.076086;0.645569;0.022348;,
  0.073112;0.639139;0.015434;,
  0.069696;0.642604;0.016895;,
  0.080845;0.642104;0.020887;,
  0.073112;0.639139;0.015434;,
  0.076086;0.645569;0.022348;,
  0.080845;0.642104;0.020887;,
  0.058504;0.633013;0.050555;,
  0.064592;0.637081;0.052491;,
  0.062380;0.629181;0.050425;,
  0.058504;0.633013;0.050555;,
  0.072592;0.633249;0.052361;,
  0.062380;0.629181;0.050425;,
  0.064592;0.637081;0.052491;,
  0.072592;0.633249;0.052361;,
  0.048767;0.632254;0.072258;,
  0.057092;0.635747;0.075104;,
  0.049156;0.628562;0.071224;,
  0.048767;0.632254;0.072258;,
  0.057482;0.632055;0.074069;,
  0.049156;0.628562;0.071224;,
  0.057092;0.635747;0.075104;,
  0.057482;0.632055;0.074069;,
  0.013379;0.764397;0.085725;,
  0.027336;0.756976;0.090332;,
  0.013986;0.767589;0.096240;,
  0.013379;0.764397;0.085725;,
  0.027944;0.763900;0.097038;,
  0.013986;0.767589;0.096240;,
  0.027336;0.756976;0.090332;,
  0.027944;0.763900;0.097038;,
  0.005975;0.740596;0.089944;,
  0.019933;0.733965;0.090216;,
  0.006583;0.739225;0.095589;,
  0.005975;0.740596;0.089944;,
  0.020541;0.732584;0.095858;,
  0.006583;0.739225;0.095589;,
  0.019933;0.733965;0.090216;,
  0.020541;0.732584;0.095858;,
  -0.047785;0.796444;0.066605;,
  -0.023159;0.787563;0.077348;,
  -0.037117;0.778432;0.081817;,
  -0.033827;0.805098;0.057807;,
  -0.048393;0.808308;0.070153;,
  -0.023767;0.794778;0.085640;,
  -0.034435;0.815265;0.063615;,
  -0.037724;0.786124;0.087626;,
  -0.033827;0.805098;0.057807;,
  -0.023767;0.794778;0.085640;,
  -0.023159;0.787563;0.077348;,
  -0.034435;0.815265;0.063615;,
  -0.037117;0.778432;0.081817;,
  -0.048393;0.808308;0.070153;,
  -0.047785;0.796444;0.066605;,
  -0.037724;0.786124;0.087626;,
  -0.041404;0.799790;0.030950;,
  -0.052726;0.799624;0.040457;,
  -0.042444;0.814995;0.032150;,
  -0.041404;0.799790;0.030950;,
  -0.052081;0.811631;0.036849;,
  -0.042444;0.814995;0.032150;,
  -0.052726;0.799624;0.040457;,
  -0.052081;0.811631;0.036849;,
  -0.041885;0.789998;0.011854;,
  -0.055530;0.789272;0.009495;,
  -0.043823;0.802674;0.001727;,
  -0.041885;0.789998;0.011854;,
  -0.056249;0.801949;-0.000632;,
  -0.043823;0.802674;0.001727;,
  -0.055530;0.789272;0.009495;,
  -0.056249;0.801949;-0.000632;,
  -0.047981;0.760907;-0.008718;,
  -0.061131;0.764263;-0.004405;,
  -0.048733;0.766280;-0.022279;,
  -0.047981;0.760907;-0.008718;,
  -0.061883;0.769636;-0.021295;,
  -0.048733;0.766280;-0.022279;,
  -0.061131;0.764263;-0.004405;,
  -0.061883;0.769636;-0.021295;,
  -0.058539;0.728020;-0.025265;,
  -0.070825;0.732291;-0.012990;,
  -0.059291;0.735285;-0.037505;,
  -0.058539;0.728020;-0.025265;,
  -0.071577;0.739556;-0.027243;,
  -0.059291;0.735285;-0.037505;,
  -0.070825;0.732291;-0.012990;,
  -0.071577;0.739556;-0.027243;,
  -0.068636;0.697328;-0.025755;,
  -0.080149;0.705047;-0.015351;,
  -0.071442;0.701200;-0.040011;,
  -0.068636;0.697328;-0.025755;,
  -0.082955;0.705987;-0.028381;,
  -0.071442;0.701200;-0.040011;,
  -0.080149;0.705047;-0.015351;,
  -0.082955;0.705987;-0.028381;,
  -0.070585;0.670210;-0.007770;,
  -0.077554;0.677259;-0.002160;,
  -0.080284;0.667677;-0.018754;,
  -0.070585;0.670210;-0.007770;,
  -0.087252;0.674727;-0.013144;,
  -0.080284;0.667677;-0.018754;,
  -0.077554;0.677259;-0.002160;,
  -0.087252;0.674727;-0.013144;,
  -0.067596;0.642604;0.016895;,
  -0.073986;0.645569;0.022348;,
  -0.071012;0.639139;0.015434;,
  -0.067596;0.642604;0.016895;,
  -0.078745;0.642104;0.020888;,
  -0.071012;0.639139;0.015434;,
  -0.073986;0.645569;0.022348;,
  -0.078745;0.642104;0.020888;,
  -0.058311;0.633013;0.050446;,
  -0.068522;0.637081;0.052382;,
  -0.062186;0.629181;0.050316;,
  -0.058311;0.633013;0.050446;,
  -0.072398;0.633249;0.052252;,
  -0.062186;0.629181;0.050316;,
  -0.068522;0.637081;0.052382;,
  -0.072398;0.633249;0.052252;,
  -0.048776;0.632254;0.072259;,
  -0.057101;0.635747;0.075104;,
  -0.049165;0.628562;0.071224;,
  -0.048776;0.632254;0.072259;,
  -0.057491;0.632055;0.074069;,
  -0.049165;0.628562;0.071224;,
  -0.057101;0.635747;0.075104;,
  -0.057491;0.632055;0.074069;,
  -0.013388;0.764397;0.085725;,
  -0.027345;0.756976;0.090332;,
  -0.013995;0.767589;0.096240;,
  -0.013388;0.764397;0.085725;,
  -0.027953;0.763900;0.097038;,
  -0.013995;0.767589;0.096240;,
  -0.027345;0.756976;0.090332;,
  -0.027953;0.763900;0.097038;,
  -0.005984;0.740596;0.089944;,
  -0.019942;0.733965;0.090216;,
  -0.006592;0.739225;0.095589;,
  -0.005984;0.740596;0.089944;,
  -0.020550;0.732584;0.095858;,
  -0.006592;0.739225;0.095589;,
  -0.019942;0.733965;0.090216;,
  -0.020550;0.732584;0.095858;,
  0.006583;0.739225;0.095589;,
  0.019933;0.733965;0.090216;,
  0.020541;0.732584;0.095858;,
  0.019933;0.733965;0.090216;,
  0.006583;0.739225;0.095589;,
  0.005975;0.740596;0.089944;,
  -0.019942;0.733965;0.090216;,
  -0.006592;0.739225;0.095589;,
  -0.020550;0.732584;0.095858;,
  -0.006592;0.739225;0.095589;,
  -0.019942;0.733965;0.090216;,
  -0.005984;0.740596;0.089944;;
  400;
  3;0,1,2;,
  3;1,0,3;,
  3;4,5,6;,
  3;4,7,5;,
  3;4,8,7;,
  3;9,10,11;,
  3;10,9,12;,
  3;13,14,15;,
  3;14,13,16;,
  3;17,18,19;,
  3;20,21,22;,
  3;21,20,23;,
  3;24,25,26;,
  3;25,24,27;,
  3;28,29,30;,
  3;29,28,31;,
  3;32,33,34;,
  3;2,35,36;,
  3;35,2,37;,
  3;38,1,39;,
  3;1,38,40;,
  3;41,42,43;,
  3;42,41,44;,
  3;45,46,47;,
  3;46,45,48;,
  3;36,49,10;,
  3;49,36,35;,
  3;45,50,51;,
  3;50,45,47;,
  3;45,15,52;,
  3;15,45,51;,
  3;53,14,54;,
  3;14,53,55;,
  3;56,22,57;,
  3;22,56,58;,
  3;59,60,61;,
  3;60,59,62;,
  3;63,29,64;,
  3;29,63,65;,
  3;49,66,31;,
  3;66,49,35;,
  3;37,1,40;,
  3;1,37,2;,
  3;44,3,42;,
  3;3,44,67;,
  3;43,46,48;,
  3;46,43,42;,
  3;36,0,2;,
  3;0,36,68;,
  3;69,70,71;,
  3;70,69,72;,
  3;47,12,50;,
  3;12,47,68;,
  3;73,74,75;,
  3;74,73,76;,
  3;77,78,72;,
  3;78,77,79;,
  3;80,10,49;,
  3;10,80,11;,
  3;52,14,55;,
  3;14,52,15;,
  3;81,16,19;,
  3;16,81,82;,
  3;73,15,51;,
  3;15,73,13;,
  3;81,18,83;,
  3;18,81,19;,
  3;62,21,60;,
  3;21,62,84;,
  3;85,86,87;,
  3;86,85,88;,
  3;89,22,58;,
  3;22,89,20;,
  3;85,90,91;,
  3;90,85,87;,
  3;92,26,93;,
  3;26,92,24;,
  3;64,31,66;,
  3;31,64,29;,
  3;94,28,34;,
  3;28,94,80;,
  3;65,30,29;,
  3;30,65,95;,
  3;96,32,97;,
  3;32,96,33;,
  3;98,99,71;,
  3;99,98,100;,
  3;101,100,98;,
  3;100,101,102;,
  3;103,92,101;,
  3;92,103,24;,
  3;103,27,24;,
  3;27,103,8;,
  3;6,90,4;,
  3;90,6,91;,
  3;5,91,6;,
  3;91,5,104;,
  3;105,104,5;,
  3;104,105,106;,
  3;78,106,105;,
  3;106,78,107;,
  3;79,107,78;,
  3;107,79,108;,
  3;79,109,108;,
  3;109,79,77;,
  3;69,110,111;,
  3;110,69,112;,
  3;71,112,69;,
  3;112,71,99;,
  3;0,42,3;,
  3;42,0,46;,
  3;103,7,8;,
  3;103,98,7;,
  3;103,101,98;,
  3;50,9,76;,
  3;9,50,12;,
  3;86,21,23;,
  3;21,86,60;,
  3;90,25,27;,
  3;25,90,87;,
  3;67,1,3;,
  3;1,67,39;,
  3;68,46,0;,
  3;46,68,47;,
  3;78,70,72;,
  3;70,78,105;,
  3;68,10,12;,
  3;10,68,36;,
  3;69,77,72;,
  3;77,69,111;,
  3;84,22,21;,
  3;22,84,57;,
  3;4,27,8;,
  3;27,4,90;,
  3;111,109,77;,
  3;109,111,110;,
  3;105,7,70;,
  3;7,105,5;,
  3;71,7,98;,
  3;7,71,70;,
  3;113,9,11;,
  3;9,113,114;,
  3;13,19,16;,
  3;19,13,17;,
  3;26,23,20;,
  3;23,26,25;,
  3;30,34,28;,
  3;34,30,32;,
  3;73,50,76;,
  3;50,73,51;,
  3;80,113,11;,
  3;113,80,94;,
  3;54,16,82;,
  3;16,54,14;,
  3;75,13,73;,
  3;13,75,17;,
  3;88,60,86;,
  3;60,88,61;,
  3;93,20,89;,
  3;20,93,26;,
  3;80,31,28;,
  3;31,80,49;,
  3;95,32,30;,
  3;32,95,97;,
  3;74,9,114;,
  3;9,74,76;,
  3;23,87,86;,
  3;87,23,25;,
  3;115,116,117;,
  3;116,115,118;,
  3;119,118,115;,
  3;118,119,120;,
  3;121,122,123;,
  3;122,121,124;,
  3;125,123,126;,
  3;123,125,121;,
  3;127,128,129;,
  3;128,127,130;,
  3;131,132,133;,
  3;132,131,134;,
  3;135,134,131;,
  3;134,135,136;,
  3;137,138,139;,
  3;138,137,140;,
  3;141,142,143;,
  3;142,141,144;,
  3;145,144,141;,
  3;144,145,146;,
  3;147,148,149;,
  3;148,150,151;,
  3;147,150,148;,
  3;152,153,154;,
  3;153,152,155;,
  3;156,155,152;,
  3;155,156,157;,
  3;158,157,156;,
  3;157,158,159;,
  3;160,159,158;,
  3;159,160,161;,
  3;154,161,160;,
  3;161,154,153;,
  3;162,163,164;,
  3;163,165,166;,
  3;162,165,163;,
  3;167,168,169;,
  3;168,167,170;,
  3;171,172,173;,
  3;172,171,174;,
  3;175,176,177;,
  3;176,175,178;,
  3;179,180,181;,
  3;180,179,182;,
  3;183,168,170;,
  3;168,183,184;,
  3;185,176,178;,
  3;176,185,186;,
  3;187,173,172;,
  3;173,187,188;,
  3;189,179,181;,
  3;179,189,190;,
  3;191,184,183;,
  3;184,191,192;,
  3;193,186,185;,
  3;186,193,194;,
  3;195,188,187;,
  3;188,195,196;,
  3;197,190,189;,
  3;190,197,198;,
  3;199,192,191;,
  3;192,199,200;,
  3;201,194,193;,
  3;194,201,202;,
  3;203,196,195;,
  3;196,203,204;,
  3;205,198,197;,
  3;198,205,206;,
  3;207,200,199;,
  3;200,207,208;,
  3;209,202,201;,
  3;202,209,210;,
  3;211,204,203;,
  3;204,211,212;,
  3;213,206,205;,
  3;206,213,214;,
  3;215,208,207;,
  3;208,215,216;,
  3;217,210,209;,
  3;210,217,218;,
  3;219,212,211;,
  3;212,219,220;,
  3;221,214,213;,
  3;214,221,222;,
  3;223,216,215;,
  3;216,223,224;,
  3;225,218,217;,
  3;218,225,226;,
  3;227,220,219;,
  3;220,227,228;,
  3;229,222,221;,
  3;222,229,230;,
  3;231,224,223;,
  3;224,231,232;,
  3;233,226,225;,
  3;226,233,234;,
  3;235,228,227;,
  3;228,235,236;,
  3;237,230,229;,
  3;230,237,238;,
  3;239,232,231;,
  3;232,239,240;,
  3;241,234,233;,
  3;234,241,242;,
  3;243,236,235;,
  3;236,243,244;,
  3;245,238,237;,
  3;238,245,246;,
  3;247,240,239;,
  3;240,247,248;,
  3;249,242,241;,
  3;242,249,250;,
  3;251,244,243;,
  3;244,251,252;,
  3;253,246,245;,
  3;246,253,254;,
  3;255,169,256;,
  3;169,255,167;,
  3;257,177,258;,
  3;177,257,175;,
  3;259,171,260;,
  3;171,259,174;,
  3;261,182,262;,
  3;182,261,180;,
  3;263,256,264;,
  3;256,263,255;,
  3;265,258,266;,
  3;258,265,257;,
  3;267,260,268;,
  3;260,267,259;,
  3;269,262,270;,
  3;262,269,261;,
  3;271,272,273;,
  3;272,271,274;,
  3;275,276,277;,
  3;276,275,278;,
  3;279,280,281;,
  3;280,279,282;,
  3;283,284,285;,
  3;284,283,286;,
  3;271,287,274;,
  3;287,271,288;,
  3;279,289,282;,
  3;289,279,290;,
  3;277,291,275;,
  3;291,277,292;,
  3;284,293,285;,
  3;293,284,294;,
  3;288,295,287;,
  3;295,288,296;,
  3;290,297,289;,
  3;297,290,298;,
  3;292,299,291;,
  3;299,292,300;,
  3;294,301,293;,
  3;301,294,302;,
  3;296,303,295;,
  3;303,296,304;,
  3;298,305,297;,
  3;305,298,306;,
  3;300,307,299;,
  3;307,300,308;,
  3;302,309,301;,
  3;309,302,310;,
  3;304,311,303;,
  3;311,304,312;,
  3;306,313,305;,
  3;313,306,314;,
  3;308,315,307;,
  3;315,308,316;,
  3;310,317,309;,
  3;317,310,318;,
  3;312,319,311;,
  3;319,312,320;,
  3;314,321,313;,
  3;321,314,322;,
  3;316,323,315;,
  3;323,316,324;,
  3;318,325,317;,
  3;325,318,326;,
  3;320,327,319;,
  3;327,320,328;,
  3;322,329,321;,
  3;329,322,330;,
  3;324,331,323;,
  3;331,324,332;,
  3;326,333,325;,
  3;333,326,334;,
  3;328,335,327;,
  3;335,328,336;,
  3;330,337,329;,
  3;337,330,338;,
  3;332,339,331;,
  3;339,332,340;,
  3;334,341,333;,
  3;341,334,342;,
  3;336,343,335;,
  3;343,336,344;,
  3;338,345,337;,
  3;345,338,346;,
  3;340,347,339;,
  3;347,340,348;,
  3;342,349,341;,
  3;349,342,350;,
  3;344,351,343;,
  3;351,344,352;,
  3;346,353,345;,
  3;353,346,354;,
  3;348,355,347;,
  3;355,348,356;,
  3;350,357,349;,
  3;357,350,358;,
  3;273,359,360;,
  3;359,273,272;,
  3;281,361,362;,
  3;361,281,280;,
  3;276,363,364;,
  3;363,276,278;,
  3;286,365,366;,
  3;365,286,283;,
  3;360,367,368;,
  3;367,360,359;,
  3;362,369,370;,
  3;369,362,361;,
  3;364,371,372;,
  3;371,364,363;,
  3;366,373,374;,
  3;373,366,365;,
  3;375,376,377;,
  3;378,379,380;,
  3;381,382,383;,
  3;384,385,386;;

  MeshNormals {
   387;
   0.000000;-0.998077;-0.061989;,
   0.249458;-0.895590;-0.368359;,
   0.255129;-0.962753;-0.089536;,
   -0.000000;-0.917738;-0.397187;,
   0.226221;0.972711;0.051542;,
   0.604657;0.649600;0.460879;,
   0.542038;0.808343;0.229731;,
   0.000000;0.756172;0.654373;,
   -0.000000;0.999992;0.004115;,
   -0.000000;-0.039494;0.999220;,
   0.258379;-0.417014;0.871401;,
   0.231997;-0.030030;0.972253;,
   -0.005058;-0.375830;0.926675;,
   -0.977432;0.089090;0.191545;,
   -0.916912;-0.335911;-0.215492;,
   -0.918419;-0.393353;0.042193;,
   -0.986449;0.115867;-0.116159;,
   -0.960127;0.202439;0.192807;,
   -0.921462;0.374990;0.101438;,
   -0.954976;0.296631;0.005509;,
   -0.220363;0.240871;-0.945210;,
   0.002872;0.047668;-0.998859;,
   -0.232667;-0.010785;-0.972497;,
   -0.000000;0.230070;-0.973174;,
   -0.292669;0.809014;-0.509746;,
   -0.000001;0.502584;-0.864528;,
   -0.258961;0.556999;-0.789108;,
   -0.000001;0.793727;-0.608274;,
   0.977491;0.090938;0.190375;,
   0.916912;-0.335910;-0.215493;,
   0.985977;0.120692;-0.115251;,
   0.920449;-0.388881;0.039305;,
   0.960051;0.279821;0.001425;,
   0.919341;0.375666;0.116994;,
   0.962850;0.196889;0.184812;,
   0.455961;-0.831557;0.317196;,
   0.239251;-0.861702;0.447469;,
   0.550974;-0.830528;-0.081552;,
   0.462088;-0.579162;-0.671600;,
   0.204048;-0.537448;-0.818238;,
   0.555068;-0.770138;-0.314305;,
   -0.462088;-0.579163;-0.671599;,
   -0.249460;-0.895591;-0.368358;,
   -0.555069;-0.770138;-0.314303;,
   -0.208222;-0.541202;-0.814705;,
   -0.462090;-0.823352;0.329492;,
   -0.255129;-0.962753;-0.089536;,
   -0.234807;-0.858069;0.456710;,
   -0.555071;-0.828360;-0.075610;,
   0.715556;-0.454318;0.530636;,
   -0.258022;-0.423402;0.868421;,
   -0.714638;-0.462026;0.525190;,
   -0.555071;-0.828360;-0.075610;,
   -0.462088;-0.579163;-0.671599;,
   -0.713958;-0.196305;-0.672107;,
   -0.555069;-0.770138;-0.314303;,
   -0.462088;-0.579163;-0.671599;,
   -0.208222;-0.541202;-0.814705;,
   -0.713958;-0.196305;-0.672107;,
   0.462088;-0.579162;-0.671600;,
   0.231197;-0.011557;-0.972838;,
   0.713959;-0.196306;-0.672106;,
   0.204048;-0.537448;-0.818238;,
   0.462088;-0.579162;-0.671600;,
   0.555068;-0.770138;-0.314305;,
   0.713959;-0.196306;-0.672106;,
   0.550974;-0.830528;-0.081552;,
   0.002733;-0.521194;-0.853434;,
   -0.005134;-0.848441;0.529265;,
   -0.601441;-0.072108;0.795656;,
   -0.000000;0.454917;0.890534;,
   -0.643666;0.387620;0.659882;,
   -0.000000;0.158855;0.987302;,
   -0.707392;0.029180;0.706219;,
   -0.119304;0.093121;0.988481;,
   -0.593310;0.104192;0.798203;,
   -0.231996;-0.030030;0.972253;,
   -0.000000;-0.501192;0.865336;,
   0.601083;-0.070790;0.796045;,
   0.340077;-0.452254;0.824509;,
   0.707392;0.029180;0.706218;,
   -0.737377;0.485331;-0.469818;,
   -0.738029;0.212907;-0.640300;,
   -0.672891;0.690735;-0.264769;,
   0.002733;-0.521194;-0.853434;,
   0.740539;0.471951;-0.478397;,
   0.220364;0.240871;-0.945209;,
   0.253408;0.550139;-0.795696;,
   0.739160;0.215953;-0.637971;,
   -0.738029;0.212907;-0.640300;,
   0.286961;0.813845;-0.505282;,
   0.741177;0.644965;-0.186217;,
   -0.672891;0.690735;-0.264769;,
   -0.737377;0.485331;-0.469818;,
   0.593310;0.104192;0.798202;,
   0.739160;0.215953;-0.637971;,
   0.741177;0.644965;-0.186217;,
   0.740539;0.471951;-0.478397;,
   -0.603994;0.650070;0.461087;,
   -0.961659;0.148234;0.230736;,
   -0.936195;0.342946;0.076990;,
   -0.541783;0.808209;0.230801;,
   -0.934777;0.349885;0.061423;,
   -0.224733;0.973039;0.051875;,
   0.935703;0.344083;0.077888;,
   0.643657;0.388646;0.659287;,
   0.961595;0.150347;0.229632;,
   0.838138;-0.332615;0.432311;,
   0.466625;-0.722131;0.510674;,
   -0.000000;-0.879451;0.475990;,
   -0.468386;-0.719741;0.512433;,
   -0.341965;-0.451971;0.823883;,
   -0.836443;-0.332993;0.435291;,
   0.119302;0.093120;0.988482;,
   -0.000000;0.130550;0.991442;,
   0.000000;-0.084823;-0.996396;,
   0.000000;0.026915;-0.999638;,
   0.000000;0.026915;-0.999638;,
   0.000000;-0.084823;-0.996396;,
   0.000000;-0.195501;-0.980704;,
   0.000000;-0.195501;-0.980704;,
   0.000000;0.149074;0.988826;,
   0.000000;0.102315;0.994752;,
   0.000000;0.149074;0.988826;,
   0.000000;0.102314;0.994752;,
   0.000000;0.195502;0.980703;,
   0.000000;0.195502;0.980703;,
   0.000000;-0.999603;0.028171;,
   0.000000;-0.999603;0.028171;,
   0.000000;-0.999603;0.028171;,
   0.000000;-0.999603;0.028171;,
   -1.000000;0.000000;0.000000;,
   -1.000000;0.000000;0.000000;,
   -1.000000;0.000000;0.000000;,
   -1.000000;0.000000;0.000000;,
   -1.000000;0.000000;0.000002;,
   -1.000000;0.000000;0.000002;,
   0.000000;0.964352;-0.264623;,
   0.000000;0.964352;-0.264623;,
   0.000000;0.964352;-0.264623;,
   0.000000;0.964352;-0.264623;,
   1.000000;0.000000;-0.000000;,
   1.000000;-0.000000;-0.000002;,
   1.000000;-0.000000;-0.000002;,
   1.000000;0.000000;-0.000000;,
   1.000000;0.000000;-0.000000;,
   1.000000;0.000000;-0.000000;,
   0.941253;0.328086;0.080013;,
   0.941254;0.328084;0.080017;,
   0.941253;0.328086;0.080013;,
   0.941254;0.328084;0.080017;,
   0.941255;0.328079;0.080025;,
   0.003185;-0.091996;-0.995754;,
   0.235177;-0.944270;-0.230315;,
   0.235184;-0.944263;-0.230338;,
   0.003175;-0.091950;-0.995759;,
   -0.372242;0.839003;-0.396874;,
   -0.372232;0.838987;-0.396918;,
   -0.372211;0.561958;0.738690;,
   -0.372246;0.562016;0.738628;,
   0.003179;-0.540133;0.841574;,
   0.003164;-0.540103;0.841593;,
   -0.941251;-0.328086;-0.080039;,
   -0.941252;-0.328080;-0.080050;,
   -0.941269;-0.328029;-0.080065;,
   -0.941243;-0.328109;-0.080038;,
   -0.941246;-0.328095;-0.080060;,
   -0.028819;-0.536064;-0.843685;,
   -0.200685;-0.849998;-0.487062;,
   -0.018396;-0.476153;-0.879170;,
   -0.358535;-0.883812;-0.300548;,
   0.124286;0.497945;0.858257;,
   0.226270;0.821438;0.523489;,
   0.243134;0.888478;0.389221;,
   0.146967;0.440338;0.885722;,
   -0.937132;0.285493;-0.200695;,
   -0.946866;0.196970;-0.254258;,
   -0.934713;0.307597;-0.178035;,
   -0.945660;0.202073;-0.254741;,
   0.961888;-0.111710;0.249585;,
   0.916217;-0.273507;0.292815;,
   0.939327;-0.141571;0.312446;,
   0.927090;-0.273025;0.256830;,
   -0.315063;-0.912910;0.259481;,
   -0.019479;-0.998298;0.054971;,
   -0.975664;0.097221;-0.196539;,
   -0.984107;0.083047;-0.156959;,
   0.360274;0.932493;-0.025697;,
   0.322195;0.941464;-0.099181;,
   0.993039;0.060485;0.101066;,
   0.992917;0.072672;0.093990;,
   0.001582;-0.820439;0.571732;,
   0.036500;-0.752336;0.657768;,
   -0.990139;0.040913;-0.133983;,
   -0.991462;0.031736;-0.126479;,
   -0.048199;0.731004;-0.680668;,
   -0.062321;0.796255;-0.601742;,
   0.986179;0.070916;0.149740;,
   0.988697;0.070872;0.132123;,
   -0.121118;-0.502853;0.855844;,
   -0.212551;-0.486960;0.847167;,
   -0.972858;-0.181712;-0.143275;,
   -0.974693;-0.181074;-0.131098;,
   -0.032826;0.379271;-0.924703;,
   0.041349;0.424057;-0.904691;,
   0.975950;0.183914;0.117039;,
   0.974165;0.194931;0.114039;,
   -0.580210;-0.309186;0.753498;,
   -0.603845;-0.309328;0.734634;,
   -0.943872;-0.259341;-0.204570;,
   -0.937825;-0.268116;-0.220449;,
   0.467609;0.349994;-0.811693;,
   0.529718;0.365125;-0.765561;,
   0.939797;0.285902;0.187197;,
   0.939481;0.281616;0.195110;,
   -0.709751;0.076556;0.700280;,
   -0.658137;0.005557;0.752878;,
   -0.905748;-0.331319;-0.264290;,
   -0.880258;-0.361122;-0.307792;,
   0.698889;0.016091;-0.715049;,
   0.701037;0.043836;-0.711776;,
   0.957522;0.189165;0.217644;,
   0.935848;0.248257;0.250113;,
   -0.672066;0.429908;0.602915;,
   -0.650815;0.407148;0.640836;,
   -0.747901;-0.425900;-0.509169;,
   -0.720911;-0.439263;-0.536037;,
   0.776578;-0.352406;-0.522242;,
   0.770322;-0.395300;-0.500342;,
   0.862667;0.259578;0.434078;,
   0.835397;0.305444;0.456964;,
   -0.624811;0.692284;0.361046;,
   -0.609593;0.732180;0.303823;,
   -0.721740;-0.513793;-0.463798;,
   -0.718312;-0.520451;-0.461691;,
   0.529728;-0.801223;-0.278263;,
   0.522375;-0.790773;-0.319065;,
   0.623828;0.591315;0.511062;,
   0.584406;0.621756;0.521430;,
   -0.525492;0.845798;-0.092110;,
   -0.520813;0.851078;-0.066486;,
   -0.651786;-0.637242;-0.411216;,
   -0.666908;-0.615889;-0.419422;,
   0.376195;-0.926483;-0.010278;,
   0.360891;-0.931345;0.048524;,
   0.431946;0.862687;0.263047;,
   0.448482;0.837618;0.311866;,
   -0.394812;0.914054;-0.092890;,
   -0.366513;0.928010;-0.066826;,
   -0.904676;-0.059338;-0.421949;,
   -0.912461;0.018284;-0.408755;,
   0.328984;-0.926861;0.180829;,
   0.327431;-0.927459;0.180580;,
   0.825238;0.140907;0.546925;,
   0.820465;-0.072360;0.567099;,
   0.128575;-0.319788;-0.938725;,
   0.114351;-0.266378;-0.957061;,
   -0.950573;0.305339;-0.056390;,
   -0.948819;0.314632;-0.027379;,
   -0.002778;0.173974;0.984746;,
   -0.007867;0.164430;0.986358;,
   0.924750;-0.301096;0.232761;,
   0.930994;-0.301127;0.206332;,
   0.083820;-0.085833;-0.992777;,
   0.018941;-0.001057;-0.999820;,
   -0.944687;0.303631;0.123996;,
   -0.930214;0.320919;0.178083;,
   -0.037962;-0.018017;0.999117;,
   -0.026841;-0.015939;0.999513;,
   0.966010;-0.233019;-0.111926;,
   0.962284;-0.221549;-0.157880;,
   0.200684;-0.849999;-0.487061;,
   0.028818;-0.536065;-0.843685;,
   0.018395;-0.476153;-0.879170;,
   0.358537;-0.883812;-0.300547;,
   -0.226266;0.821440;0.523489;,
   -0.124282;0.497945;0.858257;,
   -0.243131;0.888479;0.389220;,
   -0.146962;0.440338;0.885723;,
   0.946866;0.196970;-0.254258;,
   0.937132;0.285493;-0.200695;,
   0.934713;0.307597;-0.178035;,
   0.945660;0.202074;-0.254741;,
