xof 0303txt 0032
template ColorRGBA {
 <35ff44e0-6c7c-11cf-8f52-0040333594a3>
 FLOAT red;
 FLOAT green;
 FLOAT blue;
 FLOAT alpha;
}

template ColorRGB {
 <d3e16e81-7835-11cf-8f52-0040333594a3>
 FLOAT red;
 FLOAT green;
 FLOAT blue;
}

template Material {
 <3d82ab4d-62da-11cf-ab39-0020af71e433>
 ColorRGBA faceColor;
 FLOAT power;
 ColorRGB specularColor;
 ColorRGB emissiveColor;
 [...]
}

template TextureFilename {
 <a42790e1-7810-11cf-8f52-0040333594a3>
 STRING filename;
}

template Frame {
 <3d82ab46-62da-11cf-ab39-0020af71e433>
 [...]
}

template Matrix4x4 {
 <f6f23f45-7686-11cf-8f52-0040333594a3>
 array FLOAT matrix[16];
}

template FrameTransformMatrix {
 <f6f23f41-7686-11cf-8f52-0040333594a3>
 Matrix4x4 frameMatrix;
}

template Vector {
 <3d82ab5e-62da-11cf-ab39-0020af71e433>
 FLOAT x;
 FLOAT y;
 FLOAT z;
}

template MeshFace {
 <3d82ab5f-62da-11cf-ab39-0020af71e433>
 DWORD nFaceVertexIndices;
 array DWORD faceVertexIndices[nFaceVertexIndices];
}

template Mesh {
 <3d82ab44-62da-11cf-ab39-0020af71e433>
 DWORD nVertices;
 array Vector vertices[nVertices];
 DWORD nFaces;
 array MeshFace faces[nFaces];
 [...]
}

template MeshNormals {
 <f6f23f43-7686-11cf-8f52-0040333594a3>
 DWORD nNormals;
 array Vector normals[nNormals];
 DWORD nFaceNormals;
 array MeshFace faceNormals[nFaceNormals];
}

template MeshMaterialList {
 <f6f23f42-7686-11cf-8f52-0040333594a3>
 DWORD nMaterials;
 DWORD nFaceIndexes;
 array DWORD faceIndexes[nFaceIndexes];
 [Material <3d82ab4d-62da-11cf-ab39-0020af71e433>]
}

template Coords2d {
 <f6f23f44-7686-11cf-8f52-0040333594a3>
 FLOAT u;
 FLOAT v;
}

template MeshTextureCoords {
 <f6f23f40-7686-11cf-8f52-0040333594a3>
 DWORD nTextureCoords;
 array Coords2d textureCoords[nTextureCoords];
}

template XSkinMeshHeader {
 <3cf169ce-ff7c-44ab-93c0-f78f62d172e2>
 WORD nMaxSkinWeightsPerVertex;
 WORD nMaxSkinWeightsPerFace;
 WORD nBones;
}

template SkinWeights {
 <6f0d123b-bad2-4167-a0d0-80224f25fabb>
 STRING transformNodeName;
 DWORD nWeights;
 array DWORD vertexIndices[nWeights];
 array FLOAT weights[nWeights];
 Matrix4x4 matrixOffset;
}

template AnimTicksPerSecond {
 <9e415a43-7ba6-4a73-8743-b73d47e88476>
 DWORD AnimTicksPerSecond;
}

template Animation {
 <3d82ab4f-62da-11cf-ab39-0020af71e433>
 [...]
}

template AnimationSet {
 <3d82ab50-62da-11cf-ab39-0020af71e433>
 [Animation <3d82ab4f-62da-11cf-ab39-0020af71e433>]
}

template FloatKeys {
 <10dd46a9-775b-11cf-8f52-0040333594a3>
 DWORD nValues;
 array FLOAT values[nValues];
}

template TimedFloatKeys {
 <f406b180-7b3b-11cf-8f52-0040333594a3>
 DWORD time;
 FloatKeys tfkeys;
}

template AnimationKey {
 <10dd46a8-775b-11cf-8f52-0040333594a3>
 DWORD keyType;
 DWORD nKeys;
 array TimedFloatKeys keys[nKeys];
}


Material _18_-_Defaultddd {
 1.000000;1.000000;1.000000;1.000000;;
 100.000000;
 0.200000;0.200000;0.200000;;
 0.000000;0.000000;0.000000;;

 TextureFilename {
  "SheetSlingBag.png";
 }
}

Frame Dummy01 {
 

 FrameTransformMatrix {
  1.000000,0.000000,0.000000,0.000000,0.000000,-0.000000,-1.000000,0.000000,0.000000,1.000000,-0.000000,0.000000,0.000000,0.000000,0.000000,1.000000;;
 }

 Frame Bip01 {
  

  FrameTransformMatrix {
   -0.087155,0.982405,-0.165183,0.000000,-0.000001,0.165814,0.986157,0.000000,0.996195,0.085949,-0.014450,0.000000,-0.010000,-0.012284,0.490453,1.000000;;
  }

  Frame Bip01_Pelvis {
   

   FrameTransformMatrix {
    0.000000,1.000000,-0.000001,0.000000,-0.000001,0.000001,1.000000,0.000000,1.000000,0.000000,0.000001,0.000000,0.000000,0.000000,0.000000,1.000000;;
   }

   Frame Bip01_Spine {
    

    FrameTransformMatrix {
     0.984686,0.000002,-0.174337,0.000000,-0.000001,1.000000,0.000004,0.000000,0.174337,-0.000004,0.984686,0.000000,0.051619,0.000000,-0.000083,1.000000;;
    }

    Frame Bip01_Spine1 {
     

     FrameTransformMatrix {
      0.997819,0.052687,0.039774,0.000000,-0.044862,0.983198,-0.176942,0.000000,-0.048428,0.174771,0.983417,0.000000,0.106484,-0.000015,-0.000083,1.000000;;
     }

     Frame Bip01_Neck {
      

      FrameTransformMatrix {
       0.966067,-0.020835,0.257451,0.000000,0.025191,0.999590,-0.013632,0.000000,-0.257061,0.019655,0.966195,0.000000,0.130511,-0.000001,0.004626,1.000000;;
      }

      Frame Bip01_Head {
       

       FrameTransformMatrix {
        0.989321,-0.051753,-0.136255,0.000000,0.064251,0.993958,0.088989,0.000000,0.130826,-0.096793,0.986669,0.000000,0.033674,-0.000000,-0.000000,1.000000;;
       }
      }

      Frame Bip01_L_Clavicle {
       

       FrameTransformMatrix {
        -0.205975,0.976135,0.068811,0.000000,0.943873,0.216738,-0.249254,0.000000,-0.258220,0.013609,-0.965990,0.000000,-0.024734,0.015166,0.002017,1.000000;;
       }

       Frame Bip01_L_UpperArm {
        

        FrameTransformMatrix {
         0.385871,-0.777669,0.496320,0.000000,0.922466,0.332598,-0.196046,0.000000,-0.012616,0.533487,0.845714,0.000000,0.087086,-0.000000,0.000000,1.000000;;
        }

        Frame Bip01_L_Forearm {
         

         FrameTransformMatrix {
          0.943939,0.000000,-0.330119,0.000000,0.000000,1.000000,-0.000000,0.000000,0.330119,-0.000000,0.943939,0.000000,0.137062,-0.000000,0.000000,1.000000;;
         }

         Frame Bip01_L_Hand {
          

          FrameTransformMatrix {
           1.000000,-0.000000,0.000000,0.000000,0.000000,0.000796,1.000000,0.000000,0.000000,-1.000000,0.000796,0.000000,0.137062,0.000000,0.000000,1.000000;;
          }

          Frame Bip01_L_Finger0 {
           

           FrameTransformMatrix {
            0.690342,-0.181727,0.700288,0.000000,0.558537,0.749101,-0.356210,0.000000,-0.459853,0.637043,0.618637,0.000000,0.057681,-0.023605,-0.000272,1.000000;;
           }
          }

          Frame Bip01_L_Finger1 {
           

           FrameTransformMatrix {
            0.728079,-0.000546,0.685493,0.000000,0.000000,1.000000,0.000796,0.000000,-0.685493,-0.000580,0.728079,0.000000,0.084102,0.000000,0.000000,1.000000;;
           }
          }
         }
        }
       }
      }

      Frame Bip01_R_Clavicle {
       

       FrameTransformMatrix {
        -0.028509,-0.999573,-0.006461,0.000000,-0.965665,0.025871,0.258498,0.000000,-0.258220,0.013609,-0.965990,0.000000,-0.024080,-0.016250,0.001399,1.000000;;
       }

       Frame Bip01_R_UpperArm {
        

        FrameTransformMatrix {
         0.221390,0.975047,0.016433,0.000000,-0.974986,0.221654,-0.016512,0.000000,-0.019742,-0.012366,0.999729,0.000000,0.087086,0.000000,0.000000,1.000000;;
        }

        Frame Bip01_R_Forearm {
         

         FrameTransformMatrix {
          0.915660,-0.000000,-0.401954,0.000000,-0.000000,1.000000,-0.000000,0.000000,0.401954,-0.000000,0.915660,0.000000,0.137062,0.000000,-0.000000,1.000000;;
         }

         Frame Bip01_R_Hand {
          

          FrameTransformMatrix {
           0.975195,-0.000000,-0.221346,0.000000,-0.221346,0.000796,-0.975195,0.000000,0.000176,1.000000,0.000777,0.000000,0.137062,0.000000,0.000000,1.000000;;
          }

          Frame Bip01_R_Finger0 {
           

           FrameTransformMatrix {
            0.417774,-0.116941,0.900994,0.000000,-0.558537,0.749101,0.356210,0.000000,-0.716591,-0.652054,0.247639,0.000000,0.057681,0.023605,-0.000272,1.000000;;
           }
          }

          Frame Bip01_R_Finger1 {
           

           FrameTransformMatrix {
            0.352436,0.000745,0.935835,0.000000,-0.000000,1.000000,-0.000796,0.000000,-0.935836,0.000281,0.352436,0.000000,0.084102,0.000000,0.000000,1.000000;;
           }
          }
         }
        }
       }
      }
     }

     Frame Bip01_BackPack {
      

      FrameTransformMatrix {
       0.180560,0.080500,-0.980264,0.000000,0.047560,0.994764,0.090451,0.000000,0.982413,-0.062954,0.175786,0.000000,0.063697,0.000003,-0.088856,1.000000;;
      }
     }
    }

    Frame Bip01_L_Thigh {
     

     FrameTransformMatrix {
      -0.888504,0.030427,0.457858,0.000000,-0.032107,-0.999476,0.004114,0.000000,0.457744,-0.011045,0.889016,0.000000,-0.050843,0.055225,-0.008917,1.000000;;
     }

     Frame Bip01_L_Calf {
      

      FrameTransformMatrix {
       0.942235,-0.000000,-0.334952,0.000000,-0.000000,1.000000,-0.000000,0.000000,0.334952,0.000000,0.942235,0.000000,0.237500,0.000000,-0.000000,1.000000;;
      }

      Frame Bip01_L_Foot {
       

       FrameTransformMatrix {
        0.924325,-0.026487,0.380687,0.000000,-0.068962,0.969570,0.234901,0.000000,-0.375325,-0.243378,0.894371,0.000000,0.206841,-0.000000,0.000000,1.000000;;
       }

       Frame Bip01_L_Toe0 {
        

        FrameTransformMatrix {
         0.000000,0.000000,1.000000,0.000000,0.000000,1.000000,-0.000000,0.000000,-1.000000,0.000000,0.000000,0.000000,0.065373,0.000000,0.066450,1.000000;;
        }
       }
      }
     }
    }

    Frame Bip01_R_Thigh {
     

     FrameTransformMatrix {
      -0.996965,0.030321,-0.071704,0.000000,-0.029454,-0.999480,-0.013113,0.000000,-0.072065,-0.010961,0.997340,0.000000,-0.050843,-0.055225,-0.008917,1.000000;;
     }

     Frame Bip01_R_Calf {
      

      FrameTransformMatrix {
       0.730239,0.000000,-0.683192,0.000000,0.000000,1.000000,0.000000,0.000000,0.683192,-0.000000,0.730239,0.000000,0.237500,0.000000,0.000000,1.000000;;
      }

      Frame Bip01_R_Foot {
       

       FrameTransformMatrix {
        0.991957,0.087165,-0.091782,0.000000,-0.093276,0.993546,-0.064539,0.000000,0.085565,0.072581,0.993685,0.000000,0.206841,-0.000000,0.000000,1.000000;;
       }

       Frame Bip01_R_Toe0 {
        

        FrameTransformMatrix {
         0.000000,0.000000,1.000000,0.000000,0.000000,1.000000,-0.000000,0.000000,-1.000000,0.000000,0.000000,0.000000,0.065373,0.000000,0.066450,1.000000;;
        }
       }
      }
     }
    }
   }

   Frame Bip01_DressFront {
    

    FrameTransformMatrix {
     -0.880185,-0.088339,0.466338,0.000000,0.121847,0.907542,0.401896,0.000000,-0.458725,0.410564,-0.788041,0.000000,-0.043935,0.001339,0.061057,1.000000;;
    }

    Frame Bip01_DressFront02 {
     

     FrameTransformMatrix {
      0.912593,0.000001,0.408870,0.000000,-0.000001,1.000000,-0.000000,0.000000,-0.408870,-0.000000,0.912593,0.000000,0.183378,-0.000000,-0.000120,1.000000;;
     }
    }
   }

   Frame Bip01_DressBack {
    

    FrameTransformMatrix {
     -0.886023,0.038029,0.462080,0.000000,0.191625,0.937561,0.290274,0.000000,-0.422190,0.345735,-0.837988,0.000000,-0.047673,-0.000048,-0.078302,1.000000;;
    }

    Frame Bip01_DressBack02 {
     

     FrameTransformMatrix {
      0.936852,0.174932,-0.302833,0.000000,-0.166408,0.984581,0.053939,0.000000,0.307600,-0.000139,0.951516,0.000000,0.176125,0.000000,-0.000103,1.000000;;
     }
    }
   }
  }

  Frame Bip01_Prop1 {
   

   FrameTransformMatrix {
    -0.233929,-0.108090,0.966226,0.000000,0.687222,0.684611,0.242967,0.000000,-0.687752,0.720850,-0.085868,0.000000,0.108125,-0.048422,-0.137969,1.000000;;
   }
  }

  Frame Bip01_Prop2 {
   

   FrameTransformMatrix {
    -0.163643,-0.967062,0.194966,0.000000,0.985576,-0.168906,-0.010564,0.000000,0.043147,0.190425,0.980753,0.000000,-0.138405,-0.102098,0.114818,1.000000;;
   }
  }
 }
}

Frame Translation_Data {
 

 FrameTransformMatrix {
  -0.000000,0.000000,-1.000000,0.000000,-1.000000,-0.000000,0.000000,0.000000,-0.000000,1.000000,0.000000,0.000000,0.000000,-0.000000,0.000000,1.000000;;
 }
}

Frame M_SheetSlingBag {
 

 FrameTransformMatrix {
  1.000000,0.000000,0.000000,0.000000,0.000000,1.000000,0.000000,0.000000,0.000000,0.000000,1.000000,0.000000,0.000000,0.000000,0.000000,1.000000;;
 }

 Mesh M_SheetSlingBag {
  166;
  -0.016317;0.555330;0.086038;,
  -0.009256;0.608509;0.098748;,
  0.014368;0.566804;0.098793;,
  -0.030829;0.600443;0.089780;,
  -0.030829;0.600443;0.089780;,
  -0.022585;0.626199;0.115792;,
  -0.009256;0.608509;0.098748;,
  -0.044578;0.617975;0.106650;,
  -0.025177;0.616347;0.162120;,
  -0.061561;0.602838;0.146941;,
  -0.003381;0.569290;0.198901;,
  -0.061203;0.547937;0.175284;,
  0.024155;0.525774;0.189882;,
  -0.041707;0.500743;0.163169;,
  0.039945;0.513380;0.145171;,
  -0.017204;0.491369;0.121539;,
  0.028909;0.535618;0.114940;,
  -0.012634;0.520084;0.097670;,
  0.006541;0.620544;0.102663;,
  0.035217;0.587889;0.104157;,
  -0.004944;0.636460;0.117870;,
  0.006541;0.620544;0.102663;,
  0.006890;0.636678;0.162796;,
  0.033956;0.601739;0.192765;,
  0.063096;0.566834;0.183918;,
  0.073092;0.553024;0.144440;,
  0.064837;0.559936;0.109421;,
  0.023775;0.645058;0.112035;,
  0.043790;0.633087;0.113152;,
  0.016961;0.653403;0.119628;,
  0.023775;0.645058;0.112035;,
  0.029651;0.654824;0.137165;,
  0.051871;0.649412;0.153118;,
  0.067387;0.638591;0.151105;,
  0.068182;0.629543;0.135142;,
  0.060338;0.627220;0.121602;,
  0.065254;0.712618;0.112246;,
  0.073565;0.711209;0.116547;,
  0.060292;0.714474;0.113708;,
  0.065254;0.712618;0.112246;,
  0.061058;0.716486;0.122612;,
  0.066349;0.717462;0.132788;,
  0.073562;0.715872;0.135066;,
  0.078175;0.713053;0.129361;,
  0.078423;0.711343;0.122866;,
  0.065546;0.773141;0.102145;,
  0.072615;0.772774;0.103259;,
  0.061895;0.774433;0.104172;,
  0.065546;0.773141;0.102145;,
  0.063751;0.776665;0.115033;,
  0.069302;0.778412;0.120711;,
  0.075231;0.777706;0.120707;,
  0.078010;0.775348;0.115920;,
  0.077285;0.773573;0.111528;,
  0.064725;0.798074;0.077687;,
  0.071567;0.798453;0.078069;,
  0.060930;0.799564;0.079330;,
  0.064725;0.798074;0.077687;,
  0.062173;0.806574;0.086588;,
  0.067062;0.809982;0.090284;,
  0.072895;0.809691;0.089940;,
  0.076110;0.806456;0.086395;,
  0.075839;0.803647;0.083331;,
  -0.051403;0.596789;0.076579;,
  -0.045580;0.550134;0.067261;,
  -0.065553;0.614251;0.093192;,
  -0.051403;0.596789;0.076579;,
  -0.096263;0.596580;0.124730;,
  -0.112332;0.537999;0.139711;,
  -0.104168;0.490091;0.122386;,
  -0.071872;0.482287;0.086357;,
  -0.052253;0.513049;0.072249;,
  -0.066925;0.600115;0.064020;,
  -0.068355;0.559089;0.049679;,
  -0.079798;0.615645;0.078498;,
  -0.066925;0.600115;0.064020;,
  -0.118282;0.601089;0.093660;,
  -0.139083;0.552953;0.099102;,
  -0.131607;0.512052;0.079445;,
  -0.103585;0.504016;0.051595;,
  -0.076788;0.528135;0.049702;,
  -0.073675;0.607153;0.047183;,
  -0.080116;0.588549;0.034631;,
  -0.079500;0.617019;0.053698;,
  -0.073675;0.607153;0.047183;,
  -0.100509;0.612679;0.050472;,
  -0.118877;0.598543;0.040674;,
  -0.120976;0.582846;0.030134;,
  -0.105133;0.575015;0.025134;,
  -0.093011;0.576502;0.026369;,
  -0.072192;0.633423;-0.020308;,
  -0.075866;0.628990;-0.028812;,
  -0.074170;0.637259;-0.015721;,
  -0.072192;0.633423;-0.020308;,
  -0.083317;0.639358;-0.017543;,
  -0.093356;0.638728;-0.023863;,
  -0.095039;0.634451;-0.031066;,
  -0.088701;0.629605;-0.034800;,
  -0.081953;0.627520;-0.034246;,
  -0.041769;0.685476;-0.048811;,
  -0.042055;0.684333;-0.060128;,
  -0.043617;0.688548;-0.045756;,
  -0.041769;0.685476;-0.048811;,
  -0.047904;0.693488;-0.048551;,
  -0.051811;0.697171;-0.059276;,
  -0.051331;0.695317;-0.064837;,
  -0.047437;0.689884;-0.066571;,
  -0.044128;0.685922;-0.065090;,
  0.007160;0.735066;-0.039718;,
  0.005651;0.736994;-0.049615;,
  0.006334;0.735973;-0.036295;,
  0.007160;0.735066;-0.039718;,
  0.002548;0.740495;-0.036393;,
  -0.001600;0.745521;-0.043972;,
  -0.002285;0.746452;-0.048740;,
  0.000345;0.743390;-0.052127;,
  0.003138;0.740065;-0.052600;,
  0.046699;0.779638;-0.015930;,
  0.044446;0.771928;-0.010036;,
  0.044704;0.783823;-0.016964;,
  0.041964;0.786339;-0.015409;,
  0.038978;0.787050;-0.011847;,
  0.038978;0.783680;-0.008745;,
  0.039573;0.774648;-0.005655;,
  0.043184;0.770822;-0.007234;,
  0.044446;0.771928;-0.010036;,
  0.044446;0.771928;-0.010036;,
  0.074463;0.808402;0.041166;,
  0.070996;0.801146;0.041347;,
  0.046699;0.779638;-0.015930;,
  0.074683;0.811765;0.040905;,
  0.044704;0.783823;-0.016964;,
  0.072073;0.815649;0.040611;,
  0.041964;0.786339;-0.015409;,
  0.067340;0.816015;0.040598;,
  0.038978;0.787050;-0.011847;,
  0.063372;0.811948;0.040925;,
  0.038978;0.783680;-0.008745;,
  0.062364;0.802508;0.041268;,
  0.039573;0.774648;-0.005655;,
  0.066387;0.799289;0.041883;,
  0.043184;0.770822;-0.007234;,
  0.043184;0.770822;-0.007234;,
  0.066387;0.799289;0.041883;,
  0.043529;0.788546;-0.014469;,
  0.035123;0.788473;-0.010408;,
  0.041394;0.790737;-0.004714;,
  0.045575;0.782063;-0.019368;,
  0.037214;0.784136;-0.017735;,
  0.051845;0.784327;-0.013674;,
  0.049755;0.788664;-0.006347;,
  0.033891;0.779676;-0.005553;,
  0.040161;0.781940;0.000142;,
  0.042069;0.772198;-0.015258;,
  0.035981;0.775338;-0.012879;,
  0.050612;0.775530;-0.008818;,
  0.048522;0.779867;-0.001491;,
  0.041635;0.773204;-0.004757;,
  0.062887;0.800122;-0.007426;,
  0.048522;0.779867;-0.001491;,
  0.062887;0.800122;-0.007426;,
  0.049755;0.788664;-0.006347;,
  0.049755;0.788664;-0.006347;,
  0.062887;0.800122;-0.007426;,
  0.043529;0.788546;-0.014469;,
  0.014900;0.785429;-0.016910;;
  268;
  3;0,1,2;,
  3;1,0,3;,
  3;4,5,6;,
  3;5,4,7;,
  3;7,8,5;,
  3;8,7,9;,
  3;9,10,8;,
  3;10,9,11;,
  3;11,12,10;,
  3;12,11,13;,
  3;13,14,12;,
  3;14,13,15;,
  3;15,16,14;,
  3;16,15,17;,
  3;17,2,16;,
  3;2,17,0;,
  3;2,18,19;,
  3;18,2,1;,
  3;6,20,21;,
  3;20,6,5;,
  3;5,22,20;,
  3;22,5,8;,
  3;8,23,22;,
  3;23,8,10;,
  3;10,24,23;,
  3;24,10,12;,
  3;12,25,24;,
  3;25,12,14;,
  3;14,26,25;,
  3;26,14,16;,
  3;16,19,26;,
  3;19,16,2;,
  3;19,27,28;,
  3;27,19,18;,
  3;21,29,30;,
  3;29,21,20;,
  3;20,31,29;,
  3;31,20,22;,
  3;22,32,31;,
  3;32,22,23;,
  3;23,33,32;,
  3;33,23,24;,
  3;24,34,33;,
  3;34,24,25;,
  3;25,35,34;,
  3;35,25,26;,
  3;26,28,35;,
  3;28,26,19;,
  3;28,36,37;,
  3;36,28,27;,
  3;30,38,39;,
  3;38,30,29;,
  3;29,40,38;,
  3;40,29,31;,
  3;31,41,40;,
  3;41,31,32;,
  3;32,42,41;,
  3;42,32,33;,
  3;33,43,42;,
  3;43,33,34;,
  3;34,44,43;,
  3;44,34,35;,
  3;35,37,44;,
  3;37,35,28;,
  3;37,45,46;,
  3;45,37,36;,
  3;39,47,48;,
  3;47,39,38;,
  3;38,49,47;,
  3;49,38,40;,
  3;40,50,49;,
  3;50,40,41;,
  3;41,51,50;,
  3;51,41,42;,
  3;42,52,51;,
  3;52,42,43;,
  3;43,53,52;,
  3;53,43,44;,
  3;44,46,53;,
  3;46,44,37;,
  3;46,54,55;,
  3;54,46,45;,
  3;48,56,57;,
  3;56,48,47;,
  3;47,58,56;,
  3;58,47,49;,
  3;49,59,58;,
  3;59,49,50;,
  3;50,60,59;,
  3;60,50,51;,
  3;51,61,60;,
  3;61,51,52;,
  3;52,62,61;,
  3;62,52,53;,
  3;53,55,62;,
  3;55,53,46;,
  3;0,63,3;,
  3;63,0,64;,
  3;4,65,7;,
  3;65,4,66;,
  3;7,67,9;,
  3;67,7,65;,
  3;9,68,11;,
  3;68,9,67;,
  3;11,69,13;,
  3;69,11,68;,
  3;13,70,15;,
  3;70,13,69;,
  3;15,71,17;,
  3;71,15,70;,
  3;17,64,0;,
  3;64,17,71;,
  3;64,72,63;,
  3;72,64,73;,
  3;66,74,65;,
  3;74,66,75;,
  3;65,76,67;,
  3;76,65,74;,
  3;67,77,68;,
  3;77,67,76;,
  3;68,78,69;,
  3;78,68,77;,
  3;69,79,70;,
  3;79,69,78;,
  3;70,80,71;,
  3;80,70,79;,
  3;71,73,64;,
  3;73,71,80;,
  3;73,81,72;,
  3;81,73,82;,
  3;75,83,74;,
  3;83,75,84;,
  3;74,85,76;,
  3;85,74,83;,
  3;76,86,77;,
  3;86,76,85;,
  3;77,87,78;,
  3;87,77,86;,
  3;78,88,79;,
  3;88,78,87;,
  3;79,89,80;,
  3;89,79,88;,
  3;80,82,73;,
  3;82,80,89;,
  3;82,90,81;,
  3;90,82,91;,
  3;84,92,83;,
  3;92,84,93;,
  3;83,94,85;,
  3;94,83,92;,
  3;85,95,86;,
  3;95,85,94;,
  3;86,96,87;,
  3;96,86,95;,
  3;87,97,88;,
  3;97,87,96;,
  3;88,98,89;,
  3;98,88,97;,
  3;89,91,82;,
  3;91,89,98;,
  3;91,99,90;,
  3;99,91,100;,
  3;93,101,92;,
  3;101,93,102;,
  3;92,103,94;,
  3;103,92,101;,
  3;94,104,95;,
  3;104,94,103;,
  3;95,105,96;,
  3;105,95,104;,
  3;96,106,97;,
  3;106,96,105;,
  3;97,107,98;,
  3;107,97,106;,
  3;98,100,91;,
  3;100,98,107;,
  3;100,108,99;,
  3;108,100,109;,
  3;102,110,101;,
  3;110,102,111;,
  3;101,112,103;,
  3;112,101,110;,
  3;103,113,104;,
  3;113,103,112;,
  3;104,114,105;,
  3;114,104,113;,
  3;105,115,106;,
  3;115,105,114;,
  3;106,116,107;,
  3;116,106,115;,
  3;107,109,100;,
  3;109,107,116;,
  3;108,117,118;,
  3;117,108,109;,
  3;109,119,117;,
  3;119,109,116;,
  3;116,120,119;,
  3;120,116,115;,
  3;115,121,120;,
  3;121,115,114;,
  3;114,122,121;,
  3;122,114,113;,
  3;113,123,122;,
  3;123,113,112;,
  3;112,124,123;,
  3;124,112,110;,
  3;110,125,124;,
  3;125,110,111;,
  3;126,127,128;,
  3;127,126,129;,
  3;129,130,127;,
  3;130,129,131;,
  3;131,132,130;,
  3;132,131,133;,
  3;133,134,132;,
  3;134,133,135;,
  3;135,136,134;,
  3;136,135,137;,
  3;137,138,136;,
  3;138,137,139;,
  3;139,140,138;,
  3;140,139,141;,
  3;142,128,143;,
  3;128,142,126;,
  3;55,143,128;,
  3;143,55,54;,
  3;57,138,140;,
  3;138,57,56;,
  3;56,136,138;,
  3;136,56,58;,
  3;58,134,136;,
  3;134,58,59;,
  3;59,132,134;,
  3;132,59,60;,
  3;60,130,132;,
  3;130,60,61;,
  3;61,127,130;,
  3;127,61,62;,
  3;62,128,127;,
  3;128,62,55;,
  3;144,145,146;,
  3;144,147,148;,
  3;144,149,147;,
  3;144,146,150;,
  3;151,146,145;,
  3;146,151,152;,
  3;153,148,147;,
  3;148,153,154;,
  3;155,147,149;,
  3;147,155,153;,
  3;152,150,146;,
  3;150,152,156;,
  3;157,152,151;,
  3;157,151,154;,
  3;157,154,153;,
  3;157,153,155;,
  3;157,155,156;,
  3;157,156,152;,
  3;144,158,149;,
  3;149,158,155;,
  3;155,158,156;,
  3;159,160,161;,
  3;162,163,164;,
  3;144,165,145;,
  3;145,165,151;,
  3;151,165,154;,
  3;154,165,148;,
  3;148,165,144;;

  MeshNormals {
   166;
   0.470194;-0.022010;-0.882289;,
   0.088735;0.399406;-0.912470;,
   0.371831;-0.075861;-0.925196;,
   0.293287;0.493779;-0.818636;,
   0.293287;0.493779;-0.818636;,
   -0.338582;0.885958;-0.316923;,
   0.088735;0.399406;-0.912470;,
   -0.136436;0.959183;-0.247696;,
   -0.466369;0.680445;0.565239;,
   -0.483414;0.684515;0.545666;,
   -0.193402;0.085367;0.977399;,
   -0.473339;-0.006894;0.880854;,
   0.263835;-0.577994;0.772214;,
   -0.134620;-0.747122;0.650911;,
   0.563319;-0.825264;-0.040142;,
   0.345203;-0.923341;-0.168156;,
   0.395363;-0.484257;-0.780502;,
   0.510918;-0.436132;-0.740778;,
   -0.007165;0.345007;-0.938573;,
   0.226344;0.037619;-0.973321;,
   -0.473595;0.801467;-0.365183;,
   -0.007165;0.345007;-0.938573;,
   -0.340463;0.760362;0.553114;,
   0.161683;0.348198;0.923372;,
   0.724685;-0.140358;0.674634;,
   0.940788;-0.337558;0.031199;,
   0.643839;-0.237079;-0.727506;,
   -0.134132;0.267657;-0.954132;,
   0.272992;0.055584;-0.960409;,
   -0.693446;0.674992;-0.252028;,
   -0.134132;0.267657;-0.954132;,
   -0.527167;0.678932;0.511024;,
   0.036702;0.490121;0.870881;,
   0.832592;0.148524;0.533602;,
   0.977351;-0.070833;-0.199418;,
   0.714895;-0.004330;-0.699219;,
   0.128184;-0.078705;-0.988623;,
   0.635763;-0.143026;-0.758518;,
   -0.739428;0.204844;-0.641316;,
   0.128184;-0.078705;-0.988623;,
   -0.913159;0.323654;0.247768;,
   -0.560702;0.314157;0.766107;,
   0.362551;0.218274;0.906043;,
   0.944051;0.022222;0.329051;,
   0.955296;-0.098939;-0.278605;,
   -0.236578;-0.458114;-0.856833;,
   0.574622;-0.383945;-0.722769;,
   -0.951564;-0.148112;-0.269422;,
   -0.236578;-0.458114;-0.856833;,
   -0.869989;0.218802;0.441866;,
   -0.342485;0.430676;0.834999;,
   0.509264;0.394204;0.765019;,
   0.975650;0.117988;0.184896;,
   0.954589;-0.109938;-0.276900;,
   -0.231871;-0.896866;-0.376653;,
   0.568331;-0.754658;-0.327858;,
   -0.942569;-0.288264;-0.168725;,
   -0.231871;-0.896866;-0.376653;,
   -0.862775;0.460615;0.208454;,
   -0.325935;0.833920;0.445358;,
   0.449765;0.801617;0.393855;,
   0.931065;0.352322;0.094796;,
   0.970320;-0.195547;-0.142272;,
   0.502551;0.514476;-0.694807;,
   0.572582;-0.020037;-0.819603;,
   0.037368;0.992537;-0.116075;,
   0.502551;0.514476;-0.694807;,
   -0.520935;0.659505;0.541923;,
   -0.713966;-0.049144;0.698454;,
   -0.518162;-0.768696;0.374986;,
   0.100528;-0.936658;-0.335509;,
   0.495440;-0.437493;-0.750426;,
   0.785768;0.468443;-0.403892;,
   0.665178;-0.035986;-0.745817;,
   0.104760;0.993836;0.036260;,
   0.785768;0.468443;-0.403892;,
   -0.667290;0.695604;0.266193;,
   -0.968240;0.069921;0.240048;,
   -0.845308;-0.511033;-0.155885;,
   -0.229190;-0.659173;-0.716214;,
   0.448763;-0.340410;-0.826277;,
   0.967594;0.222720;-0.118986;,
   0.855934;-0.240790;-0.457600;,
   0.398227;0.906528;0.140082;,
   0.967594;0.222720;-0.118986;,
   -0.441660;0.885933;0.141630;,
   -0.867409;0.495208;-0.048699;,
   -0.858666;-0.144511;-0.491740;,
   -0.233804;-0.550953;-0.801116;,
   0.445241;-0.500220;-0.742658;,
   0.956760;-0.281628;0.072770;,
   0.727445;-0.597141;-0.338004;,
   0.632817;0.531420;0.563147;,
   0.956760;-0.281628;0.072770;,
   -0.192513;0.828182;0.526358;,
   -0.717546;0.680066;0.150459;,
   -0.856099;0.103487;-0.506344;,
   -0.393513;-0.425177;-0.815090;,
   0.213857;-0.662954;-0.717466;,
   0.777099;-0.525052;0.347042;,
   0.732090;-0.623013;-0.275499;,
   0.232709;0.015775;0.972419;,
   0.777099;-0.525052;0.347042;,
   -0.502217;0.529236;0.683876;,
   -0.761218;0.647756;0.030990;,
   -0.561258;0.387986;-0.731065;,
   -0.097914;-0.074912;-0.992371;,
   0.372198;-0.448711;-0.812482;,
   0.724451;-0.688940;0.023094;,
   0.736355;-0.406552;-0.540830;,
   0.222291;-0.599174;0.769141;,
   0.724451;-0.688940;0.023094;,
   -0.531159;0.107347;0.840444;,
   -0.731448;0.539168;0.417471;,
   -0.521164;0.777591;-0.351767;,
   -0.000220;0.484677;-0.874693;,
   0.430232;0.054709;-0.901059;,
   0.827824;-0.136283;-0.544182;,
   0.788112;-0.595818;-0.154535;,
   0.489303;0.446362;-0.749229;,
   -0.022061;0.796470;-0.604276;,
   -0.655214;0.751432;-0.077748;,
   -0.866191;0.242856;0.436732;,
   -0.656883;-0.264534;0.706065;,
   0.298753;-0.841583;0.449982;,
   0.788112;-0.595818;-0.154535;,
   0.788112;-0.595818;-0.154535;,
   0.954319;-0.225886;-0.195578;,
   0.738615;-0.671396;-0.060616;,
   0.827824;-0.136283;-0.544182;,
   0.927604;0.275687;-0.252084;,
   0.489303;0.446362;-0.749229;,
   0.495884;0.834231;-0.241160;,
   -0.022061;0.796470;-0.604276;,
   -0.280171;0.951012;-0.130692;,
   -0.655214;0.751432;-0.077748;,
   -0.864418;0.495370;0.085963;,
   -0.866191;0.242856;0.436732;,
   -0.913330;-0.288752;0.287144;,
   -0.656883;-0.264534;0.706065;,
   -0.083583;-0.969201;0.231655;,
   0.298753;-0.841583;0.449982;,
   0.298753;-0.841583;0.449982;,
   -0.083583;-0.969201;0.231655;,
   0.112842;0.763121;-0.636328;,
   -0.357821;0.896685;0.260616;,
   -0.139374;0.872413;0.468477;,
   0.304090;0.028635;-0.952213;,
   -0.114374;0.144300;-0.982902;,
   0.640479;-0.086251;-0.763117;,
   0.299877;0.799017;0.521196;,
   -0.672838;-0.259837;0.692657;,
   -0.267715;0.060422;0.961602;,
   -0.005259;-0.847264;-0.531145;,
   -0.524512;-0.797073;-0.299270;,
   0.712056;-0.702121;-0.001267;,
   0.495571;-0.295420;0.816784;,
   -0.119423;-0.853368;0.507445;,
   0.819681;-0.218592;-0.529472;,
   -0.361273;0.488909;0.794009;,
   -0.361273;0.488909;0.794009;,
   -0.361273;0.488909;0.794009;,
   -0.573430;0.697744;0.429339;,
   -0.573430;0.697744;0.429339;,
   -0.573430;0.697744;0.429339;,
   -0.962934;0.134105;-0.234039;;
   268;
   3;0,1,2;,
   3;1,0,3;,
   3;4,5,6;,
   3;5,4,7;,
   3;7,8,5;,
   3;8,7,9;,
   3;9,10,8;,
   3;10,9,11;,
   3;11,12,10;,
   3;12,11,13;,
   3;13,14,12;,
   3;14,13,15;,
   3;15,16,14;,
   3;16,15,17;,
   3;17,2,16;,
   3;2,17,0;,
   3;2,18,19;,
   3;18,2,1;,
   3;6,20,21;,
   3;20,6,5;,
   3;5,22,20;,
   3;22,5,8;,
   3;8,23,22;,
   3;23,8,10;,
   3;10,24,23;,
   3;24,10,12;,
   3;12,25,24;,
   3;25,12,14;,
   3;14,26,25;,
   3;26,14,16;,
   3;16,19,26;,
   3;19,16,2;,
   3;19,27,28;,
   3;27,19,18;,
   3;21,29,30;,
   3;29,21,20;,
   3;20,31,29;,
   3;31,20,22;,
   3;22,32,31;,
   3;32,22,23;,
   3;23,33,32;,
   3;33,23,24;,
   3;24,34,33;,
   3;34,24,25;,
   3;25,35,34;,
   3;35,25,26;,
   3;26,28,35;,
   3;28,26,19;,
   3;28,36,37;,
   3;36,28,27;,
   3;30,38,39;,
   3;38,30,29;,
   3;29,40,38;,
   3;40,29,31;,
   3;31,41,40;,
   3;41,31,32;,
   3;32,42,41;,
   3;42,32,33;,
   3;33,43,42;,
   3;43,33,34;,
   3;34,44,43;,
   3;44,34,35;,
   3;35,37,44;,
   3;37,35,28;,
   3;37,45,46;,
   3;45,37,36;,
   3;39,47,48;,
   3;47,39,38;,
   3;38,49,47;,
   3;49,38,40;,
   3;40,50,49;,
   3;50,40,41;,
   3;41,51,50;,
   3;51,41,42;,
   3;42,52,51;,
   3;52,42,43;,
   3;43,53,52;,
   3;53,43,44;,
   3;44,46,53;,
   3;46,44,37;,
   3;46,54,55;,
   3;54,46,45;,
   3;48,56,57;,
   3;56,48,47;,
   3;47,58,56;,
   3;58,47,49;,
   3;49,59,58;,
   3;59,49,50;,
   3;50,60,59;,
   3;60,50,51;,
   3;51,61,60;,
   3;61,51,52;,
   3;52,62,61;,
   3;62,52,53;,
   3;53,55,62;,
   3;55,53,46;,
   3;0,63,3;,
   3;63,0,64;,
   3;4,65,7;,
   3;65,4,66;,
   3;7,67,9;,
   3;67,7,65;,
   3;9,68,11;,
   3;68,9,67;,
   3;11,69,13;,
   3;69,11,68;,
   3;13,70,15;,
   3;70,13,69;,
   3;15,71,17;,
   3;71,15,70;,
   3;17,64,0;,
   3;64,17,71;,
   3;64,72,63;,
   3;72,64,73;,
   3;66,74,65;,
   3;74,66,75;,
   3;65,76,67;,
   3;76,65,74;,
   3;67,77,68;,
   3;77,67,76;,
   3;68,78,69;,
   3;78,68,77;,
   3;69,79,70;,
   3;79,69,78;,
   3;70,80,71;,
   3;80,70,79;,
   3;71,73,64;,
   3;73,71,80;,
   3;73,81,72;,
   3;81,73,82;,
   3;75,83,74;,
   3;83,75,84;,
   3;74,85,76;,
   3;85,74,83;,
   3;76,86,77;,
   3;86,76,85;,
   3;77,87,78;,
   3;87,77,86;,
   3;78,88,79;,
   3;88,78,87;,
   3;79,89,80;,
   3;89,79,88;,
   3;80,82,73;,
   3;82,80,89;,
   3;82,90,81;,
   3;90,82,91;,
   3;84,92,83;,
   3;92,84,93;,
   3;83,94,85;,
   3;94,83,92;,
   3;85,95,86;,
   3;95,85,94;,
   3;86,96,87;,
   3;96,86,95;,
   3;87,97,88;,
   3;97,87,96;,
   3;88,98,89;,
   3;98,88,97;,
   3;89,91,82;,
   3;91,89,98;,
   3;91,99,90;,
   3;99,91,100;,
   3;93,101,92;,
   3;101,93,102;,
   3;92,103,94;,
   3;103,92,101;,
   3;94,104,95;,
   3;104,94,103;,
   3;95,105,96;,
   3;105,95,104;,
   3;96,106,97;,
   3;106,96,105;,
   3;97,107,98;,
   3;107,97,106;,
   3;98,100,91;,
   3;100,98,107;,
   3;100,108,99;,
   3;108,100,109;,
   3;102,110,101;,
   3;110,102,111;,
   3;101,112,103;,
   3;112,101,110;,
   3;103,113,104;,
   3;113,103,112;,
   3;104,114,105;,
   3;114,104,113;,
   3;105,115,106;,
   3;115,105,114;,
   3;106,116,107;,
   3;116,106,115;,
   3;107,109,100;,
   3;109,107,116;,
   3;108,117,118;,
   3;117,108,109;,
   3;109,119,117;,
   3;119,109,116;,
   3;116,120,119;,
   3;120,116,115;,
   3;115,121,120;,
   3;121,115,114;,
   3;114,122,121;,
   3;122,114,113;,
   3;113,123,122;,
   3;123,113,112;,
   3;112,124,123;,
   3;124,112,110;,
   3;110,125,124;,
   3;125,110,111;,
   3;126,127,128;,
   3;127,126,129;,
   3;129,130,127;,
   3;130,129,131;,
   3;131,132,130;,
   3;132,131,133;,
   3;133,134,132;,
   3;134,133,135;,
   3;135,136,134;,
   3;136,135,137;,
   3;137,138,136;,
   3;138,137,139;,
   3;139,140,138;,
   3;140,139,141;,
   3;142,128,143;,
   3;128,142,126;,
   3;55,143,128;,
   3;143,55,54;,
   3;57,138,140;,
   3;138,57,56;,
   3;56,136,138;,
   3;136,56,58;,
   3;58,134,136;,
   3;134,58,59;,
   3;59,132,134;,
   3;132,59,60;,
   3;60,130,132;,
   3;130,60,61;,
   3;61,127,130;,
   3;127,61,62;,
   3;62,128,127;,
   3;128,62,55;,
   3;144,145,146;,
   3;144,147,148;,
   3;144,149,147;,
   3;144,146,150;,
   3;151,146,145;,
   3;146,151,152;,
   3;153,148,147;,
   3;148,153,154;,
   3;155,147,149;,
   3;147,155,153;,
   3;152,150,146;,
   3;150,152,156;,
   3;157,152,151;,
   3;157,151,154;,
   3;157,154,153;,
   3;157,153,155;,
   3;157,155,156;,
   3;157,156,152;,
   3;144,158,149;,
   3;149,158,155;,
   3;155,158,156;,
   3;159,160,161;,
   3;162,163,164;,
   3;144,165,145;,
   3;145,165,151;,
   3;151,165,154;,
   3;154,165,148;,
   3;148,165,144;;
  }

  MeshMaterialList {
   1;
   268;
   0,
   0,
   0,
   0,
   0,
   0,
   0,
   0,
   0,
   0,
   0,
   0,
   0,
   0,
   0,
   0,
   0,
   0,
   0,
   0,
   0,
   0,
   0,
   0,
   0,
   0,
   0,
   0,
   0,
   0,
   0,
   0,
   0,
   0,
   0,
   0,
   0,
   0,
   0,
   0,
   0,
   0,
   0,
   0,
   0,
   0,
   0,
   0,
   0,
   0,
   0,
   0,
   0,
   0,
   0,
   0,
   0,
   0,
   0,
   0,
   0,
   0,
   0,
   0,
   0,
   0,
   0,
   0,
   0,
   0,
   0,
   0,
   0,
   0,
   0,
   0,
   0,
   0,
   0,
   0,
   0,
   0,
   0,
   0,
   0,
   0,
   0,
   0,
   0,
   0,
   0,
   0,
   0,
   0,
   0,
   0,
   0,
   0,
   0,
   0,
   0,
   0,
   0,
   0,
   0,
   0,
   0,
   0,
   0,
   0,
   0,
   0,
   0,
   0,
   0,
   0,
   0,
   0,
   0,
   0,
   0,
   0,
   0,
   0,
   0,
   0,
   0,
   0,
   0,
   0,
   0,
   0,
   0,
   0,
   0,
   0,
   0,
   0,
   0,
   0,
   0,
   0,
   0,
   0,
   0,
   0,
   0,
   0,
   0,
   0,
   0,
   0,
   0,
   0,
   0,
   0,
   0,
   0,
   0,
   0,
   0,
   0,
   0,
   0,
   0,
   0,
   0,
   0,
   0,
   0,
   0,
   0,
   0,
   0,
   0,
   0,
   0,
   0,
   0,
   0,
   0,
   0,
   0,
   0,
   0,
   0,
   0,
   0,
   0,
   0,
   0,
   0,
   0,
   0,
   0,
   0,
   0,
   0,
   0,
   0,
   0,
   0,
   0,
   0,
   0,
   0,
   0,
   0,
   0,
   0,
   0,
   0,
   0,
   0,
   0,
   0,
   0,
   0,
   0,
   0,
   0,
   0,
   0,
   0,
   0,
   0,
   0,
   0,
   0,
   0,
   0,
   0,
   0,
   0,
   0,
   0,
   0,
   0,
   0,
   0,
   0,
   0,
   0,
   0,
   0,
   0,
   0,
   0,
   0,
   0,
   0,
   0,
   0,
   0,
   0,
   0,
   0,
   0,
   0,
   0,
   0,
   0,
   0,
   0,
   0,
   0,
   0,
   0;
   { _18_-_Defaultddd }
  }

  MeshTextureCoords c1 {
   166;
   0.383759;0.715371;,
   0.294858;0.695992;,
   0.336607;0.664310;,
   0.350899;0.753007;,
   0.645783;0.430385;,
   0.566032;0.419530;,
   0.594098;0.389404;,
   0.615610;0.456014;,
   0.519063;0.454759;,
   0.571939;0.491777;,
   0.466807;0.503860;,
   0.518062;0.547971;,
   0.428398;0.553156;,
   0.473205;0.600696;,
   0.392582;0.601874;,
   0.433752;0.649974;,
   0.366026;0.639052;,
   0.407398;0.685281;,
   0.263089;0.639259;,
   0.304616;0.614722;,
   0.521710;0.396293;,
   0.547699;0.366869;,
   0.461977;0.427538;,
   0.424413;0.471231;,
   0.392312;0.516878;,
   0.360269;0.561239;,
   0.334125;0.594815;,
   0.243318;0.550162;,
   0.276848;0.534608;,
   0.452661;0.378947;,
   0.465355;0.360870;,
   0.416637;0.400436;,
   0.374493;0.435816;,
   0.349160;0.463633;,
   0.323658;0.490451;,
   0.302513;0.513038;,
   0.241919;0.398044;,
   0.256612;0.392520;,
   0.321228;0.332157;,
   0.325828;0.325290;,
   0.311862;0.344027;,
   0.299202;0.359676;,
   0.290062;0.370370;,
   0.279085;0.379752;,
   0.269041;0.386507;,
   0.161644;0.285596;,
   0.170242;0.278376;,
   0.225254;0.232858;,
   0.230539;0.228347;,
   0.211940;0.244704;,
   0.201117;0.251477;,
   0.193702;0.257283;,
   0.187229;0.264167;,
   0.182291;0.269760;,
   0.113960;0.214768;,
   0.122631;0.208398;,
   0.167370;0.173426;,
   0.172101;0.168430;,
   0.157920;0.182732;,
   0.150973;0.189397;,
   0.143991;0.195063;,
   0.137080;0.199639;,
   0.132336;0.202402;,
   0.417276;0.796561;,
   0.444818;0.750171;,
   0.651870;0.506204;,
   0.685726;0.486184;,
   0.612227;0.540422;,
   0.566856;0.593215;,
   0.525257;0.638652;,
   0.486653;0.683326;,
   0.461896;0.717726;,
   0.477051;0.816798;,
   0.502401;0.769191;,
   0.673417;0.552579;,
   0.705352;0.541063;,
   0.643786;0.596682;,
   0.604306;0.629128;,
   0.565041;0.668818;,
   0.530496;0.709810;,
   0.507284;0.740227;,
   0.536504;0.821348;,
   0.556757;0.787180;,
   0.702838;0.604142;,
   0.721803;0.595367;,
   0.680172;0.636725;,
   0.648087;0.680681;,
   0.623781;0.709050;,
   0.600121;0.736676;,
   0.579154;0.759482;,
   0.689402;0.823148;,
   0.695294;0.807057;,
   0.754921;0.738132;,
   0.763848;0.734576;,
   0.741153;0.745590;,
   0.724174;0.756856;,
   0.713319;0.767975;,
   0.705328;0.782011;,
   0.700312;0.793599;,
   0.780763;0.882892;,
   0.790187;0.868448;,
   0.831987;0.818355;,
   0.836029;0.812162;,
   0.826030;0.827687;,
   0.815766;0.842604;,
   0.809519;0.848879;,
   0.801470;0.856054;,
   0.795436;0.861804;,
   0.878177;0.944464;,
   0.883211;0.929304;,
   0.921903;0.890281;,
   0.923873;0.884959;,
   0.916604;0.898044;,
   0.904679;0.908138;,
   0.898362;0.912417;,
   0.891781;0.917447;,
   0.887037;0.922488;,
   0.969293;0.990186;,
   0.956513;0.999500;,
   0.974796;0.984876;,
   0.979414;0.980298;,
   0.984405;0.974591;,
   0.988208;0.968276;,
   0.992346;0.953548;,
   0.996370;0.945882;,
   0.999500;0.941803;,
   0.002881;0.064475;,
   0.080172;0.135114;,
   0.069477;0.139871;,
   0.014545;0.053106;,
   0.084233;0.132318;,
   0.020659;0.048239;,
   0.089320;0.127236;,
   0.026741;0.045632;,
   0.093705;0.121392;,
   0.034136;0.043537;,
   0.098547;0.114829;,
   0.040872;0.040277;,
   0.107990;0.104920;,
   0.051451;0.029318;,
   0.115353;0.101294;,
   0.056517;0.022218;,
   0.000500;0.069123;,
   0.062652;0.143255;,
   0.844137;0.223363;,
   0.800346;0.200718;,
   0.833012;0.168963;,
   0.854795;0.250683;,
   0.811237;0.241578;,
   0.887461;0.218929;,
   0.876570;0.178069;,
   0.793924;0.173638;,
   0.826590;0.141883;,
   0.836530;0.227764;,
   0.804815;0.214498;,
   0.881039;0.191849;,
   0.870148;0.150989;,
   0.834270;0.169203;,
   0.944988;0.184087;,
   0.870148;0.150989;,
   0.944988;0.184087;,
   0.876570;0.178069;,
   0.876570;0.178069;,
   0.944988;0.184087;,
   0.844137;0.223363;,
   0.694988;0.236977;;
  }

  XSkinMeshHeader {
   6;
   6;
   9;
  }

  SkinWeights {
   "Bip01_L_UpperArm";
   66;
   45,
   46,
   47,
   48,
   49,
   50,
   51,
   52,
   53,
   54,
   55,
   56,
   57,
   58,
   59,
   60,
   61,
   62,
   117,
   118,
   119,
   120,
   121,
   122,
   123,
   124,
   125,
   126,
   127,
   128,
   129,
   130,
   131,
   132,
   133,
   134,
   135,
   136,
   137,
   138,
   139,
   140,
   141,
   142,
   143,
   144,
   145,
   146,
   147,
   148,
   149,
   150,
   151,
   152,
   153,
   154,
   155,
   156,
   157,
   158,
   159,
   160,
   161,
   162,
   163,
   164;
   0.176153,
   0.204748,
   0.156578,
   0.176153,
   0.150613,
   0.173668,
   0.209779,
   0.227471,
   0.223821,
   0.145697,
   0.195929,
   0.103878,
   0.145697,
   0.066224,
   0.064146,
   0.135247,
   0.197214,
   0.209956,
   0.067858,
   0.065468,
   0.055004,
   0.038064,
   0.022979,
   0.032518,
   0.047907,
   0.062540,
   0.065468,
   0.065468,
   0.096914,
   0.091080,
   0.067858,
   0.091678,
   0.055004,
   0.067544,
   0.038064,
   0.040218,
   0.022979,
   0.027588,
   0.032518,
   0.031832,
   0.047907,
   0.072245,
   0.062540,
   0.062540,
   0.072245,
   0.039402,
   0.001093,
   0.025937,
   0.061468,
   0.016500,
   0.079487,
   0.063901,
   0.019547,
   0.041359,
   0.058209,
   0.032542,
   0.079915,
   0.069336,
   0.056399,
   0.101116,
   0.069336,
   0.101116,
   0.063901,
   0.063901,
   0.101116,
   0.039402;
   0.989156,0.119042,-0.086020,0.000000,-0.109749,0.988323,0.105705,0.000000,0.097599,-0.095118,0.990670,0.000000,-0.021255,-0.767119,-0.110943,1.000000;;
  }

  SkinWeights {
   "Bip01_R_UpperArm";
   1;
   103;
   0.008658;
   -0.989156,0.119042,0.086017,0.000000,-0.109749,-0.988322,0.105705,0.000000,0.097596,0.095118,0.990670,0.000000,-0.021255,0.767119,-0.110943,1.000000;;
  }

  SkinWeights {
   "Bip01_BackPack";
   81;
   0,
   1,
   2,
   3,
   4,
   5,
   6,
   7,
   8,
   9,
   10,
   11,
   12,
   13,
   14,
   15,
   16,
   17,
   18,
   19,
   20,
   21,
   22,
   23,
   24,
   25,
   26,
   27,
   28,
   29,
   30,
   31,
   32,
   33,
   34,
   35,
   36,
   37,
   38,
   39,
   40,
   41,
   42,
   43,
   44,
   63,
   64,
   65,
   66,
   67,
   68,
   69,
   70,
   71,
   72,
   73,
   74,
   75,
   76,
   77,
   78,
   79,
   80,
   81,
   82,
   83,
   84,
   85,
   86,
   87,
   88,
   89,
   90,
   91,
   92,
   93,
   94,
   95,
   96,
   97,
   98;
   1.000000,
   1.000000,
   1.000000,
   1.000000,
   1.000000,
   1.000000,
   1.000000,
   1.000000,
   1.000000,
   1.000000,
   1.000000,
   1.000000,
   1.000000,
   1.000000,
   1.000000,
   1.000000,
   1.000000,
   1.000000,
   1.000000,
   1.000000,
   1.000000,
   1.000000,
   1.000000,
   1.000000,
   1.000000,
   1.000000,
   1.000000,
   1.000000,
   1.000000,
   1.000000,
   1.000000,
   1.000000,
   1.000000,
   1.000000,
   1.000000,
   1.000000,
   0.320000,
   0.320000,
   0.320000,
   0.320000,
   0.320000,
   0.320000,
   0.320000,
   0.320000,
   0.320000,
   1.000000,
   1.000000,
   1.000000,
   1.000000,
   1.000000,
   1.000000,
   1.000000,
   1.000000,
   1.000000,
   1.000000,
   1.000000,
   1.000000,
   1.000000,
   1.000000,
   1.000000,
   1.000000,
   1.000000,
   1.000000,
   1.000000,
