xof 0303txt 0032
template ColorRGBA {
 <35ff44e0-6c7c-11cf-8f52-0040333594a3>
 FLOAT red;
 FLOAT green;
 FLOAT blue;
 FLOAT alpha;
}

template ColorRGB {
 <d3e16e81-7835-11cf-8f52-0040333594a3>
 FLOAT red;
 FLOAT green;
 FLOAT blue;
}

template Material {
 <3d82ab4d-62da-11cf-ab39-0020af71e433>
 ColorRGBA faceColor;
 FLOAT power;
 ColorRGB specularColor;
 ColorRGB emissiveColor;
 [...]
}

template TextureFilename {
 <a42790e1-7810-11cf-8f52-0040333594a3>
 STRING filename;
}

template Frame {
 <3d82ab46-62da-11cf-ab39-0020af71e433>
 [...]
}

template Matrix4x4 {
 <f6f23f45-7686-11cf-8f52-0040333594a3>
 array FLOAT matrix[16];
}

template FrameTransformMatrix {
 <f6f23f41-7686-11cf-8f52-0040333594a3>
 Matrix4x4 frameMatrix;
}

template Vector {
 <3d82ab5e-62da-11cf-ab39-0020af71e433>
 FLOAT x;
 FLOAT y;
 FLOAT z;
}

template MeshFace {
 <3d82ab5f-62da-11cf-ab39-0020af71e433>
 DWORD nFaceVertexIndices;
 array DWORD faceVertexIndices[nFaceVertexIndices];
}

template Mesh {
 <3d82ab44-62da-11cf-ab39-0020af71e433>
 DWORD nVertices;
 array Vector vertices[nVertices];
 DWORD nFaces;
 array MeshFace faces[nFaces];
 [...]
}

template MeshNormals {
 <f6f23f43-7686-11cf-8f52-0040333594a3>
 DWORD nNormals;
 array Vector normals[nNormals];
 DWORD nFaceNormals;
 array MeshFace faceNormals[nFaceNormals];
}

template MeshMaterialList {
 <f6f23f42-7686-11cf-8f52-0040333594a3>
 DWORD nMaterials;
 DWORD nFaceIndexes;
 array DWORD faceIndexes[nFaceIndexes];
 [Material <3d82ab4d-62da-11cf-ab39-0020af71e433>]
}

template Coords2d {
 <f6f23f44-7686-11cf-8f52-0040333594a3>
 FLOAT u;
 FLOAT v;
}

template MeshTextureCoords {
 <f6f23f40-7686-11cf-8f52-0040333594a3>
 DWORD nTextureCoords;
 array Coords2d textureCoords[nTextureCoords];
}

template XSkinMeshHeader {
 <3cf169ce-ff7c-44ab-93c0-f78f62d172e2>
 WORD nMaxSkinWeightsPerVertex;
 WORD nMaxSkinWeightsPerFace;
 WORD nBones;
}

template SkinWeights {
 <6f0d123b-bad2-4167-a0d0-80224f25fabb>
 STRING transformNodeName;
 DWORD nWeights;
 array DWORD vertexIndices[nWeights];
 array FLOAT weights[nWeights];
 Matrix4x4 matrixOffset;
}

template AnimTicksPerSecond {
 <9e415a43-7ba6-4a73-8743-b73d47e88476>
 DWORD AnimTicksPerSecond;
}

template Animation {
 <3d82ab4f-62da-11cf-ab39-0020af71e433>
 [...]
}

template AnimationSet {
 <3d82ab50-62da-11cf-ab39-0020af71e433>
 [Animation <3d82ab4f-62da-11cf-ab39-0020af71e433>]
}

template FloatKeys {
 <10dd46a9-775b-11cf-8f52-0040333594a3>
 DWORD nValues;
 array FLOAT values[nValues];
}

template TimedFloatKeys {
 <f406b180-7b3b-11cf-8f52-0040333594a3>
 DWORD time;
 FloatKeys tfkeys;
}

template AnimationKey {
 <10dd46a8-775b-11cf-8f52-0040333594a3>
 DWORD keyType;
 DWORD nKeys;
 array TimedFloatKeys keys[nKeys];
}


Material Material__399 {
 1.000000;1.000000;1.000000;1.000000;;
 100.000000;
 0.200000;0.200000;0.200000;;
 0.000000;0.000000;0.000000;;

 TextureFilename {
  "MakeupCase_Professional.png";
 }
}

Frame Dummy01 {
 

 FrameTransformMatrix {
  1.000000,0.000000,0.000000,0.000000,0.000000,-0.000000,-1.000000,0.000000,0.000000,1.000000,-0.000000,0.000000,0.000000,0.000000,0.000000,1.000000;;
 }

 Frame Bip01 {
  

  FrameTransformMatrix {
   -0.087155,0.982405,-0.165183,0.000000,-0.000001,0.165814,0.986157,0.000000,0.996195,0.085949,-0.014450,0.000000,-0.010000,-0.012284,0.490453,1.000000;;
  }

  Frame Bip01_Pelvis {
   

   FrameTransformMatrix {
    0.000000,1.000000,-0.000001,0.000000,-0.000001,0.000001,1.000000,0.000000,1.000000,0.000000,0.000001,0.000000,0.000000,0.000000,0.000000,1.000000;;
   }

   Frame Bip01_Spine {
    

    FrameTransformMatrix {
     0.984686,0.000002,-0.174337,0.000000,-0.000001,1.000000,0.000004,0.000000,0.174337,-0.000004,0.984686,0.000000,0.051619,0.000000,-0.000083,1.000000;;
    }

    Frame Bip01_Spine1 {
     

     FrameTransformMatrix {
      0.997819,0.052687,0.039774,0.000000,-0.044862,0.983198,-0.176942,0.000000,-0.048428,0.174771,0.983417,0.000000,0.106484,-0.000015,-0.000083,1.000000;;
     }

     Frame Bip01_Neck {
      

      FrameTransformMatrix {
       0.966067,-0.020835,0.257451,0.000000,0.025191,0.999590,-0.013632,0.000000,-0.257061,0.019655,0.966195,0.000000,0.130511,-0.000001,0.004626,1.000000;;
      }

      Frame Bip01_Head {
       

       FrameTransformMatrix {
        0.989321,-0.051753,-0.136255,0.000000,0.064251,0.993958,0.088989,0.000000,0.130826,-0.096793,0.986669,0.000000,0.033674,-0.000000,-0.000000,1.000000;;
       }
      }

      Frame Bip01_L_Clavicle {
       

       FrameTransformMatrix {
        -0.205975,0.976135,0.068811,0.000000,0.943873,0.216738,-0.249254,0.000000,-0.258220,0.013609,-0.965990,0.000000,-0.024734,0.015166,0.002017,1.000000;;
       }

       Frame Bip01_L_UpperArm {
        

        FrameTransformMatrix {
         0.385871,-0.777669,0.496320,0.000000,0.922466,0.332598,-0.196046,0.000000,-0.012616,0.533487,0.845714,0.000000,0.087086,-0.000000,0.000000,1.000000;;
        }

        Frame Bip01_L_Forearm {
         

         FrameTransformMatrix {
          0.943939,0.000000,-0.330119,0.000000,0.000000,1.000000,-0.000000,0.000000,0.330119,-0.000000,0.943939,0.000000,0.137062,-0.000000,0.000000,1.000000;;
         }

         Frame Bip01_L_Hand {
          

          FrameTransformMatrix {
           1.000000,-0.000000,0.000000,0.000000,0.000000,0.000796,1.000000,0.000000,0.000000,-1.000000,0.000796,0.000000,0.137062,0.000000,0.000000,1.000000;;
          }

          Frame Bip01_L_Finger0 {
           

           FrameTransformMatrix {
            0.690342,-0.181727,0.700288,0.000000,0.558537,0.749101,-0.356210,0.000000,-0.459853,0.637043,0.618637,0.000000,0.057681,-0.023605,-0.000272,1.000000;;
           }
          }

          Frame Bip01_L_Finger1 {
           

           FrameTransformMatrix {
            0.728079,-0.000546,0.685493,0.000000,0.000000,1.000000,0.000796,0.000000,-0.685493,-0.000580,0.728079,0.000000,0.084102,0.000000,0.000000,1.000000;;
           }
          }
         }
        }
       }
      }

      Frame Bip01_R_Clavicle {
       

       FrameTransformMatrix {
        -0.028509,-0.999573,-0.006461,0.000000,-0.965665,0.025871,0.258498,0.000000,-0.258220,0.013609,-0.965990,0.000000,-0.024080,-0.016250,0.001399,1.000000;;
       }

       Frame Bip01_R_UpperArm {
        

        FrameTransformMatrix {
         0.221390,0.975047,0.016433,0.000000,-0.974986,0.221654,-0.016512,0.000000,-0.019742,-0.012366,0.999729,0.000000,0.087086,0.000000,0.000000,1.000000;;
        }

        Frame Bip01_R_Forearm {
         

         FrameTransformMatrix {
          0.915660,-0.000000,-0.401954,0.000000,-0.000000,1.000000,-0.000000,0.000000,0.401954,-0.000000,0.915660,0.000000,0.137062,0.000000,-0.000000,1.000000;;
         }

         Frame Bip01_R_Hand {
          

          FrameTransformMatrix {
           0.975195,-0.000000,-0.221346,0.000000,-0.221346,0.000796,-0.975195,0.000000,0.000176,1.000000,0.000777,0.000000,0.137062,0.000000,0.000000,1.000000;;
          }

          Frame Bip01_R_Finger0 {
           

           FrameTransformMatrix {
            0.417774,-0.116941,0.900994,0.000000,-0.558537,0.749101,0.356210,0.000000,-0.716591,-0.652054,0.247639,0.000000,0.057681,0.023605,-0.000272,1.000000;;
           }
          }

          Frame Bip01_R_Finger1 {
           

           FrameTransformMatrix {
            0.352436,0.000745,0.935835,0.000000,-0.000000,1.000000,-0.000796,0.000000,-0.935836,0.000281,0.352436,0.000000,0.084102,0.000000,0.000000,1.000000;;
           }
          }
         }
        }
       }
      }
     }

     Frame Bip01_BackPack {
      

      FrameTransformMatrix {
       0.180560,0.080500,-0.980264,0.000000,0.047560,0.994764,0.090451,0.000000,0.982413,-0.062954,0.175786,0.000000,0.063697,0.000003,-0.088856,1.000000;;
      }
     }
    }

    Frame Bip01_L_Thigh {
     

     FrameTransformMatrix {
      -0.888504,0.030427,0.457858,0.000000,-0.032107,-0.999476,0.004114,0.000000,0.457744,-0.011045,0.889016,0.000000,-0.050843,0.055225,-0.008917,1.000000;;
     }

     Frame Bip01_L_Calf {
      

      FrameTransformMatrix {
       0.942235,-0.000000,-0.334952,0.000000,-0.000000,1.000000,-0.000000,0.000000,0.334952,0.000000,0.942235,0.000000,0.237500,0.000000,-0.000000,1.000000;;
      }

      Frame Bip01_L_Foot {
       

       FrameTransformMatrix {
        0.924325,-0.026487,0.380687,0.000000,-0.068962,0.969570,0.234901,0.000000,-0.375325,-0.243378,0.894371,0.000000,0.206841,-0.000000,0.000000,1.000000;;
       }

       Frame Bip01_L_Toe0 {
        

        FrameTransformMatrix {
         0.000000,0.000000,1.000000,0.000000,0.000000,1.000000,-0.000000,0.000000,-1.000000,0.000000,0.000000,0.000000,0.065373,0.000000,0.066450,1.000000;;
        }
       }
      }
     }
    }

    Frame Bip01_R_Thigh {
     

     FrameTransformMatrix {
      -0.996965,0.030321,-0.071704,0.000000,-0.029454,-0.999480,-0.013113,0.000000,-0.072065,-0.010961,0.997340,0.000000,-0.050843,-0.055225,-0.008917,1.000000;;
     }

     Frame Bip01_R_Calf {
      

      FrameTransformMatrix {
       0.730239,0.000000,-0.683192,0.000000,0.000000,1.000000,0.000000,0.000000,0.683192,-0.000000,0.730239,0.000000,0.237500,0.000000,0.000000,1.000000;;
      }

      Frame Bip01_R_Foot {
       

       FrameTransformMatrix {
        0.991957,0.087165,-0.091782,0.000000,-0.093276,0.993546,-0.064539,0.000000,0.085565,0.072581,0.993685,0.000000,0.206841,-0.000000,0.000000,1.000000;;
       }

       Frame Bip01_R_Toe0 {
        

        FrameTransformMatrix {
         0.000000,0.000000,1.000000,0.000000,0.000000,1.000000,-0.000000,0.000000,-1.000000,0.000000,0.000000,0.000000,0.065373,0.000000,0.066450,1.000000;;
        }
       }
      }
     }
    }
   }

   Frame Bip01_DressFront {
    

    FrameTransformMatrix {
     -0.880185,-0.088339,0.466338,0.000000,0.121847,0.907542,0.401896,0.000000,-0.458725,0.410564,-0.788041,0.000000,-0.043935,0.001339,0.061057,1.000000;;
    }

    Frame Bip01_DressFront02 {
     

     FrameTransformMatrix {
      0.912593,0.000001,0.408870,0.000000,-0.000001,1.000000,-0.000000,0.000000,-0.408870,-0.000000,0.912593,0.000000,0.183378,-0.000000,-0.000120,1.000000;;
     }
    }
   }

   Frame Bip01_DressBack {
    

    FrameTransformMatrix {
     -0.886023,0.038029,0.462080,0.000000,0.191625,0.937561,0.290274,0.000000,-0.422190,0.345735,-0.837988,0.000000,-0.047673,-0.000048,-0.078302,1.000000;;
    }

    Frame Bip01_DressBack02 {
     

     FrameTransformMatrix {
      0.936852,0.174932,-0.302833,0.000000,-0.166408,0.984581,0.053939,0.000000,0.307600,-0.000139,0.951516,0.000000,0.176125,0.000000,-0.000103,1.000000;;
     }
    }
   }
  }

  Frame Bip01_Prop1 {
   

   FrameTransformMatrix {
    -0.233929,-0.108090,0.966226,0.000000,0.687222,0.684611,0.242967,0.000000,-0.687752,0.720850,-0.085868,0.000000,0.108125,-0.048422,-0.137969,1.000000;;
   }
  }

  Frame Bip01_Prop2 {
   

   FrameTransformMatrix {
    -0.163643,-0.967062,0.194966,0.000000,0.985576,-0.168906,-0.010564,0.000000,0.043147,0.190425,0.980753,0.000000,-0.138405,-0.102098,0.114818,1.000000;;
   }
  }
 }
}

Frame Translation_Data {
 

 FrameTransformMatrix {
  0.000000,0.000000,-1.000000,0.000000,-1.000000,-0.000000,-0.000000,0.000000,-0.000000,1.000000,-0.000000,0.000000,0.000000,-0.000000,0.000000,1.000000;;
 }
}

Frame MakeupCase_Professional_LHand {
 

 FrameTransformMatrix {
  1.000000,0.000000,0.000000,0.000000,0.000000,1.000000,0.000000,0.000000,0.000000,0.000000,1.000000,0.000000,0.000000,0.000000,0.000000,1.000000;;
 }

 Mesh MakeupCase_Professional_LHand {
  559;
  0.567174;0.555444;0.157879;,
  0.604082;0.586203;-0.036586;,
  0.598103;0.606892;0.153245;,
  0.573153;0.534754;-0.031952;,
  0.458222;0.672625;-0.050599;,
  0.421315;0.641867;0.143866;,
  0.452244;0.693315;0.139232;,
  0.427293;0.621177;-0.045965;,
  0.596732;0.589759;-0.046159;,
  0.435200;0.615693;-0.054073;,
  0.466129;0.667142;-0.058706;,
  0.565803;0.538310;-0.041525;,
  0.625970;0.670457;0.147195;,
  0.501346;0.727150;-0.055183;,
  0.495367;0.747840;0.134648;,
  0.631949;0.649767;-0.042636;,
  0.590196;0.612376;0.161353;,
  0.490522;0.741208;0.144172;,
  0.459593;0.689759;0.148806;,
  0.621125;0.663824;0.156720;,
  0.560958;0.531678;-0.032001;,
  0.424377;0.629751;0.145283;,
  0.430355;0.609061;-0.044548;,
  0.554980;0.552368;0.157830;,
  0.629032;0.658341;0.148612;,
  0.604082;0.586203;-0.036586;,
  0.635011;0.637651;-0.041219;,
  0.598103;0.606892;0.153245;,
  0.489151;0.724074;-0.055232;,
  0.452244;0.693315;0.139232;,
  0.483172;0.744764;0.134599;,
  0.458222;0.672625;-0.050599;,
  0.627661;0.641208;-0.050792;,
  0.466129;0.667142;-0.058706;,
  0.497058;0.718591;-0.063340;,
  0.596732;0.589759;-0.046159;,
  0.559268;0.560927;0.165986;,
  0.459593;0.689759;0.148806;,
  0.428665;0.638310;0.153439;,
  0.590196;0.612376;0.161353;,
  0.567612;0.531099;-0.037325;,
  0.571455;0.535161;-0.038766;,
  0.567821;0.530187;-0.031622;,
  0.561286;0.552994;0.163557;,
  0.561842;0.550877;0.158209;,
  0.565058;0.557296;0.164326;,
  0.427474;0.614132;-0.050788;,
  0.425776;0.614350;-0.045269;,
  0.429409;0.619324;-0.052412;,
  0.421147;0.636026;0.150093;,
  0.423013;0.641459;0.150679;,
  0.419797;0.635040;0.144562;,
  0.567612;0.531099;-0.037325;,
  0.562309;0.532854;-0.038802;,
  0.571455;0.535161;-0.038766;,
  0.427474;0.614132;-0.050788;,
  0.429409;0.619324;-0.052412;,
  0.431706;0.610237;-0.051350;,
  0.635178;0.643491;-0.047447;,
  0.631016;0.647145;-0.049095;,
  0.636528;0.644478;-0.041915;,
  0.628851;0.665386;0.153435;,
  0.630550;0.665168;0.147916;,
  0.624620;0.669281;0.153996;,
  0.488713;0.748419;0.139971;,
  0.494017;0.746664;0.141449;,
  0.488504;0.749331;0.134269;,
  0.495040;0.726524;-0.060910;,
  0.494483;0.728641;-0.055562;,
  0.500413;0.724529;-0.061643;,
  0.628851;0.665386;0.153435;,
  0.624620;0.669281;0.153996;,
  0.626916;0.660194;0.155059;,
  0.488713;0.748419;0.139971;,
  0.484871;0.744357;0.141412;,
  0.494017;0.746664;0.141449;,
  0.561286;0.552994;0.163557;,
  0.555912;0.554989;0.164289;,
  0.561842;0.550877;0.158209;,
  0.567612;0.531099;-0.037325;,
  0.567821;0.530187;-0.031622;,
  0.562309;0.532854;-0.038802;,
  0.427474;0.614132;-0.050788;,
  0.431706;0.610237;-0.051350;,
  0.425776;0.614350;-0.045269;,
  0.421147;0.636026;0.150093;,
  0.419797;0.635040;0.144562;,
  0.425309;0.632372;0.151742;,
  0.628851;0.665386;0.153435;,
  0.626916;0.660194;0.155059;,
  0.630550;0.665168;0.147916;,
  0.635178;0.643491;-0.047447;,
  0.636528;0.644478;-0.041915;,
  0.633312;0.638059;-0.048032;,
  0.495040;0.726524;-0.060910;,
  0.491267;0.722221;-0.061679;,
  0.494483;0.728641;-0.055562;,
  0.488713;0.748419;0.139971;,
  0.488504;0.749331;0.134269;,
  0.484871;0.744357;0.141412;,
  0.635178;0.643491;-0.047447;,
  0.633312;0.638059;-0.048032;,
  0.631016;0.647145;-0.049095;,
  0.495040;0.726524;-0.060910;,
  0.500413;0.724529;-0.061643;,
  0.491267;0.722221;-0.061679;,
  0.561286;0.552994;0.163557;,
  0.565058;0.557296;0.164326;,
  0.555912;0.554989;0.164289;,
  0.421147;0.636026;0.150093;,
  0.425309;0.632372;0.151742;,
  0.423013;0.641459;0.150679;,
  0.595987;0.608745;0.159692;,
  0.602383;0.586610;-0.043399;,
  0.460338;0.670773;-0.057046;,
  0.453942;0.692908;0.146046;,
  0.602383;0.586610;-0.043399;,
  0.460338;0.670773;-0.057046;,
  0.595987;0.608745;0.159692;,
  0.453942;0.692908;0.146046;,
  0.595987;0.608745;0.159692;,
  0.602383;0.586610;-0.043399;,
  0.460338;0.670773;-0.057046;,
  0.453942;0.692908;0.146046;,
  0.602383;0.586610;-0.043399;,
  0.460338;0.670773;-0.057046;,
  0.595987;0.608745;0.159692;,
  0.453942;0.692908;0.146046;,
  0.445184;0.661038;-0.028909;,
  0.463339;0.694087;-0.014058;,
  0.463895;0.692163;-0.031712;,
  0.444628;0.662963;-0.011255;,
  0.448285;0.659201;-0.028611;,
  0.463895;0.692163;-0.031712;,
  0.466996;0.690326;-0.031414;,
  0.445184;0.661038;-0.028909;,
  0.466996;0.690326;-0.031414;,
  0.463339;0.694087;-0.014058;,
  0.466440;0.692250;-0.013760;,
  0.463895;0.692163;-0.031712;,
  0.466440;0.692250;-0.013760;,
  0.444628;0.662963;-0.011255;,
  0.447729;0.661125;-0.010957;,
  0.463339;0.694087;-0.014058;,
  0.447729;0.661125;-0.010957;,
  0.445184;0.661038;-0.028909;,
  0.448285;0.659201;-0.028611;,
  0.444628;0.662963;-0.011255;,
  0.453043;0.683527;-0.024778;,
  0.445442;0.671714;-0.018517;,
  0.452881;0.684088;-0.019632;,
  0.445604;0.671153;-0.023664;,
  0.449446;0.668545;-0.026977;,
  0.454854;0.682122;-0.028287;,
  0.456885;0.680919;-0.028092;,
  0.447415;0.669748;-0.027172;,
  0.462078;0.689906;-0.026723;,
  0.459790;0.692000;-0.018743;,
  0.461821;0.690797;-0.018548;,
  0.460048;0.691109;-0.026918;,
  0.456492;0.682280;-0.015603;,
  0.447022;0.671109;-0.014683;,
  0.449053;0.669906;-0.014488;,
  0.454461;0.683483;-0.015798;,
  0.446506;0.665008;-0.018185;,
  0.444610;0.665743;-0.022673;,
  0.446641;0.664540;-0.022478;,
  0.444475;0.666211;-0.018381;,
  0.459790;0.692000;-0.018743;,
  0.454576;0.683083;-0.019469;,
  0.454461;0.683483;-0.015798;,
  0.444610;0.665743;-0.022673;,
  0.447300;0.670148;-0.023501;,
  0.447415;0.669748;-0.027172;,
  0.462078;0.689906;-0.026723;,
  0.460048;0.691109;-0.026918;,
  0.444610;0.665743;-0.022673;,
  0.446641;0.664540;-0.022478;,
  0.446506;0.665008;-0.018185;,
  0.444475;0.666211;-0.018381;,
  0.459790;0.692000;-0.018743;,
  0.461821;0.690797;-0.018548;,
  0.447138;0.670709;-0.018355;,
  0.447022;0.671109;-0.014683;,
  0.454738;0.682522;-0.024616;,
  0.454854;0.682122;-0.028287;,
  0.460048;0.691109;-0.026918;,
  0.458095;0.693005;-0.018906;,
  0.458352;0.692114;-0.027081;,
  0.442915;0.666748;-0.022836;,
  0.442780;0.667216;-0.018543;,
  0.444475;0.666211;-0.018381;,
  0.460048;0.691109;-0.026918;,
  0.459790;0.692000;-0.018743;,
  0.454576;0.683083;-0.019469;,
  0.447138;0.670709;-0.018355;,
  0.444475;0.666211;-0.018381;,
  0.444610;0.665743;-0.022673;,
  0.447300;0.670148;-0.023501;,
  0.454738;0.682522;-0.024616;,
  0.441064;0.675296;0.101905;,
  0.459219;0.708345;0.116757;,
  0.459775;0.706421;0.099102;,
  0.440508;0.677220;0.119560;,
  0.444165;0.673459;0.102203;,
  0.459775;0.706421;0.099102;,
  0.462876;0.704584;0.099400;,
  0.441064;0.675296;0.101905;,
  0.462876;0.704584;0.099400;,
  0.459219;0.708345;0.116757;,
  0.462320;0.706508;0.117055;,
  0.459775;0.706421;0.099102;,
  0.462320;0.706508;0.117055;,
  0.440508;0.677220;0.119560;,
  0.443609;0.675383;0.119858;,
  0.459219;0.708345;0.116757;,
  0.443609;0.675383;0.119858;,
  0.441064;0.675296;0.101905;,
  0.444165;0.673459;0.102203;,
  0.440508;0.677220;0.119560;,
  0.448923;0.697785;0.106036;,
  0.441322;0.685971;0.112297;,
  0.448761;0.698346;0.111183;,
  0.441484;0.685410;0.107151;,
  0.445326;0.682802;0.103838;,
  0.450734;0.696380;0.102528;,
  0.452765;0.695177;0.102723;,
  0.443295;0.684006;0.103642;,
  0.457959;0.704164;0.104092;,
  0.455670;0.706258;0.112072;,
  0.457701;0.705055;0.112267;,
  0.455928;0.705367;0.103897;,
  0.452372;0.696538;0.115212;,
  0.442902;0.685367;0.116132;,
  0.444933;0.684164;0.116327;,
  0.450341;0.697741;0.115017;,
  0.442386;0.679266;0.112629;,
  0.440490;0.680001;0.108141;,
  0.442521;0.678798;0.108337;,
  0.440355;0.680469;0.112434;,
  0.455670;0.706258;0.112072;,
  0.450456;0.697341;0.111346;,
  0.450341;0.697741;0.115017;,
  0.440490;0.680001;0.108141;,
  0.443180;0.684406;0.107314;,
  0.443295;0.684006;0.103642;,
  0.457959;0.704164;0.104092;,
  0.455928;0.705367;0.103897;,
  0.440490;0.680001;0.108141;,
  0.442521;0.678798;0.108337;,
  0.442386;0.679266;0.112629;,
  0.440355;0.680469;0.112434;,
  0.455670;0.706258;0.112072;,
  0.457701;0.705055;0.112267;,
  0.443018;0.684967;0.112460;,
  0.442902;0.685367;0.116132;,
  0.450619;0.696780;0.106199;,
  0.450734;0.696380;0.102528;,
  0.455928;0.705367;0.103897;,
  0.453975;0.707263;0.111909;,
  0.454232;0.706372;0.103734;,
  0.438795;0.681006;0.107979;,
  0.438660;0.681474;0.112271;,
  0.440355;0.680469;0.112434;,
  0.455928;0.705367;0.103897;,
  0.455670;0.706258;0.112072;,
  0.450456;0.697341;0.111346;,
  0.443018;0.684967;0.112460;,
  0.440355;0.680469;0.112434;,
  0.440490;0.680001;0.108141;,
  0.443180;0.684406;0.107314;,
  0.450619;0.696780;0.106199;,
  0.441937;0.684431;0.068859;,
  0.451150;0.691580;0.017049;,
  0.443533;0.678909;0.018190;,
  0.449555;0.697102;0.067718;,
  0.450709;0.679234;0.069701;,
  0.443533;0.678909;0.018190;,
  0.452305;0.673712;0.019033;,
  0.441937;0.684431;0.068859;,
  0.452305;0.673712;0.019033;,
  0.451150;0.691580;0.017049;,
  0.459922;0.686382;0.017892;,
  0.443533;0.678909;0.018190;,
  0.459922;0.686382;0.017892;,
  0.449555;0.697102;0.067718;,
  0.458327;0.691905;0.068560;,
  0.451150;0.691580;0.017049;,
  0.458327;0.691905;0.068560;,
  0.441937;0.684431;0.068859;,
  0.450709;0.679234;0.069701;,
  0.449555;0.697102;0.067718;,
  0.425594;0.698682;0.018174;,
  0.426826;0.696199;0.041710;,
  0.423606;0.701931;0.040984;,
  0.427940;0.693492;0.019082;,
  0.435943;0.695966;0.017472;,
  0.430216;0.701839;0.041202;,
  0.435862;0.698345;0.041761;,
  0.431330;0.699131;0.018574;,
  0.432604;0.692925;0.042249;,
  0.432810;0.690754;0.017942;,
  0.426657;0.702948;0.072634;,
  0.431491;0.696319;0.072501;,
  0.433477;0.699263;0.077244;,
  0.433397;0.689721;0.011967;,
  0.434416;0.701250;0.065949;,
  0.429902;0.704072;0.063907;,
  0.434749;0.701738;0.072012;,
  0.428626;0.696133;0.010109;,
  0.436655;0.695141;0.011478;,
  0.445113;0.687821;0.070748;,
  0.440156;0.691181;0.074967;,
  0.431283;0.696038;0.066418;,
  0.443546;0.696821;0.074459;,
  0.443026;0.693690;0.079107;,
  0.448504;0.693460;0.070240;,
  0.450217;0.687531;0.015843;,
  0.445554;0.689871;0.010699;,
  0.435694;0.691589;0.006833;,
  0.442164;0.684232;0.011207;,
  0.445303;0.685810;0.006811;,
  0.446827;0.681892;0.016350;,
  0.451117;0.684660;0.075725;,
  0.454507;0.690299;0.075217;,
  0.452641;0.688070;0.080890;,
  0.456497;0.683414;0.012046;,
  0.453106;0.677775;0.012553;,
  0.454972;0.680004;0.006881;,
  0.424149;0.703681;0.064037;,
  0.426512;0.698433;0.064415;,
  0.447586;0.685785;0.064650;,
  0.450976;0.691425;0.064143;,
  0.451425;0.683512;0.065042;,
  0.454816;0.689152;0.064534;,
  0.452292;0.686872;0.022375;,
  0.448902;0.681233;0.022883;,
  0.456132;0.684595;0.022725;,
  0.452742;0.678956;0.023233;,
  0.498345;0.568234;-0.023908;,
  0.487096;0.576494;-0.007280;,
  0.487652;0.574569;-0.024935;,
  0.497789;0.570158;-0.006253;,
  0.499173;0.569611;-0.024032;,
  0.487652;0.574569;-0.024935;,
  0.488480;0.575947;-0.025059;,
  0.498345;0.568234;-0.023908;,
  0.488480;0.575947;-0.025059;,
  0.487096;0.576494;-0.007280;,
  0.487924;0.577871;-0.007404;,
  0.487652;0.574569;-0.024935;,
  0.487924;0.577871;-0.007404;,
  0.497789;0.570158;-0.006253;,
  0.498617;0.571535;-0.006377;,
  0.487096;0.576494;-0.007280;,
  0.498345;0.568234;-0.023908;,
  0.504282;0.566310;-0.005629;,
  0.497789;0.570158;-0.006253;,
  0.504838;0.564386;-0.023284;,
  0.499173;0.569611;-0.024032;,
  0.504838;0.564386;-0.023284;,
  0.498345;0.568234;-0.023908;,
  0.505666;0.565764;-0.023408;,
  0.505666;0.565764;-0.023408;,
  0.504282;0.566310;-0.005629;,
  0.504838;0.564386;-0.023284;,
  0.505110;0.567688;-0.005753;,
  0.505110;0.567688;-0.005753;,
  0.497789;0.570158;-0.006253;,
  0.504282;0.566310;-0.005629;,
  0.498617;0.571535;-0.006377;,
  0.493673;0.584404;0.124456;,
  0.482424;0.592664;0.141083;,
  0.482980;0.590740;0.123429;,
  0.493117;0.586328;0.142111;,
  0.494500;0.585781;0.124332;,
  0.482980;0.590740;0.123429;,
  0.483807;0.592117;0.123305;,
  0.493673;0.584404;0.124456;,
  0.483807;0.592117;0.123305;,
  0.482424;0.592664;0.141083;,
  0.483252;0.594041;0.140959;,
  0.482980;0.590740;0.123429;,
  0.483252;0.594041;0.140959;,
  0.493117;0.586328;0.142111;,
  0.493944;0.587705;0.141987;,
  0.482424;0.592664;0.141083;,
  0.493673;0.584404;0.124456;,
  0.499610;0.582481;0.142734;,
  0.493117;0.586328;0.142111;,
  0.500166;0.580557;0.125080;,
  0.494500;0.585781;0.124332;,
  0.500166;0.580557;0.125080;,
  0.493673;0.584404;0.124456;,
  0.500994;0.581934;0.124956;,
  0.500994;0.581934;0.124956;,
  0.499610;0.582481;0.142734;,
  0.500166;0.580557;0.125080;,
  0.500438;0.583858;0.142610;,
  0.500438;0.583858;0.142610;,
  0.493117;0.586328;0.142111;,
  0.499610;0.582481;0.142734;,
  0.493944;0.587705;0.141987;,
  0.496102;0.575997;0.047317;,
  0.484853;0.584256;0.063945;,
  0.485409;0.582332;0.046290;,
  0.495546;0.577921;0.064972;,
  0.496930;0.577374;0.047193;,
  0.485409;0.582332;0.046290;,
  0.486237;0.583709;0.046166;,
  0.496102;0.575997;0.047317;,
  0.486237;0.583709;0.046166;,
  0.484853;0.584256;0.063945;,
  0.485681;0.585634;0.063821;,
  0.485409;0.582332;0.046290;,
  0.485681;0.585634;0.063821;,
  0.495546;0.577921;0.064972;,
  0.496374;0.579298;0.064848;,
  0.484853;0.584256;0.063945;,
  0.496102;0.575997;0.047317;,
  0.502039;0.574073;0.065596;,
  0.495546;0.577921;0.064972;,
  0.502595;0.572149;0.047941;,
  0.496930;0.577374;0.047193;,
  0.502595;0.572149;0.047941;,
  0.496102;0.575997;0.047317;,
  0.503423;0.573526;0.047817;,
  0.503423;0.573526;0.047817;,
  0.502039;0.574073;0.065596;,
  0.502595;0.572149;0.047941;,
  0.502867;0.575451;0.065472;,
  0.502867;0.575451;0.065472;,
  0.495546;0.577921;0.064972;,
  0.502039;0.574073;0.065596;,
  0.496374;0.579298;0.064848;,
  0.582074;0.686556;-0.006905;,
  0.575230;0.688779;-0.027910;,
  0.574591;0.690990;-0.007624;,
  0.582713;0.684345;-0.027191;,
  0.580952;0.681415;-0.026928;,
  0.582074;0.686556;-0.006905;,
  0.580313;0.683626;-0.006642;,
  0.582713;0.684345;-0.027191;,
  0.557564;0.697105;-0.008827;,
  0.582074;0.686556;-0.006905;,
  0.574591;0.690990;-0.007624;,
  0.580313;0.683626;-0.006642;,
  0.550305;0.701406;-0.009525;,
  0.552705;0.702125;-0.030074;,
  0.550944;0.699195;-0.029811;,
  0.552066;0.704336;-0.009788;,
  0.558203;0.694894;-0.029113;,
  0.559914;0.697853;-0.029382;,
  0.562740;0.697572;-0.029262;,
  0.562102;0.699783;-0.008976;,
  0.563627;0.695653;-0.029025;,
  0.562740;0.697572;-0.029262;,
  0.562988;0.697864;-0.008739;,
  0.562988;0.697864;-0.008739;,
  0.562102;0.699783;-0.008976;,
  0.568459;0.692790;-0.028561;,
  0.575230;0.688779;-0.027910;,
  0.569234;0.697352;-0.008487;,
  0.576643;0.691130;-0.028122;,
  0.569872;0.695141;-0.028773;,
  0.576004;0.693341;-0.007836;,
  0.567820;0.695001;-0.008275;,
  0.580952;0.681415;-0.026928;,
  0.582713;0.684345;-0.027191;,
  0.568459;0.692790;-0.028561;,
  0.576643;0.691130;-0.028122;,
  0.575230;0.688779;-0.027910;,
  0.569872;0.695141;-0.028773;,
  0.575230;0.688779;-0.027910;,
  0.576004;0.693341;-0.007836;,
  0.574591;0.690990;-0.007624;,
  0.576643;0.691130;-0.028122;,
  0.574591;0.690990;-0.007624;,
  0.569234;0.697352;-0.008487;,
  0.567820;0.695001;-0.008275;,
  0.576004;0.693341;-0.007836;,
  0.567820;0.695001;-0.008275;,
  0.569872;0.695141;-0.028773;,
  0.568459;0.692790;-0.028561;,
  0.569234;0.697352;-0.008487;,
  0.563627;0.695653;-0.029025;,
  0.552705;0.702125;-0.030074;,
  0.550944;0.699195;-0.029811;,
  0.552066;0.704336;-0.009788;,
  0.559914;0.697853;-0.029382;,
  0.552705;0.702125;-0.030074;,
  0.559275;0.700065;-0.009096;,
  0.568459;0.692790;-0.028561;,
  0.567820;0.695001;-0.008275;,
  0.550305;0.701406;-0.009525;,
  0.559275;0.700065;-0.009096;,
  0.552066;0.704336;-0.009788;,
  0.578070;0.700411;0.120222;,
  0.571226;0.702634;0.099217;,
  0.570587;0.704845;0.119503;,
  0.578709;0.698200;0.099936;,
  0.576948;0.695271;0.100199;,
  0.578070;0.700411;0.120222;,
  0.576309;0.697482;0.120485;,
  0.578709;0.698200;0.099936;,
  0.553560;0.710961;0.118300;,
  0.578070;0.700411;0.120222;,
  0.570587;0.704845;0.119503;,
  0.576309;0.697482;0.120485;,
  0.546301;0.715262;0.117602;,
  0.548701;0.715981;0.097053;,
  0.546940;0.713051;0.097316;,
  0.548062;0.718192;0.117339;,
  0.554199;0.708750;0.098014;,
  0.555910;0.711709;0.097745;,
  0.558737;0.711428;0.097865;,
  0.558098;0.713639;0.118151;,
  0.559623;0.709509;0.098102;,
  0.558737;0.711428;0.097865;,
  0.558984;0.711720;0.118388;,
  0.558984;0.711720;0.118388;,
  0.558098;0.713639;0.118151;,
  0.564455;0.706646;0.098566;,
  0.571226;0.702634;0.099217;,
  0.565230;0.711208;0.118640;,
  0.572639;0.704985;0.099005;,
  0.565869;0.708997;0.098354;,
  0.572000;0.707196;0.119291;,
  0.563816;0.708857;0.118852;,
  0.576948;0.695271;0.100199;,
  0.578709;0.698200;0.099936;,
  0.564455;0.706646;0.098566;,
  0.572639;0.704985;0.099005;,
  0.571226;0.702634;0.099217;,
  0.565869;0.708997;0.098354;,
  0.571226;0.702634;0.099217;,
  0.572000;0.707196;0.119291;,
  0.570587;0.704845;0.119503;,
  0.572639;0.704985;0.099005;,
  0.570587;0.704845;0.119503;,
  0.565230;0.711208;0.118640;,
  0.563816;0.708857;0.118852;,
  0.572000;0.707196;0.119291;,
  0.563816;0.708857;0.118852;,
  0.565869;0.708997;0.098354;,
  0.564455;0.706646;0.098566;,
  0.565230;0.711208;0.118640;,
  0.559623;0.709509;0.098102;,
  0.548701;0.715981;0.097053;,
  0.546940;0.713051;0.097316;,
  0.548062;0.718192;0.117339;,
  0.555910;0.711709;0.097745;,
  0.548701;0.715981;0.097053;,
  0.555271;0.713920;0.118031;,
  0.564455;0.706646;0.098566;,
  0.563816;0.708857;0.118852;,
  0.546301;0.715262;0.117602;,
  0.555271;0.713920;0.118031;,
  0.548062;0.718192;0.117339;;
  468;
  3;0,1,2;,
  3;1,0,3;,
  3;4,5,6;,
  3;5,4,7;,
  3;8,9,10;,
  3;9,8,11;,
  3;12,13,14;,
  3;13,12,15;,
  3;16,17,18;,
  3;17,16,19;,
  3;20,21,22;,
  3;21,20,23;,
  3;24,25,26;,
  3;25,24,27;,
  3;28,29,30;,
  3;29,28,31;,
  3;32,33,34;,
  3;33,32,35;,
  3;36,37,38;,
  3;37,36,39;,
  3;3,40,41;,
  3;40,3,42;,
  3;0,43,44;,
  3;43,0,45;,
  3;7,46,47;,
  3;46,7,48;,
  3;5,49,50;,
  3;49,5,51;,
  3;11,52,53;,
  3;52,11,54;,
  3;9,55,56;,
  3;55,9,57;,
  3;15,58,59;,
  3;58,15,60;,
  3;12,61,62;,
  3;61,12,63;,
  3;14,64,65;,
  3;64,14,66;,
  3;13,67,68;,
  3;67,13,69;,
  3;19,70,71;,
  3;70,19,72;,
  3;17,73,74;,
  3;73,17,75;,
  3;23,76,77;,
  3;76,23,78;,
  3;20,79,80;,
  3;79,20,81;,
  3;22,82,83;,
  3;82,22,84;,
  3;21,85,86;,
  3;85,21,87;,
  3;24,88,89;,
  3;88,24,90;,
  3;26,91,92;,
  3;91,26,93;,
  3;28,94,95;,
  3;94,28,96;,
  3;30,97,98;,
  3;97,30,99;,
  3;32,100,101;,
  3;100,32,102;,
  3;34,103,104;,
  3;103,34,105;,
  3;36,106,107;,
  3;106,36,108;,
  3;38,109,110;,
  3;109,38,111;,
  3;0,42,3;,
  3;42,0,44;,
  3;2,45,0;,
  3;45,2,112;,
  3;3,113,1;,
  3;113,3,41;,
  3;4,48,7;,
  3;48,4,114;,
  3;5,115,6;,
  3;115,5,50;,
  3;7,51,5;,
  3;51,7,47;,
  3;8,54,11;,
  3;54,8,116;,
  3;9,117,10;,
  3;117,9,56;,
  3;11,57,9;,
  3;57,11,53;,
  3;12,60,15;,
  3;60,12,62;,
  3;14,63,12;,
  3;63,14,65;,
  3;13,66,14;,
  3;66,13,68;,
  3;15,69,13;,
  3;69,15,59;,
  3;16,72,19;,
  3;72,16,118;,
  3;17,119,18;,
  3;119,17,74;,
  3;19,75,17;,
  3;75,19,71;,
  3;20,78,23;,
  3;78,20,80;,
  3;22,81,20;,
  3;81,22,83;,
  3;21,84,22;,
  3;84,21,86;,
  3;23,87,21;,
  3;87,23,77;,
  3;24,120,27;,
  3;120,24,89;,
  3;26,90,24;,
  3;90,26,92;,
  3;25,93,26;,
  3;93,25,121;,
  3;28,122,31;,
  3;122,28,95;,
  3;30,96,28;,
  3;96,30,98;,
  3;29,99,30;,
  3;99,29,123;,
  3;32,124,35;,
  3;124,32,101;,
  3;34,102,32;,
  3;102,34,104;,
  3;33,105,34;,
  3;105,33,125;,
  3;36,126,39;,
  3;126,36,107;,
  3;38,108,36;,
  3;108,38,110;,
  3;37,111,38;,
  3;111,37,127;,
  3;128,129,130;,
  3;129,128,131;,
  3;132,133,134;,
  3;133,132,135;,
  3;136,137,138;,
  3;137,136,139;,
  3;140,141,142;,
  3;141,140,143;,
  3;144,145,146;,
  3;145,144,147;,
  3;148,149,150;,
  3;149,148,151;,
  3;152,153,154;,
  3;153,152,155;,
  3;156,157,158;,
  3;157,156,159;,
  3;160,161,162;,
  3;161,160,163;,
  3;164,165,166;,
  3;165,164,167;,
  3;168,169,170;,
  3;171,172,173;,
  3;174,153,175;,
  3;153,174,154;,
  3;176,152,177;,
  3;152,176,155;,
  3;178,161,179;,
  3;161,178,162;,
  3;180,160,181;,
  3;160,180,163;,
  3;170,182,183;,
  3;182,170,169;,
  3;173,184,185;,
  3;184,173,172;,
  3;184,186,185;,
  3;148,187,188;,
  3;187,148,150;,
  3;149,189,190;,
  3;189,149,151;,
  3;182,191,183;,
  3;192,187,193;,
  3;187,192,188;,
  3;193,150,194;,
  3;150,193,187;,
  3;194,149,195;,
  3;149,194,150;,
  3;195,190,196;,
  3;190,195,149;,
  3;196,189,197;,
  3;189,196,190;,
  3;197,151,198;,
  3;151,197,189;,
  3;198,148,199;,
  3;148,198,151;,
  3;199,188,192;,
  3;188,199,148;,
  3;200,201,202;,
  3;201,200,203;,
  3;204,205,206;,
  3;205,204,207;,
  3;208,209,210;,
  3;209,208,211;,
  3;212,213,214;,
  3;213,212,215;,
  3;216,217,218;,
  3;217,216,219;,
  3;220,221,222;,
  3;221,220,223;,
  3;224,225,226;,
  3;225,224,227;,
  3;228,229,230;,
  3;229,228,231;,
  3;232,233,234;,
  3;233,232,235;,
  3;236,237,238;,
  3;237,236,239;,
  3;240,241,242;,
  3;243,244,245;,
  3;246,225,247;,
  3;225,246,226;,
  3;248,224,249;,
  3;224,248,227;,
  3;250,233,251;,
  3;233,250,234;,
  3;252,232,253;,
  3;232,252,235;,
  3;242,254,255;,
  3;254,242,241;,
  3;245,256,257;,
  3;256,245,244;,
  3;256,258,257;,
  3;220,259,260;,
  3;259,220,222;,
  3;221,261,262;,
  3;261,221,223;,
  3;254,263,255;,
  3;264,259,265;,
  3;259,264,260;,
  3;265,222,266;,
  3;222,265,259;,
  3;266,221,267;,
  3;221,266,222;,
  3;267,262,268;,
  3;262,267,221;,
  3;268,261,269;,
  3;261,268,262;,
  3;269,223,270;,
  3;223,269,261;,
  3;270,220,271;,
  3;220,270,223;,
  3;271,260,264;,
  3;260,271,220;,
  3;272,273,274;,
  3;273,272,275;,
  3;276,277,278;,
  3;277,276,279;,
  3;280,281,282;,
  3;281,280,283;,
  3;284,285,286;,
  3;285,284,287;,
  3;288,289,290;,
  3;289,288,291;,
  3;292,293,294;,
  3;293,292,295;,
  3;296,297,298;,
  3;297,296,299;,
  3;300,296,298;,
  3;296,300,301;,
  3;302,303,304;,
  3;301,295,305;,
  3;306,307,308;,
  3;309,299,310;,
  3;303,311,312;,
  3;311,303,313;,
  3;304,314,308;,
  3;314,304,315;,
  3;306,311,313;,
  3;311,306,316;,
  3;310,317,318;,
  3;317,310,296;,
  3;319,320,305;,
  3;320,319,321;,
  3;301,317,296;,
  3;317,301,322;,
  3;311,323,312;,
  3;315,324,314;,
  3;324,315,325;,
  3;317,326,318;,
  3;321,327,320;,
  3;327,321,328;,
  3;329,293,330;,
  3;293,329,294;,
  3;306,297,307;,
  3;297,306,298;,
  3;313,298,306;,
  3;298,313,300;,
  3;293,301,300;,
  3;301,293,295;,
  3;297,292,294;,
  3;292,297,299;,
  3;303,330,313;,
  3;309,295,292;,
  3;308,307,302;,
  3;310,299,296;,
  3;323,324,325;,
  3;326,327,328;,
  3;304,312,315;,
  3;312,304,303;,
  3;308,316,306;,
  3;316,308,314;,
  3;319,318,321;,
  3;318,319,310;,
  3;305,322,301;,
  3;322,305,320;,
  3;315,323,325;,
  3;323,315,312;,
  3;314,324,316;,
  3;321,326,328;,
  3;326,321,318;,
  3;320,327,322;,
  3;313,293,300;,
  3;293,313,330;,
  3;329,297,294;,
  3;297,329,307;,
  3;330,302,329;,
  3;302,330,303;,
  3;308,302,304;,
  3;302,307,329;,
  3;299,309,292;,
  3;309,310,319;,
  3;305,309,319;,
  3;309,305,295;,
  3;316,331,311;,
  3;331,316,332;,
  3;311,333,323;,
  3;333,311,331;,
  3;323,334,324;,
  3;334,323,333;,
  3;324,332,316;,
  3;332,324,334;,
  3;322,335,317;,
  3;335,322,336;,
  3;317,337,326;,
  3;337,317,335;,
  3;326,338,327;,
  3;338,326,337;,
  3;327,336,322;,
  3;336,327,338;,
  3;339,340,341;,
  3;340,339,342;,
  3;343,344,345;,
  3;344,343,346;,
  3;347,348,349;,
  3;348,347,350;,
  3;351,352,353;,
  3;352,351,354;,
  3;355,356,357;,
  3;356,355,358;,
  3;359,360,361;,
  3;360,359,362;,
  3;363,364,365;,
  3;364,363,366;,
  3;367,368,369;,
  3;368,367,370;,
  3;371,372,373;,
  3;372,371,374;,
  3;375,376,377;,
  3;376,375,378;,
  3;379,380,381;,
  3;380,379,382;,
  3;383,384,385;,
  3;384,383,386;,
  3;387,388,389;,
  3;388,387,390;,
  3;391,392,393;,
  3;392,391,394;,
  3;395,396,397;,
  3;396,395,398;,
  3;399,400,401;,
  3;400,399,402;,
  3;403,404,405;,
  3;404,403,406;,
  3;407,408,409;,
  3;408,407,410;,
  3;411,412,413;,
  3;412,411,414;,
  3;415,416,417;,
  3;416,415,418;,
  3;419,420,421;,
  3;420,419,422;,
  3;423,424,425;,
  3;424,423,426;,
  3;427,428,429;,
  3;428,427,430;,
  3;431,432,433;,
  3;432,431,434;,
  3;435,436,437;,
  3;436,435,438;,
  3;439,440,441;,
  3;440,439,442;,
  3;443,444,445;,
  3;444,443,446;,
  3;447,448,449;,
  3;448,447,450;,
  3;451,452,453;,
  3;454,455,456;,
  3;455,454,457;,
  3;443,458,459;,
  3;451,460,461;,
  3;462,463,464;,
  3;463,462,465;,
  3;443,445,466;,
  3;467,461,468;,
  3;461,467,451;,
  3;469,470,471;,
  3;470,469,472;,
  3;473,474,475;,
  3;474,473,476;,
  3;477,478,479;,
  3;478,477,480;,
  3;481,482,483;,
  3;482,481,484;,
  3;451,485,460;,
  3;486,451,487;,
  3;451,486,452;,
  3;488,489,490;,
  3;489,488,491;,
  3;492,457,493;,
  3;457,492,455;,
  3;494,495,496;,
  3;495,494,443;,
  3;458,443,466;,
  3;451,453,485;,
  3;491,456,489;,
  3;456,491,454;,
  3;443,459,495;,
  3;497,498,499;,
  3;498,497,500;,
  3;501,502,503;,
  3;502,501,504;,
  3;505,506,507;,
  3;506,505,508;,
  3;509,510,511;,
  3;510,509,512;,
  3;513,514,515;,
  3;516,517,518;,
  3;517,516,519;,
  3;505,520,521;,
  3;513,522,523;,
  3;524,525,526;,
  3;525,524,527;,
  3;505,507,528;,
  3;529,523,530;,
  3;523,529,513;,
  3;531,532,533;,
  3;532,531,534;,
  3;535,536,537;,
  3;536,535,538;,
  3;539,540,541;,
  3;540,539,542;,
  3;543,544,545;,
  3;544,543,546;,
  3;513,547,522;,
  3;548,513,549;,
  3;513,548,514;,
  3;550,551,552;,
  3;551,550,553;,
  3;554,519,555;,
  3;519,554,517;,
  3;556,557,558;,
  3;557,556,505;,
  3;520,505,528;,
  3;513,515,547;,
  3;553,518,551;,
  3;518,553,516;,
  3;505,521,557;;

  MeshNormals {
   559;
   0.756333;-0.608346;0.240573;,
   0.851360;-0.518750;-0.078003;,
   0.841377;-0.484001;0.240475;,
   0.765928;-0.640435;-0.056548;,
   -0.841110;0.484449;-0.240508;,
   -0.919624;0.384639;0.079656;,
   -0.851360;0.518750;0.078003;,
   -0.910186;0.352478;-0.217533;,
   0.168235;-0.188073;-0.967639;,
   -0.174704;-0.157539;-0.971936;,
   -0.106427;-0.025939;-0.993982;,
   0.082017;-0.309377;-0.947396;,
   0.625749;0.775318;0.085563;,
   0.378781;0.894884;-0.236023;,
   0.369123;0.927382;0.060917;,
   0.634459;0.743507;-0.211328;,
   0.106418;0.025555;0.993993;,
   -0.082000;0.309694;0.947294;,
   -0.168239;0.188458;0.967564;,
   0.174308;0.157907;0.971948;,
   -0.369580;-0.927193;-0.061025;,
   -0.634832;-0.743180;0.211356;,
   -0.625326;-0.775649;-0.085653;,
   -0.378790;-0.894905;0.235933;,
   0.910167;-0.352470;0.217624;,
   0.851360;-0.518750;-0.078003;,
   0.919689;-0.384507;-0.079533;,
   0.841377;-0.484001;0.240475;,
   -0.756689;0.607944;-0.240470;,
   -0.851360;0.518750;0.078003;,
   -0.766115;0.640210;0.056562;,
   -0.841110;0.484449;-0.240508;,
   0.235374;-0.054170;-0.970394;,
   -0.106427;-0.025939;-0.993982;,
   -0.020599;0.098416;-0.994932;,
   0.168235;-0.188073;-0.967639;,
   0.020594;-0.098010;0.994972;,
   -0.168239;0.188458;0.967564;,
   -0.235718;0.053780;0.970332;,
   0.106418;0.025555;0.993993;,
   0.216327;-0.849282;-0.481584;,
   0.544029;-0.559290;-0.625481;,
   0.244872;-0.968809;-0.038047;,
   0.180027;-0.724302;0.665565;,
   0.235322;-0.936331;0.260590;,
   0.500119;-0.408182;0.763720;,
   -0.773610;-0.262829;-0.576584;,
   -0.953748;-0.258656;-0.153172;,
   -0.654954;0.150674;-0.740495;,
   -0.809741;-0.137690;0.570404;,
   -0.698536;0.302152;0.648654;,
   -0.963150;-0.226197;0.145521;,
   0.216327;-0.849282;-0.481584;,
   -0.208282;-0.749588;-0.628281;,
   0.544029;-0.559290;-0.625481;,
   -0.773610;-0.262829;-0.576584;,
   -0.654954;0.150674;-0.740495;,
   -0.466105;-0.596935;-0.653005;,
   0.809652;0.137359;-0.570610;,
   0.509710;0.445615;-0.735951;,
   0.963220;0.225832;-0.145627;,
   0.773532;0.263184;0.576526;,
   0.953762;0.258660;0.153079;,
   0.466510;0.596583;0.653037;,
   -0.216327;0.849282;0.481584;,
   0.208223;0.749755;0.628101;,
   -0.245053;0.968762;0.038075;,
   -0.179988;0.724530;-0.665328;,
   -0.235406;0.936284;-0.260683;,
   0.251801;0.598218;-0.760744;,
   0.773532;0.263184;0.576526;,
   0.466510;0.596583;0.653037;,
   0.654699;-0.151084;0.740637;,
   -0.216327;0.849282;0.481584;,
   -0.544029;0.559290;0.625481;,
   0.208223;0.749755;0.628101;,
   0.180027;-0.724302;0.665565;,
   -0.252158;-0.598160;0.760671;,
   0.235322;-0.936331;0.260590;,
   0.216327;-0.849282;-0.481584;,
   0.244872;-0.968809;-0.038047;,
   -0.208282;-0.749588;-0.628281;,
   -0.773610;-0.262829;-0.576584;,
