xof 0303txt 0032
template ColorRGBA {
 <35ff44e0-6c7c-11cf-8f52-0040333594a3>
 FLOAT red;
 FLOAT green;
 FLOAT blue;
 FLOAT alpha;
}

template ColorRGB {
 <d3e16e81-7835-11cf-8f52-0040333594a3>
 FLOAT red;
 FLOAT green;
 FLOAT blue;
}

template Material {
 <3d82ab4d-62da-11cf-ab39-0020af71e433>
 ColorRGBA faceColor;
 FLOAT power;
 ColorRGB specularColor;
 ColorRGB emissiveColor;
 [...]
}

template TextureFilename {
 <a42790e1-7810-11cf-8f52-0040333594a3>
 STRING filename;
}

template Frame {
 <3d82ab46-62da-11cf-ab39-0020af71e433>
 [...]
}

template Matrix4x4 {
 <f6f23f45-7686-11cf-8f52-0040333594a3>
 array FLOAT matrix[16];
}

template FrameTransformMatrix {
 <f6f23f41-7686-11cf-8f52-0040333594a3>
 Matrix4x4 frameMatrix;
}

template Vector {
 <3d82ab5e-62da-11cf-ab39-0020af71e433>
 FLOAT x;
 FLOAT y;
 FLOAT z;
}

template MeshFace {
 <3d82ab5f-62da-11cf-ab39-0020af71e433>
 DWORD nFaceVertexIndices;
 array DWORD faceVertexIndices[nFaceVertexIndices];
}

template Mesh {
 <3d82ab44-62da-11cf-ab39-0020af71e433>
 DWORD nVertices;
 array Vector vertices[nVertices];
 DWORD nFaces;
 array MeshFace faces[nFaces];
 [...]
}

template MeshNormals {
 <f6f23f43-7686-11cf-8f52-0040333594a3>
 DWORD nNormals;
 array Vector normals[nNormals];
 DWORD nFaceNormals;
 array MeshFace faceNormals[nFaceNormals];
}

template MeshMaterialList {
 <f6f23f42-7686-11cf-8f52-0040333594a3>
 DWORD nMaterials;
 DWORD nFaceIndexes;
 array DWORD faceIndexes[nFaceIndexes];
 [Material <3d82ab4d-62da-11cf-ab39-0020af71e433>]
}

template Coords2d {
 <f6f23f44-7686-11cf-8f52-0040333594a3>
 FLOAT u;
 FLOAT v;
}

template MeshTextureCoords {
 <f6f23f40-7686-11cf-8f52-0040333594a3>
 DWORD nTextureCoords;
 array Coords2d textureCoords[nTextureCoords];
}

template XSkinMeshHeader {
 <3cf169ce-ff7c-44ab-93c0-f78f62d172e2>
 WORD nMaxSkinWeightsPerVertex;
 WORD nMaxSkinWeightsPerFace;
 WORD nBones;
}

template SkinWeights {
 <6f0d123b-bad2-4167-a0d0-80224f25fabb>
 STRING transformNodeName;
 DWORD nWeights;
 array DWORD vertexIndices[nWeights];
 array FLOAT weights[nWeights];
 Matrix4x4 matrixOffset;
}

template AnimTicksPerSecond {
 <9e415a43-7ba6-4a73-8743-b73d47e88476>
 DWORD AnimTicksPerSecond;
}

template Animation {
 <3d82ab4f-62da-11cf-ab39-0020af71e433>
 [...]
}

template AnimationSet {
 <3d82ab50-62da-11cf-ab39-0020af71e433>
 [Animation <3d82ab4f-62da-11cf-ab39-0020af71e433>]
}

template FloatKeys {
 <10dd46a9-775b-11cf-8f52-0040333594a3>
 DWORD nValues;
 array FLOAT values[nValues];
}

template TimedFloatKeys {
 <f406b180-7b3b-11cf-8f52-0040333594a3>
 DWORD time;
 FloatKeys tfkeys;
}

template AnimationKey {
 <10dd46a8-775b-11cf-8f52-0040333594a3>
 DWORD keyType;
 DWORD nKeys;
 array TimedFloatKeys keys[nKeys];
}


Material Material__399 {
 1.000000;1.000000;1.000000;1.000000;;
 100.000000;
 0.200000;0.200000;0.200000;;
 0.000000;0.000000;0.000000;;

 TextureFilename {
  "MakeupCase_Professional.png";
 }
}

Frame Dummy01 {
 

 FrameTransformMatrix {
  1.000000,0.000000,0.000000,0.000000,0.000000,-0.000000,-1.000000,0.000000,0.000000,1.000000,-0.000000,0.000000,0.000000,0.000000,0.000000,1.000000;;
 }

 Frame Bip01 {
  

  FrameTransformMatrix {
   -0.087155,0.982405,-0.165183,0.000000,-0.000001,0.165814,0.986157,0.000000,0.996195,0.085949,-0.014450,0.000000,-0.010000,-0.012284,0.490453,1.000000;;
  }

  Frame Bip01_Pelvis {
   

   FrameTransformMatrix {
    0.000000,1.000000,-0.000001,0.000000,-0.000001,0.000001,1.000000,0.000000,1.000000,0.000000,0.000001,0.000000,0.000000,0.000000,0.000000,1.000000;;
   }

   Frame Bip01_Spine {
    

    FrameTransformMatrix {
     0.984686,0.000002,-0.174337,0.000000,-0.000001,1.000000,0.000004,0.000000,0.174337,-0.000004,0.984686,0.000000,0.051619,0.000000,-0.000083,1.000000;;
    }

    Frame Bip01_Spine1 {
     

     FrameTransformMatrix {
      0.997819,0.052687,0.039774,0.000000,-0.044862,0.983198,-0.176942,0.000000,-0.048428,0.174771,0.983417,0.000000,0.106484,-0.000015,-0.000083,1.000000;;
     }

     Frame Bip01_Neck {
      

      FrameTransformMatrix {
       0.966067,-0.020835,0.257451,0.000000,0.025191,0.999590,-0.013632,0.000000,-0.257061,0.019655,0.966195,0.000000,0.130511,-0.000001,0.004626,1.000000;;
      }

      Frame Bip01_Head {
       

       FrameTransformMatrix {
        0.989321,-0.051753,-0.136255,0.000000,0.064251,0.993958,0.088989,0.000000,0.130826,-0.096793,0.986669,0.000000,0.033674,-0.000000,-0.000000,1.000000;;
       }
      }

      Frame Bip01_L_Clavicle {
       

       FrameTransformMatrix {
        -0.205975,0.976135,0.068811,0.000000,0.943873,0.216738,-0.249254,0.000000,-0.258220,0.013609,-0.965990,0.000000,-0.024734,0.015166,0.002017,1.000000;;
       }

       Frame Bip01_L_UpperArm {
        

        FrameTransformMatrix {
         0.385871,-0.777669,0.496320,0.000000,0.922466,0.332598,-0.196046,0.000000,-0.012616,0.533487,0.845714,0.000000,0.087086,-0.000000,0.000000,1.000000;;
        }

        Frame Bip01_L_Forearm {
         

         FrameTransformMatrix {
          0.943939,0.000000,-0.330119,0.000000,0.000000,1.000000,-0.000000,0.000000,0.330119,-0.000000,0.943939,0.000000,0.137062,-0.000000,0.000000,1.000000;;
         }

         Frame Bip01_L_Hand {
          

          FrameTransformMatrix {
           1.000000,-0.000000,0.000000,0.000000,0.000000,0.000796,1.000000,0.000000,0.000000,-1.000000,0.000796,0.000000,0.137062,0.000000,0.000000,1.000000;;
          }

          Frame Bip01_L_Finger0 {
           

           FrameTransformMatrix {
            0.690342,-0.181727,0.700288,0.000000,0.558537,0.749101,-0.356210,0.000000,-0.459853,0.637043,0.618637,0.000000,0.057681,-0.023605,-0.000272,1.000000;;
           }
          }

          Frame Bip01_L_Finger1 {
           

           FrameTransformMatrix {
            0.728079,-0.000546,0.685493,0.000000,0.000000,1.000000,0.000796,0.000000,-0.685493,-0.000580,0.728079,0.000000,0.084102,0.000000,0.000000,1.000000;;
           }
          }
         }
        }
       }
      }

      Frame Bip01_R_Clavicle {
       

       FrameTransformMatrix {
        -0.028509,-0.999573,-0.006461,0.000000,-0.965665,0.025871,0.258498,0.000000,-0.258220,0.013609,-0.965990,0.000000,-0.024080,-0.016250,0.001399,1.000000;;
       }

       Frame Bip01_R_UpperArm {
        

        FrameTransformMatrix {
         0.221390,0.975047,0.016433,0.000000,-0.974986,0.221654,-0.016512,0.000000,-0.019742,-0.012366,0.999729,0.000000,0.087086,0.000000,0.000000,1.000000;;
        }

        Frame Bip01_R_Forearm {
         

         FrameTransformMatrix {
          0.915660,-0.000000,-0.401954,0.000000,-0.000000,1.000000,-0.000000,0.000000,0.401954,-0.000000,0.915660,0.000000,0.137062,0.000000,-0.000000,1.000000;;
         }

         Frame Bip01_R_Hand {
          

          FrameTransformMatrix {
           0.975195,-0.000000,-0.221346,0.000000,-0.221346,0.000796,-0.975195,0.000000,0.000176,1.000000,0.000777,0.000000,0.137062,0.000000,0.000000,1.000000;;
          }

          Frame Bip01_R_Finger0 {
           

           FrameTransformMatrix {
            0.417774,-0.116941,0.900994,0.000000,-0.558537,0.749101,0.356210,0.000000,-0.716591,-0.652054,0.247639,0.000000,0.057681,0.023605,-0.000272,1.000000;;
           }
          }

          Frame Bip01_R_Finger1 {
           

           FrameTransformMatrix {
            0.352436,0.000745,0.935835,0.000000,-0.000000,1.000000,-0.000796,0.000000,-0.935836,0.000281,0.352436,0.000000,0.084102,0.000000,0.000000,1.000000;;
           }
          }
         }
        }
       }
      }
     }

     Frame Bip01_BackPack {
      

      FrameTransformMatrix {
       0.180560,0.080500,-0.980264,0.000000,0.047560,0.994764,0.090451,0.000000,0.982413,-0.062954,0.175786,0.000000,0.063697,0.000003,-0.088856,1.000000;;
      }
     }
    }

    Frame Bip01_L_Thigh {
     

     FrameTransformMatrix {
      -0.888504,0.030427,0.457858,0.000000,-0.032107,-0.999476,0.004114,0.000000,0.457744,-0.011045,0.889016,0.000000,-0.050843,0.055225,-0.008917,1.000000;;
     }

     Frame Bip01_L_Calf {
      

      FrameTransformMatrix {
       0.942235,-0.000000,-0.334952,0.000000,-0.000000,1.000000,-0.000000,0.000000,0.334952,0.000000,0.942235,0.000000,0.237500,0.000000,-0.000000,1.000000;;
      }

      Frame Bip01_L_Foot {
       

       FrameTransformMatrix {
        0.924325,-0.026487,0.380687,0.000000,-0.068962,0.969570,0.234901,0.000000,-0.375325,-0.243378,0.894371,0.000000,0.206841,-0.000000,0.000000,1.000000;;
       }

       Frame Bip01_L_Toe0 {
        

        FrameTransformMatrix {
         0.000000,0.000000,1.000000,0.000000,0.000000,1.000000,-0.000000,0.000000,-1.000000,0.000000,0.000000,0.000000,0.065373,0.000000,0.066450,1.000000;;
        }
       }
      }
     }
    }

    Frame Bip01_R_Thigh {
     

     FrameTransformMatrix {
      -0.996965,0.030321,-0.071704,0.000000,-0.029454,-0.999480,-0.013113,0.000000,-0.072065,-0.010961,0.997340,0.000000,-0.050843,-0.055225,-0.008917,1.000000;;
     }

     Frame Bip01_R_Calf {
      

      FrameTransformMatrix {
       0.730239,0.000000,-0.683192,0.000000,0.000000,1.000000,0.000000,0.000000,0.683192,-0.000000,0.730239,0.000000,0.237500,0.000000,0.000000,1.000000;;
      }

      Frame Bip01_R_Foot {
       

       FrameTransformMatrix {
        0.991957,0.087165,-0.091782,0.000000,-0.093276,0.993546,-0.064539,0.000000,0.085565,0.072581,0.993685,0.000000,0.206841,-0.000000,0.000000,1.000000;;
       }

       Frame Bip01_R_Toe0 {
        

        FrameTransformMatrix {
         0.000000,0.000000,1.000000,0.000000,0.000000,1.000000,-0.000000,0.000000,-1.000000,0.000000,0.000000,0.000000,0.065373,0.000000,0.066450,1.000000;;
        }
       }
      }
     }
    }
   }

   Frame Bip01_DressFront {
    

    FrameTransformMatrix {
     -0.880185,-0.088339,0.466338,0.000000,0.121847,0.907542,0.401896,0.000000,-0.458725,0.410564,-0.788041,0.000000,-0.043935,0.001339,0.061057,1.000000;;
    }

    Frame Bip01_DressFront02 {
     

     FrameTransformMatrix {
      0.912593,0.000001,0.408870,0.000000,-0.000001,1.000000,-0.000000,0.000000,-0.408870,-0.000000,0.912593,0.000000,0.183378,-0.000000,-0.000120,1.000000;;
     }
    }
   }

   Frame Bip01_DressBack {
    

    FrameTransformMatrix {
     -0.886023,0.038029,0.462080,0.000000,0.191625,0.937561,0.290274,0.000000,-0.422190,0.345735,-0.837988,0.000000,-0.047673,-0.000048,-0.078302,1.000000;;
    }

    Frame Bip01_DressBack02 {
     

     FrameTransformMatrix {
      0.936852,0.174932,-0.302833,0.000000,-0.166408,0.984581,0.053939,0.000000,0.307600,-0.000139,0.951516,0.000000,0.176125,0.000000,-0.000103,1.000000;;
     }
    }
   }
  }

  Frame Bip01_Prop1 {
   

   FrameTransformMatrix {
    -0.233929,-0.108090,0.966226,0.000000,0.687222,0.684611,0.242967,0.000000,-0.687752,0.720850,-0.085868,0.000000,0.108125,-0.048422,-0.137969,1.000000;;
   }
  }

  Frame Bip01_Prop2 {
   

   FrameTransformMatrix {
    -0.163643,-0.967062,0.194966,0.000000,0.985576,-0.168906,-0.010564,0.000000,0.043147,0.190425,0.980753,0.000000,-0.138405,-0.102098,0.114818,1.000000;;
   }
  }
 }
}

Frame Translation_Data {
 

 FrameTransformMatrix {
  0.000000,0.000000,-1.000000,0.000000,-1.000000,-0.000000,-0.000000,0.000000,-0.000000,1.000000,-0.000000,0.000000,0.000000,-0.000000,0.000000,1.000000;;
 }
}

Frame MakeupCase_Professional_RHand {
 

 FrameTransformMatrix {
  1.000000,0.000000,0.000000,0.000000,0.000000,1.000000,0.000000,0.000000,0.000000,0.000000,1.000000,0.000000,0.000000,0.000000,0.000000,1.000000;;
 }

 Mesh MakeupCase_Professional_RHand {
  559;
  -0.627489;0.655180;0.148834;,
  -0.602539;0.583041;-0.036364;,
  -0.596560;0.603731;0.153468;,
  -0.633468;0.634490;-0.040997;,
  -0.456680;0.669464;-0.050377;,
  -0.481629;0.741602;0.134821;,
  -0.450700;0.690154;0.139454;,
  -0.487608;0.720912;-0.055010;,
  -0.595189;0.586597;-0.045937;,
  -0.495515;0.715429;-0.063118;,
  -0.464586;0.663980;-0.058485;,
  -0.626118;0.638046;-0.050570;,
  -0.553436;0.549206;0.158052;,
  -0.428813;0.605899;-0.044327;,
  -0.422833;0.626589;0.145504;,
  -0.559416;0.528516;-0.031779;,
  -0.588653;0.609214;0.161575;,
  -0.427121;0.635149;0.153660;,
  -0.458050;0.686597;0.149027;,
  -0.557724;0.557766;0.166208;,
  -0.630406;0.646606;-0.042414;,
  -0.493824;0.744679;0.134869;,
  -0.499803;0.723989;-0.054962;,
  -0.624427;0.667296;0.147417;,
  -0.565631;0.552282;0.158101;,
  -0.602539;0.583041;-0.036364;,
  -0.571610;0.531592;-0.031730;,
  -0.596560;0.603731;0.153468;,
  -0.425751;0.618015;-0.045744;,
  -0.450700;0.690154;0.139454;,
  -0.419771;0.638705;0.144087;,
  -0.456680;0.669464;-0.050377;,
  -0.564261;0.535149;-0.041304;,
  -0.464586;0.663980;-0.058485;,
  -0.433658;0.612532;-0.053851;,
  -0.595189;0.586597;-0.045937;,
  -0.619582;0.660663;0.156942;,
  -0.458050;0.686597;0.149027;,
  -0.488979;0.738046;0.144394;,
  -0.588653;0.609214;0.161575;,
  -0.633635;0.640330;-0.047224;,
  -0.631770;0.634897;-0.047810;,
  -0.634986;0.641317;-0.041693;,
  -0.627308;0.662224;0.153657;,
  -0.629006;0.662007;0.148138;,
  -0.625373;0.657032;0.155281;,
  -0.493497;0.723363;-0.060688;,
  -0.492940;0.725480;-0.055340;,
  -0.489724;0.719060;-0.061457;,
  -0.487170;0.745257;0.140193;,
  -0.483327;0.741195;0.141634;,
  -0.486961;0.746169;0.134491;,
  -0.633635;0.640330;-0.047224;,
  -0.629473;0.643984;-0.048873;,
  -0.631770;0.634897;-0.047810;,
  -0.493497;0.723363;-0.060688;,
  -0.489724;0.719060;-0.061457;,
  -0.498870;0.721367;-0.061421;,
  -0.566070;0.527938;-0.037103;,
  -0.560766;0.529693;-0.038580;,
  -0.566279;0.527025;-0.031400;,
  -0.559742;0.549832;0.163779;,
  -0.560299;0.547715;0.158431;,
  -0.554369;0.551828;0.164511;,
  -0.419604;0.632865;0.150315;,
  -0.423766;0.629211;0.151963;,
  -0.418254;0.631878;0.144783;,
  -0.425931;0.610970;-0.050567;,
  -0.424233;0.611188;-0.045048;,
  -0.430163;0.607076;-0.051128;,
  -0.559742;0.549832;0.163779;,
  -0.554369;0.551828;0.164511;,
  -0.563515;0.554135;0.164548;,
  -0.419604;0.632865;0.150315;,
  -0.421470;0.638298;0.150901;,
  -0.423766;0.629211;0.151963;,
  -0.627308;0.662224;0.153657;,
  -0.623076;0.666119;0.154219;,
  -0.629006;0.662007;0.148138;,
  -0.633635;0.640330;-0.047224;,
  -0.634986;0.641317;-0.041693;,
  -0.629473;0.643984;-0.048873;,
  -0.493497;0.723363;-0.060688;,
  -0.498870;0.721367;-0.061421;,
  -0.492940;0.725480;-0.055340;,
  -0.487170;0.745257;0.140193;,
  -0.486961;0.746169;0.134491;,
  -0.492473;0.743502;0.141671;,
  -0.559742;0.549832;0.163779;,
  -0.563515;0.554135;0.164548;,
  -0.560299;0.547715;0.158431;,
  -0.566070;0.527938;-0.037103;,
  -0.566279;0.527025;-0.031400;,
  -0.569912;0.532000;-0.038544;,
  -0.425931;0.610970;-0.050567;,
  -0.427867;0.616163;-0.052191;,
  -0.424233;0.611188;-0.045048;,
  -0.419604;0.632865;0.150315;,
  -0.418254;0.631878;0.144783;,
  -0.421470;0.638298;0.150901;,
  -0.566070;0.527938;-0.037103;,
  -0.569912;0.532000;-0.038544;,
  -0.560766;0.529693;-0.038580;,
  -0.425931;0.610970;-0.050567;,
  -0.430163;0.607076;-0.051128;,
  -0.427867;0.616163;-0.052191;,
  -0.627308;0.662224;0.153657;,
  -0.625373;0.657032;0.155281;,
  -0.623076;0.666119;0.154219;,
  -0.487170;0.745257;0.140193;,
  -0.492473;0.743502;0.141671;,
  -0.483327;0.741195;0.141634;,
  -0.594444;0.605584;0.159915;,
  -0.600841;0.583448;-0.043177;,
  -0.458795;0.667611;-0.056824;,
  -0.452398;0.689746;0.146267;,
  -0.600841;0.583448;-0.043177;,
  -0.458795;0.667611;-0.056824;,
  -0.594444;0.605584;0.159915;,
  -0.452398;0.689746;0.146267;,
  -0.594444;0.605584;0.159915;,
  -0.600841;0.583448;-0.043177;,
  -0.458795;0.667611;-0.056824;,
  -0.452398;0.689746;0.146267;,
  -0.600841;0.583448;-0.043177;,
  -0.458795;0.667611;-0.056824;,
  -0.594444;0.605584;0.159915;,
  -0.452398;0.689746;0.146267;,
  -0.462410;0.689097;-0.031499;,
  -0.443143;0.659897;-0.011042;,
  -0.443699;0.657972;-0.028696;,
  -0.461854;0.691021;-0.013845;,
  -0.465511;0.687260;-0.031202;,
  -0.443699;0.657972;-0.028696;,
  -0.446800;0.656135;-0.028399;,
  -0.462410;0.689097;-0.031499;,
  -0.446800;0.656135;-0.028399;,
  -0.443143;0.659897;-0.011042;,
  -0.446244;0.658059;-0.010744;,
  -0.443699;0.657972;-0.028696;,
  -0.446244;0.658059;-0.010744;,
  -0.461854;0.691021;-0.013845;,
  -0.464955;0.689184;-0.013547;,
  -0.443143;0.659897;-0.011042;,
  -0.464955;0.689184;-0.013547;,
  -0.462410;0.689097;-0.031499;,
  -0.465511;0.687260;-0.031202;,
  -0.461854;0.691021;-0.013845;,
  -0.446705;0.672388;-0.023838;,
  -0.453981;0.685323;-0.019806;,
  -0.446542;0.672949;-0.018692;,
  -0.454143;0.684762;-0.024953;,
  -0.457985;0.682154;-0.028266;,
  -0.448516;0.670983;-0.027347;,
  -0.450546;0.669780;-0.027152;,
  -0.455954;0.683357;-0.028461;,
  -0.445217;0.661263;-0.024207;,
  -0.442929;0.663357;-0.016227;,
  -0.444960;0.662154;-0.016031;,
  -0.443186;0.662466;-0.024402;,
  -0.450153;0.671141;-0.014663;,
  -0.455561;0.684718;-0.015972;,
  -0.457592;0.683515;-0.015777;,
  -0.448122;0.672344;-0.014858;,
  -0.460397;0.687520;-0.020276;,
  -0.458501;0.688255;-0.024764;,
  -0.460532;0.687052;-0.024569;,
  -0.458366;0.688723;-0.020471;,
  -0.442929;0.663357;-0.016227;,
  -0.448238;0.671944;-0.018529;,
  -0.448122;0.672344;-0.014858;,
  -0.458501;0.688255;-0.024764;,
  -0.455839;0.683757;-0.024790;,
  -0.455954;0.683357;-0.028461;,
  -0.445217;0.661263;-0.024207;,
  -0.443186;0.662466;-0.024402;,
  -0.458501;0.688255;-0.024764;,
  -0.460532;0.687052;-0.024569;,
  -0.460397;0.687520;-0.020276;,
  -0.458366;0.688723;-0.020471;,
  -0.442929;0.663357;-0.016227;,
  -0.444960;0.662154;-0.016031;,
  -0.455677;0.684318;-0.019643;,
  -0.455561;0.684718;-0.015972;,
  -0.448400;0.671383;-0.023676;,
  -0.448516;0.670983;-0.027347;,
  -0.443186;0.662466;-0.024402;,
  -0.441233;0.664362;-0.016389;,
  -0.441491;0.663470;-0.024565;,
  -0.456806;0.689260;-0.024927;,
  -0.456671;0.689728;-0.020634;,
  -0.458366;0.688723;-0.020471;,
  -0.443186;0.662466;-0.024402;,
  -0.442929;0.663357;-0.016227;,
  -0.448238;0.671944;-0.018529;,
  -0.455677;0.684318;-0.019643;,
  -0.458366;0.688723;-0.020471;,
  -0.458501;0.688255;-0.024764;,
  -0.455839;0.683757;-0.024790;,
  -0.448400;0.671383;-0.023676;,
  -0.458289;0.703355;0.099315;,
  -0.439023;0.674154;0.119773;,
  -0.439579;0.672230;0.102118;,
  -0.457733;0.705279;0.116970;,
  -0.461390;0.701518;0.099613;,
  -0.439579;0.672230;0.102118;,
  -0.442679;0.670393;0.102416;,
  -0.458289;0.703355;0.099315;,
  -0.442679;0.670393;0.102416;,
  -0.439023;0.674154;0.119773;,
  -0.442123;0.672317;0.120071;,
  -0.439579;0.672230;0.102118;,
  -0.442123;0.672317;0.120071;,
  -0.457733;0.705279;0.116970;,
  -0.460834;0.703442;0.117268;,
  -0.439023;0.674154;0.119773;,
  -0.460834;0.703442;0.117268;,
  -0.458289;0.703355;0.099315;,
  -0.461390;0.701518;0.099613;,
  -0.457733;0.705279;0.116970;,
  -0.442584;0.686645;0.106976;,
  -0.449861;0.699580;0.111009;,
  -0.442422;0.687206;0.112123;,
  -0.450023;0.699019;0.105862;,
  -0.453865;0.696411;0.102549;,
  -0.444395;0.685241;0.103468;,
  -0.446426;0.684037;0.103663;,
  -0.451834;0.697615;0.102354;,
  -0.441097;0.675520;0.106608;,
  -0.438808;0.677615;0.114588;,
  -0.440839;0.676411;0.114784;,
  -0.439066;0.676724;0.106413;,
  -0.446033;0.685398;0.116152;,
  -0.451441;0.698976;0.114843;,
  -0.453471;0.697773;0.115038;,
  -0.444002;0.686602;0.115957;,
  -0.456277;0.701777;0.110539;,
  -0.454381;0.702513;0.106051;,
  -0.456412;0.701309;0.106246;,
  -0.454246;0.702981;0.110344;,
  -0.438808;0.677615;0.114588;,
  -0.444117;0.686202;0.112286;,
  -0.444002;0.686602;0.115957;,
  -0.454381;0.702513;0.106051;,
  -0.451718;0.698015;0.106025;,
  -0.451834;0.697615;0.102354;,
  -0.441097;0.675520;0.106608;,
  -0.439066;0.676724;0.106413;,
  -0.454381;0.702513;0.106051;,
  -0.456412;0.701309;0.106246;,
  -0.456277;0.701777;0.110539;,
  -0.454246;0.702981;0.110344;,
  -0.438808;0.677615;0.114588;,
  -0.440839;0.676411;0.114784;,
  -0.451556;0.698576;0.111172;,
  -0.451441;0.698976;0.114843;,
  -0.444280;0.685641;0.107139;,
  -0.444395;0.685241;0.103468;,
  -0.439066;0.676724;0.106413;,
  -0.437113;0.678619;0.114425;,
  -0.437370;0.677728;0.106250;,
  -0.452685;0.703517;0.105888;,
  -0.452550;0.703985;0.110181;,
  -0.454246;0.702981;0.110344;,
  -0.439066;0.676724;0.106413;,
  -0.438808;0.677615;0.114588;,
  -0.444117;0.686202;0.112286;,
  -0.451556;0.698576;0.111172;,
  -0.454246;0.702981;0.110344;,
  -0.454381;0.702513;0.106051;,
  -0.451718;0.698015;0.106025;,
  -0.444280;0.685641;0.107139;,
  -0.448069;0.694036;0.067931;,
  -0.442048;0.675843;0.018403;,
  -0.449665;0.688514;0.017262;,
  -0.440452;0.681365;0.069072;,
  -0.456841;0.688839;0.068773;,
  -0.449665;0.688514;0.017262;,
  -0.458437;0.683316;0.018105;,
  -0.448069;0.694036;0.067931;,
  -0.458437;0.683316;0.018105;,
  -0.442048;0.675843;0.018403;,
  -0.450820;0.670646;0.019246;,
  -0.449665;0.688514;0.017262;,
  -0.450820;0.670646;0.019246;,
  -0.440452;0.681365;0.069072;,
  -0.449224;0.676168;0.069914;,
  -0.442048;0.675843;0.018403;,
  -0.449224;0.676168;0.069914;,
  -0.448069;0.694036;0.067931;,
  -0.456841;0.688839;0.068773;,
  -0.440452;0.681365;0.069072;,
  -0.423833;0.695158;0.018428;,
  -0.428455;0.698315;0.041456;,
  -0.421845;0.698407;0.041238;,
  -0.429569;0.695607;0.018828;,
  -0.431049;0.687230;0.018196;,
  -0.425065;0.692675;0.041964;,
  -0.430843;0.689401;0.042503;,
  -0.426179;0.689968;0.019336;,
  -0.434101;0.694820;0.042015;,
  -0.434182;0.692442;0.017727;,
  -0.424895;0.699424;0.072889;,
  -0.432988;0.698214;0.072267;,
  -0.431715;0.695739;0.077498;,
  -0.434894;0.691616;0.011733;,
  -0.429522;0.692514;0.066672;,
  -0.424751;0.694909;0.064669;,
  -0.429729;0.692794;0.072755;,
  -0.426865;0.692609;0.010363;,
  -0.431636;0.686197;0.012221;,
  -0.446742;0.689936;0.070494;,
  -0.441785;0.693296;0.074713;,
  -0.432655;0.697726;0.066203;,
  -0.438394;0.687657;0.075221;,
  -0.441265;0.690166;0.079361;,
  -0.443352;0.684297;0.071002;,
  -0.445066;0.678368;0.016605;,
  -0.440403;0.680708;0.011461;,
  -0.433933;0.688065;0.007087;,
  -0.443793;0.686347;0.010954;,
  -0.443542;0.682286;0.007066;,
  -0.448456;0.684007;0.016097;,
  -0.452746;0.686775;0.075472;,
  -0.449356;0.681136;0.075979;,
  -0.450880;0.684546;0.081144;,
  -0.451346;0.674251;0.012808;,
  -0.454736;0.679890;0.012300;,
  -0.453211;0.676480;0.007135;,
  -0.422388;0.700156;0.064291;,
  -0.428141;0.700548;0.064161;,
  -0.449215;0.687900;0.064397;,
  -0.445825;0.682261;0.064905;,
  -0.453054;0.685628;0.064788;,
  -0.449664;0.679988;0.065296;,
  -0.447141;0.677709;0.023138;,
  -0.450531;0.683348;0.022630;,
  -0.450981;0.675431;0.023487;,
  -0.454371;0.681071;0.022979;,
  -0.569385;0.685810;-0.034559;,
  -0.558136;0.694070;-0.017932;,
  -0.558692;0.692145;-0.035586;,
  -0.568829;0.687734;-0.016904;,
  -0.568557;0.684432;-0.034435;,
  -0.558692;0.692145;-0.035586;,
  -0.557864;0.690768;-0.035462;,
  -0.569385;0.685810;-0.034559;,
  -0.557864;0.690768;-0.035462;,
  -0.558136;0.694070;-0.017932;,
  -0.557308;0.692692;-0.017808;,
  -0.558692;0.692145;-0.035586;,
  -0.557308;0.692692;-0.017808;,
  -0.568829;0.687734;-0.016904;,
  -0.568001;0.686357;-0.016780;,
  -0.558136;0.694070;-0.017932;,
  -0.569385;0.685810;-0.034559;,
  -0.575322;0.683887;-0.016281;,
  -0.568829;0.687734;-0.016904;,
  -0.575878;0.681962;-0.033935;,
  -0.568557;0.684432;-0.034435;,
  -0.575878;0.681962;-0.033935;,
  -0.569385;0.685810;-0.034559;,
  -0.575050;0.680585;-0.033811;,
  -0.575050;0.680585;-0.033811;,
  -0.575322;0.683887;-0.016281;,
  -0.575878;0.681962;-0.033935;,
  -0.574494;0.682509;-0.016157;,
  -0.574494;0.682509;-0.016157;,
  -0.568829;0.687734;-0.016904;,
  -0.575322;0.683887;-0.016281;,
  -0.568001;0.686357;-0.016780;,
  -0.564712;0.701980;0.113805;,
  -0.553463;0.710240;0.130432;,
  -0.554019;0.708316;0.112777;,
  -0.564156;0.703904;0.131459;,
  -0.563884;0.700603;0.113929;,
  -0.554019;0.708316;0.112777;,
  -0.553191;0.706938;0.112901;,
  -0.564712;0.701980;0.113805;,
  -0.553191;0.706938;0.112901;,
  -0.553463;0.710240;0.130432;,
  -0.552635;0.708863;0.130556;,
  -0.554019;0.708316;0.112777;,
  -0.552635;0.708863;0.130556;,
  -0.564156;0.703904;0.131459;,
  -0.563328;0.702527;0.131583;,
  -0.553463;0.710240;0.130432;,
  -0.564712;0.701980;0.113805;,
  -0.570649;0.700057;0.132083;,
  -0.564156;0.703904;0.131459;,
  -0.571205;0.698133;0.114428;,
  -0.563884;0.700603;0.113929;,
  -0.571205;0.698133;0.114428;,
  -0.564712;0.701980;0.113805;,
  -0.570377;0.696755;0.114552;,
  -0.570377;0.696755;0.114552;,
  -0.570649;0.700057;0.132083;,
  -0.571205;0.698133;0.114428;,
  -0.569821;0.698680;0.132207;,
  -0.569821;0.698680;0.132207;,
  -0.564156;0.703904;0.131459;,
  -0.570649;0.700057;0.132083;,
  -0.563328;0.702527;0.131583;,
  -0.567141;0.693573;0.036666;,
  -0.555892;0.701832;0.053293;,
  -0.556449;0.699908;0.035639;,
  -0.566585;0.695497;0.054321;,
  -0.566314;0.692195;0.036790;,
  -0.556449;0.699908;0.035639;,
  -0.555621;0.698531;0.035763;,
  -0.567141;0.693573;0.036666;,
  -0.555621;0.698531;0.035763;,
  -0.555892;0.701832;0.053293;,
  -0.555065;0.700455;0.053417;,
  -0.556449;0.699908;0.035639;,
  -0.555065;0.700455;0.053417;,
  -0.566585;0.695497;0.054321;,
  -0.565757;0.694120;0.054445;,
  -0.555892;0.701832;0.053293;,
  -0.567141;0.693573;0.036666;,
  -0.573079;0.691649;0.054944;,
  -0.566585;0.695497;0.054321;,
  -0.573635;0.689725;0.037290;,
  -0.566314;0.692195;0.036790;,
  -0.573635;0.689725;0.037290;,
  -0.567141;0.693573;0.036666;,
  -0.572807;0.688348;0.037414;,
  -0.572807;0.688348;0.037414;,
  -0.573079;0.691649;0.054944;,
  -0.573635;0.689725;0.037290;,
  -0.572251;0.690272;0.055068;,
  -0.572251;0.690272;0.055068;,
  -0.566585;0.695497;0.054321;,
  -0.573079;0.691649;0.054944;,
  -0.565757;0.694120;0.054445;,
  -0.506391;0.560065;0.004423;,
  -0.499546;0.562287;-0.016582;,
  -0.498907;0.564498;0.003704;,
  -0.507030;0.557854;-0.015863;,
  -0.508791;0.560783;-0.016127;,
  -0.506391;0.560065;0.004423;,
  -0.508152;0.562994;0.004159;,
  -0.507030;0.557854;-0.015863;,
  -0.485403;0.576473;0.001974;,
  -0.506391;0.560065;0.004423;,
  -0.498907;0.564498;0.003704;,
  -0.508152;0.562994;0.004159;,
  -0.478144;0.580774;0.001276;,
  -0.477022;0.575634;-0.018746;,
  -0.478783;0.578563;-0.019010;,
  -0.476382;0.577845;0.001540;,
  -0.486042;0.574262;-0.018312;,
  -0.484230;0.571362;-0.018053;,
  -0.485822;0.569026;-0.017749;,
  -0.485183;0.571237;0.002537;,
  -0.487943;0.569162;-0.017697;,
  -0.485822;0.569026;-0.017749;,
  -0.487304;0.571373;0.002589;,
  -0.487304;0.571373;0.002589;,
  -0.485183;0.571237;0.002537;,
  -0.492776;0.566299;-0.017232;,
  -0.499546;0.562287;-0.016582;,
  -0.490723;0.566159;0.003265;,
  -0.498133;0.559936;-0.016370;,
  -0.491362;0.563948;-0.017021;,
  -0.497494;0.562147;0.003916;,
  -0.492137;0.568510;0.003054;,
  -0.508791;0.560783;-0.016127;,
  -0.507030;0.557854;-0.015863;,
  -0.492776;0.566299;-0.017232;,
  -0.498133;0.559936;-0.016370;,
  -0.499546;0.562287;-0.016582;,
  -0.491362;0.563948;-0.017021;,
  -0.499546;0.562287;-0.016582;,
  -0.497494;0.562147;0.003916;,
  -0.498907;0.564498;0.003704;,
  -0.498133;0.559936;-0.016370;,
  -0.498907;0.564498;0.003704;,
  -0.490723;0.566159;0.003265;,
  -0.492137;0.568510;0.003054;,
  -0.497494;0.562147;0.003916;,
  -0.492137;0.568510;0.003054;,
  -0.491362;0.563948;-0.017021;,
  -0.492776;0.566299;-0.017232;,
  -0.490723;0.566159;0.003265;,
  -0.487943;0.569162;-0.017697;,
  -0.477022;0.575634;-0.018746;,
  -0.478783;0.578563;-0.019010;,
  -0.476382;0.577845;0.001540;,
  -0.484230;0.571362;-0.018053;,
  -0.477022;0.575634;-0.018746;,
  -0.483591;0.573573;0.002233;,
  -0.492776;0.566299;-0.017232;,
  -0.492137;0.568510;0.003054;,
  -0.478144;0.580774;0.001276;,
  -0.483591;0.573573;0.002233;,
  -0.476382;0.577845;0.001540;,
  -0.502386;0.573920;0.131550;,
  -0.495542;0.576143;0.110545;,
  -0.494903;0.578354;0.130831;,
  -0.503025;0.571709;0.111264;,
  -0.504787;0.574639;0.111000;,
  -0.502386;0.573920;0.131550;,
  -0.504148;0.576850;0.131286;,
  -0.503025;0.571709;0.111264;,
  -0.481399;0.590329;0.129101;,
  -0.502386;0.573920;0.131550;,
  -0.494903;0.578354;0.130831;,
  -0.504148;0.576850;0.131286;,
  -0.474139;0.594630;0.128403;,
  -0.473017;0.589489;0.108381;,
  -0.474778;0.592419;0.108117;,
  -0.472378;0.591700;0.128667;,
  -0.482037;0.588118;0.108815;,
  -0.480226;0.585218;0.109074;,
  -0.481818;0.582882;0.109378;,
  -0.481179;0.585093;0.129664;,
  -0.483939;0.583018;0.109430;,
  -0.481818;0.582882;0.109378;,
  -0.483300;0.585229;0.129716;,
  -0.483300;0.585229;0.129716;,
  -0.481179;0.585093;0.129664;,
  -0.488772;0.580155;0.109895;,
  -0.495542;0.576143;0.110545;,
  -0.486719;0.580015;0.130392;,
  -0.494129;0.573792;0.110757;,
  -0.487358;0.577804;0.110106;,
  -0.493490;0.576003;0.131043;,
  -0.488133;0.582366;0.130181;,
  -0.504787;0.574639;0.111000;,
  -0.503025;0.571709;0.111264;,
  -0.488772;0.580155;0.109895;,
  -0.494129;0.573792;0.110757;,
  -0.495542;0.576143;0.110545;,
  -0.487358;0.577804;0.110106;,
  -0.495542;0.576143;0.110545;,
  -0.493490;0.576003;0.131043;,
  -0.494903;0.578354;0.130831;,
  -0.494129;0.573792;0.110757;,
  -0.494903;0.578354;0.130831;,
  -0.486719;0.580015;0.130392;,
  -0.488133;0.582366;0.130181;,
  -0.493490;0.576003;0.131043;,
  -0.488133;0.582366;0.130181;,
  -0.487358;0.577804;0.110106;,
  -0.488772;0.580155;0.109895;,
  -0.486719;0.580015;0.130392;,
  -0.483939;0.583018;0.109430;,
  -0.473017;0.589489;0.108381;,
  -0.474778;0.592419;0.108117;,
  -0.472378;0.591700;0.128667;,
  -0.480226;0.585218;0.109074;,
  -0.473017;0.589489;0.108381;,
  -0.479587;0.587429;0.129360;,
  -0.488772;0.580155;0.109895;,
  -0.488133;0.582366;0.130181;,
  -0.474139;0.594630;0.128403;,
  -0.479587;0.587429;0.129360;,
  -0.472378;0.591700;0.128667;;
  468;
  3;0,1,2;,
  3;1,0,3;,
  3;4,5,6;,
  3;5,4,7;,
  3;8,9,10;,
  3;9,8,11;,
  3;12,13,14;,
  3;13,12,15;,
  3;16,17,18;,
  3;17,16,19;,
  3;20,21,22;,
  3;21,20,23;,
  3;24,25,26;,
  3;25,24,27;,
  3;28,29,30;,
  3;29,28,31;,
  3;32,33,34;,
  3;33,32,35;,
  3;36,37,38;,
  3;37,36,39;,
  3;3,40,41;,
  3;40,3,42;,
  3;0,43,44;,
  3;43,0,45;,
  3;7,46,47;,
  3;46,7,48;,
  3;5,49,50;,
  3;49,5,51;,
  3;11,52,53;,
  3;52,11,54;,
  3;9,55,56;,
  3;55,9,57;,
  3;15,58,59;,
  3;58,15,60;,
  3;12,61,62;,
  3;61,12,63;,
  3;14,64,65;,
  3;64,14,66;,
  3;13,67,68;,
  3;67,13,69;,
  3;19,70,71;,
  3;70,19,72;,
  3;17,73,74;,
  3;73,17,75;,
  3;23,76,77;,
  3;76,23,78;,
  3;20,79,80;,
  3;79,20,81;,
  3;22,82,83;,
  3;82,22,84;,
  3;21,85,86;,
  3;85,21,87;,
  3;24,88,89;,
  3;88,24,90;,
  3;26,91,92;,
  3;91,26,93;,
  3;28,94,95;,
  3;94,28,96;,
  3;30,97,98;,
  3;97,30,99;,
  3;32,100,101;,
  3;100,32,102;,
  3;34,103,104;,
  3;103,34,105;,
  3;36,106,107;,
  3;106,36,108;,
  3;38,109,110;,
  3;109,38,111;,
  3;0,42,3;,
  3;42,0,44;,
  3;2,45,0;,
  3;45,2,112;,
  3;3,113,1;,
  3;113,3,41;,
  3;4,48,7;,
  3;48,4,114;,
  3;5,115,6;,
  3;115,5,50;,
  3;7,51,5;,
  3;51,7,47;,
  3;8,54,11;,
  3;54,8,116;,
  3;9,117,10;,
  3;117,9,56;,
  3;11,57,9;,
  3;57,11,53;,
  3;12,60,15;,
  3;60,12,62;,
  3;14,63,12;,
  3;63,14,65;,
  3;13,66,14;,
  3;66,13,68;,
  3;15,69,13;,
  3;69,15,59;,
  3;16,72,19;,
  3;72,16,118;,
  3;17,119,18;,
  3;119,17,74;,
  3;19,75,17;,
  3;75,19,71;,
  3;20,78,23;,
  3;78,20,80;,
  3;22,81,20;,
  3;81,22,83;,
  3;21,84,22;,
  3;84,21,86;,
  3;23,87,21;,
  3;87,23,77;,
  3;24,120,27;,
  3;120,24,89;,
  3;26,90,24;,
  3;90,26,92;,
  3;25,93,26;,
  3;93,25,121;,
  3;28,122,31;,
  3;122,28,95;,
  3;30,96,28;,
  3;96,30,98;,
  3;29,99,30;,
  3;99,29,123;,
  3;32,124,35;,
  3;124,32,101;,
  3;34,102,32;,
  3;102,34,104;,
  3;33,105,34;,
  3;105,33,125;,
  3;36,126,39;,
  3;126,36,107;,
  3;38,108,36;,
  3;108,38,110;,
  3;37,111,38;,
  3;111,37,127;,
  3;128,129,130;,
  3;129,128,131;,
  3;132,133,134;,
  3;133,132,135;,
  3;136,137,138;,
  3;137,136,139;,
  3;140,141,142;,
  3;141,140,143;,
  3;144,145,146;,
  3;145,144,147;,
  3;148,149,150;,
  3;149,148,151;,
  3;152,153,154;,
  3;153,152,155;,
  3;156,157,158;,
  3;157,156,159;,
  3;160,161,162;,
  3;161,160,163;,
  3;164,165,166;,
  3;165,164,167;,
  3;168,169,170;,
  3;171,172,173;,
  3;174,153,175;,
  3;153,174,154;,
  3;176,152,177;,
  3;152,176,155;,
  3;178,161,179;,
  3;161,178,162;,
  3;180,160,181;,
  3;160,180,163;,
  3;170,182,183;,
  3;182,170,169;,
  3;173,184,185;,
  3;184,173,172;,
  3;184,186,185;,
  3;148,187,188;,
  3;187,148,150;,
  3;149,189,190;,
  3;189,149,151;,
  3;182,191,183;,
  3;192,187,193;,
  3;187,192,188;,
  3;193,150,194;,
  3;150,193,187;,
  3;194,149,195;,
  3;149,194,150;,
  3;195,190,196;,
  3;190,195,149;,
  3;196,189,197;,
  3;189,196,190;,
  3;197,151,198;,
  3;151,197,189;,
  3;198,148,199;,
  3;148,198,151;,
  3;199,188,192;,
  3;188,199,148;,
  3;200,201,202;,
  3;201,200,203;,
  3;204,205,206;,
  3;205,204,207;,
  3;208,209,210;,
  3;209,208,211;,
  3;212,213,214;,
  3;213,212,215;,
  3;216,217,218;,
  3;217,216,219;,
  3;220,221,222;,
  3;221,220,223;,
  3;224,225,226;,
  3;225,224,227;,
  3;228,229,230;,
  3;229,228,231;,
  3;232,233,234;,
  3;233,232,235;,
  3;236,237,238;,
  3;237,236,239;,
  3;240,241,242;,
  3;243,244,245;,
  3;246,225,247;,
  3;225,246,226;,
  3;248,224,249;,
  3;224,248,227;,
  3;250,233,251;,
  3;233,250,234;,
  3;252,232,253;,
  3;232,252,235;,
  3;242,254,255;,
  3;254,242,241;,
  3;245,256,257;,
  3;256,245,244;,
  3;256,258,257;,
  3;220,259,260;,
  3;259,220,222;,
  3;221,261,262;,
  3;261,221,223;,
  3;254,263,255;,
  3;264,259,265;,
  3;259,264,260;,
  3;265,222,266;,
  3;222,265,259;,
  3;266,221,267;,
  3;221,266,222;,
  3;267,262,268;,
  3;262,267,221;,
  3;268,261,269;,
  3;261,268,262;,
  3;269,223,270;,
  3;223,269,261;,
  3;270,220,271;,
  3;220,270,223;,
  3;271,260,264;,
  3;260,271,220;,
  3;272,273,274;,
  3;273,272,275;,
  3;276,277,278;,
  3;277,276,279;,
  3;280,281,282;,
  3;281,280,283;,
  3;284,285,286;,
  3;285,284,287;,
  3;288,289,290;,
  3;289,288,291;,
  3;292,293,294;,
  3;293,292,295;,
  3;296,297,298;,
  3;297,296,299;,
  3;300,296,298;,
  3;296,300,301;,
  3;302,303,304;,
  3;301,295,305;,
  3;306,307,308;,
  3;309,299,310;,
  3;303,311,312;,
  3;311,303,313;,
  3;304,314,308;,
  3;314,304,315;,
  3;306,311,313;,
  3;311,306,316;,
  3;310,317,318;,
  3;317,310,296;,
  3;319,320,305;,
  3;320,319,321;,
  3;301,317,296;,
  3;317,301,322;,
  3;311,323,312;,
  3;315,324,314;,
  3;324,315,325;,
  3;317,326,318;,
  3;321,327,320;,
  3;327,321,328;,
  3;329,293,330;,
  3;293,329,294;,
  3;306,297,307;,
  3;297,306,298;,
  3;313,298,306;,
  3;298,313,300;,
  3;293,301,300;,
  3;301,293,295;,
  3;297,292,294;,
  3;292,297,299;,
  3;303,330,313;,
  3;309,295,292;,
  3;308,307,302;,
  3;310,299,296;,
  3;323,324,325;,
  3;326,327,328;,
  3;304,312,315;,
  3;312,304,303;,
  3;308,316,306;,
  3;316,308,314;,
  3;319,318,321;,
  3;318,319,310;,
  3;305,322,301;,
  3;322,305,320;,
  3;315,323,325;,
  3;323,315,312;,
  3;314,324,316;,
  3;321,326,328;,
  3;326,321,318;,
  3;320,327,322;,
  3;313,293,300;,
  3;293,313,330;,
  3;329,297,294;,
  3;297,329,307;,
  3;330,302,329;,
  3;302,330,303;,
  3;308,302,304;,
  3;302,307,329;,
  3;299,309,292;,
  3;309,310,319;,
  3;305,309,319;,
  3;309,305,295;,
  3;316,331,311;,
  3;331,316,332;,
  3;311,333,323;,
  3;333,311,331;,
  3;323,334,324;,
  3;334,323,333;,
  3;324,332,316;,
  3;332,324,334;,
  3;322,335,317;,
  3;335,322,336;,
  3;317,337,326;,
  3;337,317,335;,
  3;326,338,327;,
  3;338,326,337;,
  3;327,336,322;,
  3;336,327,338;,
  3;339,340,341;,
  3;340,339,342;,
  3;343,344,345;,
  3;344,343,346;,
  3;347,348,349;,
  3;348,347,350;,
  3;351,352,353;,
  3;352,351,354;,
  3;355,356,357;,
  3;356,355,358;,
  3;359,360,361;,
  3;360,359,362;,
  3;363,364,365;,
  3;364,363,366;,
  3;367,368,369;,
  3;368,367,370;,
  3;371,372,373;,
  3;372,371,374;,
  3;375,376,377;,
  3;376,375,378;,
  3;379,380,381;,
  3;380,379,382;,
  3;383,384,385;,
  3;384,383,386;,
  3;387,388,389;,
  3;388,387,390;,
  3;391,392,393;,
  3;392,391,394;,
  3;395,396,397;,
  3;396,395,398;,
  3;399,400,401;,
  3;400,399,402;,
  3;403,404,405;,
  3;404,403,406;,
  3;407,408,409;,
  3;408,407,410;,
  3;411,412,413;,
  3;412,411,414;,
  3;415,416,417;,
  3;416,415,418;,
  3;419,420,421;,
  3;420,419,422;,
  3;423,424,425;,
  3;424,423,426;,
  3;427,428,429;,
  3;428,427,430;,
  3;431,432,433;,
  3;432,431,434;,
  3;435,436,437;,
  3;436,435,438;,
  3;439,440,441;,
  3;440,439,442;,
  3;443,444,445;,
  3;444,443,446;,
  3;447,448,449;,
  3;448,447,450;,
  3;451,452,453;,
  3;454,455,456;,
  3;455,454,457;,
  3;443,458,459;,
  3;451,460,461;,
  3;462,463,464;,
  3;463,462,465;,
  3;443,445,466;,
  3;467,461,468;,
  3;461,467,451;,
  3;469,470,471;,
  3;470,469,472;,
  3;473,474,475;,
  3;474,473,476;,
  3;477,478,479;,
  3;478,477,480;,
  3;481,482,483;,
  3;482,481,484;,
  3;451,485,460;,
  3;486,451,487;,
  3;451,486,452;,
  3;488,489,490;,
  3;489,488,491;,
  3;492,457,493;,
  3;457,492,455;,
  3;494,495,496;,
  3;495,494,443;,
  3;458,443,466;,
  3;451,453,485;,
  3;491,456,489;,
  3;456,491,454;,
  3;443,459,495;,
  3;497,498,499;,
  3;498,497,500;,
  3;501,502,503;,
  3;502,501,504;,
  3;505,506,507;,
  3;506,505,508;,
  3;509,510,511;,
  3;510,509,512;,
  3;513,514,515;,
  3;516,517,518;,
  3;517,516,519;,
  3;505,520,521;,
  3;513,522,523;,
  3;524,525,526;,
  3;525,524,527;,
  3;505,507,528;,
  3;529,523,530;,
  3;523,529,513;,
  3;531,532,533;,
  3;532,531,534;,
  3;535,536,537;,
  3;536,535,538;,
  3;539,540,541;,
  3;540,539,542;,
  3;543,544,545;,
  3;544,543,546;,
  3;513,547,522;,
  3;548,513,549;,
  3;513,548,514;,
  3;550,551,552;,
  3;551,550,553;,
  3;554,519,555;,
  3;519,554,517;,
  3;556,557,558;,
  3;557,556,505;,
  3;520,505,528;,
  3;513,515,547;,
  3;553,518,551;,
  3;518,553,516;,
  3;505,521,557;;

  MeshNormals {
   559;
   -0.910186;-0.352478;0.217533;,
   -0.851365;-0.518753;-0.077932;,
   -0.841396;-0.484012;0.240385;,
   -0.919503;-0.384970;-0.079455;,
   0.841532;0.483709;-0.240519;,
   0.765583;0.640847;0.056551;,
   0.851367;0.518754;0.077908;,
   0.756534;0.608127;-0.240494;,
   -0.168228;-0.188064;-0.967642;,
   0.020980;0.097655;-0.994999;,
   0.106429;-0.025177;-0.994002;,
   -0.235745;-0.054168;-0.970304;,
   0.378790;-0.894905;0.235933;,
   0.625569;-0.775476;-0.085444;,
   0.634845;-0.743195;0.211265;,
   0.369255;-0.927334;-0.060843;,
   -0.106438;0.025560;0.993991;,
   0.235756;0.054171;0.970301;,
   0.168223;0.188441;0.967570;,
   -0.020598;-0.097651;0.995008;,
   -0.634832;0.743180;-0.211356;,
   -0.369386;0.927281;0.060865;,
   -0.378790;0.894905;-0.235933;,
   -0.625151;0.775813;0.085439;,
   -0.756543;-0.608134;0.240449;,
   -0.851365;-0.518753;-0.077932;,
   -0.765928;-0.640435;-0.056548;,
   -0.841396;-0.484012;0.240385;,
   0.910186;0.352478;-0.217533;,
   0.851367;0.518754;0.077908;,
   0.919503;0.384970;0.079455;,
   0.841532;0.483709;-0.240519;,
   -0.081635;-0.309373;-0.947430;,
   0.106429;-0.025177;-0.994002;,
   0.174332;-0.157929;-0.971940;,
   -0.168228;-0.188064;-0.967642;,
   -0.174329;0.157163;0.972064;,
   0.168223;0.188441;0.967570;,
   0.082015;0.309750;0.947274;,
   -0.106438;0.025560;0.993991;,
   -0.809501;0.138096;-0.570647;,
   -0.698477;-0.302508;-0.648552;,
   -0.963067;0.226559;-0.145509;,
   -0.773645;0.262459;0.576705;,
   -0.953748;0.258656;0.153172;,
   -0.654606;-0.151063;0.740723;,
   0.180065;0.724075;-0.665802;,
   0.235398;0.936249;-0.260816;,
   0.500119;0.408182;-0.763720;,
   0.215973;0.849391;0.481551;,
   0.543997;0.559256;0.625539;,
   0.244873;0.968812;0.037952;,
   -0.809501;0.138096;-0.570647;,
   -0.510010;0.445544;-0.735786;,
   -0.698477;-0.302508;-0.648552;,
   0.180065;0.724075;-0.665802;,
   0.500119;0.408182;-0.763720;,
   -0.252158;0.598160;-0.760671;,
   -0.216304;-0.849194;-0.481749;,
   0.208654;-0.749551;-0.628202;,
   -0.244514;-0.968902;-0.037979;,
   -0.180076;-0.724121;0.665749;,
   -0.235406;-0.936284;0.260683;,
   0.252158;-0.598160;0.760671;,
   0.809523;-0.138100;0.570615;,
   0.509674;-0.445583;0.735995;,
   0.963233;-0.225835;0.145534;,
