xof 0303txt 0032
template ColorRGBA {
 <35ff44e0-6c7c-11cf-8f52-0040333594a3>
 FLOAT red;
 FLOAT green;
 FLOAT blue;
 FLOAT alpha;
}

template ColorRGB {
 <d3e16e81-7835-11cf-8f52-0040333594a3>
 FLOAT red;
 FLOAT green;
 FLOAT blue;
}

template Material {
 <3d82ab4d-62da-11cf-ab39-0020af71e433>
 ColorRGBA faceColor;
 FLOAT power;
 ColorRGB specularColor;
 ColorRGB emissiveColor;
 [...]
}

template TextureFilename {
 <a42790e1-7810-11cf-8f52-0040333594a3>
 STRING filename;
}

template Frame {
 <3d82ab46-62da-11cf-ab39-0020af71e433>
 [...]
}

template Matrix4x4 {
 <f6f23f45-7686-11cf-8f52-0040333594a3>
 array FLOAT matrix[16];
}

template FrameTransformMatrix {
 <f6f23f41-7686-11cf-8f52-0040333594a3>
 Matrix4x4 frameMatrix;
}

template Vector {
 <3d82ab5e-62da-11cf-ab39-0020af71e433>
 FLOAT x;
 FLOAT y;
 FLOAT z;
}

template MeshFace {
 <3d82ab5f-62da-11cf-ab39-0020af71e433>
 DWORD nFaceVertexIndices;
 array DWORD faceVertexIndices[nFaceVertexIndices];
}

template Mesh {
 <3d82ab44-62da-11cf-ab39-0020af71e433>
 DWORD nVertices;
 array Vector vertices[nVertices];
 DWORD nFaces;
 array MeshFace faces[nFaces];
 [...]
}

template MeshNormals {
 <f6f23f43-7686-11cf-8f52-0040333594a3>
 DWORD nNormals;
 array Vector normals[nNormals];
 DWORD nFaceNormals;
 array MeshFace faceNormals[nFaceNormals];
}

template MeshMaterialList {
 <f6f23f42-7686-11cf-8f52-0040333594a3>
 DWORD nMaterials;
 DWORD nFaceIndexes;
 array DWORD faceIndexes[nFaceIndexes];
 [Material <3d82ab4d-62da-11cf-ab39-0020af71e433>]
}

template Coords2d {
 <f6f23f44-7686-11cf-8f52-0040333594a3>
 FLOAT u;
 FLOAT v;
}

template MeshTextureCoords {
 <f6f23f40-7686-11cf-8f52-0040333594a3>
 DWORD nTextureCoords;
 array Coords2d textureCoords[nTextureCoords];
}

template XSkinMeshHeader {
 <3cf169ce-ff7c-44ab-93c0-f78f62d172e2>
 WORD nMaxSkinWeightsPerVertex;
 WORD nMaxSkinWeightsPerFace;
 WORD nBones;
}

template SkinWeights {
 <6f0d123b-bad2-4167-a0d0-80224f25fabb>
 STRING transformNodeName;
 DWORD nWeights;
 array DWORD vertexIndices[nWeights];
 array FLOAT weights[nWeights];
 Matrix4x4 matrixOffset;
}

template AnimTicksPerSecond {
 <9e415a43-7ba6-4a73-8743-b73d47e88476>
 DWORD AnimTicksPerSecond;
}

template Animation {
 <3d82ab4f-62da-11cf-ab39-0020af71e433>
 [...]
}

template AnimationSet {
 <3d82ab50-62da-11cf-ab39-0020af71e433>
 [Animation <3d82ab4f-62da-11cf-ab39-0020af71e433>]
}

template FloatKeys {
 <10dd46a9-775b-11cf-8f52-0040333594a3>
 DWORD nValues;
 array FLOAT values[nValues];
}

template TimedFloatKeys {
 <f406b180-7b3b-11cf-8f52-0040333594a3>
 DWORD time;
 FloatKeys tfkeys;
}

template AnimationKey {
 <10dd46a8-775b-11cf-8f52-0040333594a3>
 DWORD keyType;
 DWORD nKeys;
 array TimedFloatKeys keys[nKeys];
}


Material Material__261 {
 1.000000;1.000000;1.000000;1.000000;;
 100.000000;
 0.200000;0.200000;0.200000;;
 0.000000;0.000000;0.000000;;

 TextureFilename {
  "Sack_Mail.png";
 }
}

Frame Dummy01 {
 

 FrameTransformMatrix {
  1.000000,0.000000,0.000000,0.000000,0.000000,-0.000000,-1.000000,0.000000,0.000000,1.000000,-0.000000,0.000000,0.000000,0.000000,0.000000,1.000000;;
 }

 Frame Bip01 {
  

  FrameTransformMatrix {
   -0.087156,0.982404,-0.165184,0.000000,-0.000002,0.165815,0.986157,0.000000,0.996195,0.085949,-0.014450,0.000000,-0.010000,-0.012284,0.490453,1.000000;;
  }

  Frame Bip01_Pelvis {
   

   FrameTransformMatrix {
    0.000000,1.000000,-0.000001,0.000000,-0.000001,0.000001,1.000000,0.000000,1.000000,0.000000,0.000001,0.000000,0.000000,0.000000,0.000000,1.000000;;
   }

   Frame Bip01_Spine {
    

    FrameTransformMatrix {
     0.984686,0.000002,-0.174337,0.000000,-0.000001,1.000000,0.000004,0.000000,0.174337,-0.000004,0.984686,0.000000,0.051619,0.000000,-0.000083,1.000000;;
    }

    Frame Bip01_Spine1 {
     

     FrameTransformMatrix {
      0.997819,0.052687,0.039774,0.000000,-0.044862,0.983198,-0.176942,0.000000,-0.048428,0.174771,0.983417,0.000000,0.106484,-0.000015,-0.000083,1.000000;;
     }

     Frame Bip01_Neck {
      

      FrameTransformMatrix {
       0.966067,-0.020835,0.257451,0.000000,0.025191,0.999590,-0.013632,0.000000,-0.257061,0.019655,0.966195,0.000000,0.130511,-0.000001,0.004626,1.000000;;
      }

      Frame Bip01_Head {
       

       FrameTransformMatrix {
        0.989321,-0.051753,-0.136255,0.000000,0.064251,0.993958,0.088989,0.000000,0.130826,-0.096793,0.986669,0.000000,0.033674,0.000000,0.000000,1.000000;;
       }
      }

      Frame Bip01_L_Clavicle {
       

       FrameTransformMatrix {
        -0.295572,0.955317,-0.002615,0.000000,0.920640,0.284110,-0.267774,0.000000,-0.255066,-0.081555,-0.963478,0.000000,-0.024734,0.015166,0.002017,1.000000;;
       }

       Frame Bip01_L_UpperArm {
        

        FrameTransformMatrix {
         0.611795,-0.788383,0.064493,0.000000,0.732015,0.533380,-0.423863,0.000000,0.299767,0.306527,0.903427,0.000000,0.087086,0.000000,-0.000000,1.000000;;
        }

        Frame Bip01_L_Forearm {
         

         FrameTransformMatrix {
          0.896979,0.000000,-0.442073,0.000000,0.000000,1.000000,0.000000,0.000000,0.442073,0.000000,0.896979,0.000000,0.137062,0.000000,0.000000,1.000000;;
         }

         Frame Bip01_L_Hand {
          

          FrameTransformMatrix {
           0.982164,-0.072466,0.173502,0.000000,-0.178139,-0.063308,0.981967,0.000000,-0.060175,-0.995360,-0.075088,0.000000,0.137062,0.000000,0.000000,1.000000;;
          }

          Frame Bip01_L_Finger0 {
           

           FrameTransformMatrix {
            -0.074357,-0.109758,0.991173,0.000000,0.546833,0.826681,0.132566,0.000000,-0.833934,0.551863,-0.001450,0.000000,0.057681,-0.023605,-0.000272,1.000000;;
           }
          }

          Frame Bip01_L_Finger1 {
           

           FrameTransformMatrix {
            0.073641,-0.000115,0.997285,0.000000,-0.000777,1.000000,0.000172,0.000000,-0.997284,-0.000788,0.073641,0.000000,0.084102,-0.000000,0.000000,1.000000;;
           }
          }
         }
        }
       }
      }

      Frame Bip01_R_Clavicle {
       

       FrameTransformMatrix {
        -0.255524,-0.965959,-0.040388,0.000000,-0.931456,0.234775,0.277976,0.000000,-0.259031,0.108649,-0.959739,0.000000,-0.024080,-0.016250,0.001399,1.000000;;
       }

       Frame Bip01_R_UpperArm {
        

        FrameTransformMatrix {
         0.497169,0.846916,0.188564,0.000000,-0.867648,0.486120,0.104285,0.000000,-0.003344,-0.215455,0.976508,0.000000,0.087086,0.000000,0.000000,1.000000;;
        }

        Frame Bip01_R_Forearm {
         

         FrameTransformMatrix {
          0.896979,0.000000,-0.442073,0.000000,-0.000000,1.000000,0.000000,0.000000,0.442073,-0.000000,0.896979,0.000000,0.137062,0.000000,0.000000,1.000000;;
         }

         Frame Bip01_R_Hand {
          

          FrameTransformMatrix {
           0.982164,0.072466,0.173502,0.000000,0.178139,-0.063308,-0.981967,0.000000,-0.060175,0.995360,-0.075088,0.000000,0.137062,0.000000,0.000000,1.000000;;
          }

          Frame Bip01_R_Finger0 {
           

           FrameTransformMatrix {
            -0.074357,0.109758,0.991173,0.000000,-0.546833,0.826681,-0.132566,0.000000,-0.833934,-0.551863,-0.001450,0.000000,0.057681,0.023605,-0.000272,1.000000;;
           }
          }

          Frame Bip01_R_Finger1 {
           

           FrameTransformMatrix {
            0.073641,0.000115,0.997285,0.000000,0.000777,1.000000,-0.000172,0.000000,-0.997285,0.000788,0.073641,0.000000,0.084102,0.000000,0.000000,1.000000;;
           }
          }
         }
        }
       }
      }
     }

     Frame Bip01_BackPack {
      

      FrameTransformMatrix {
       0.180560,0.080500,-0.980264,0.000000,0.047560,0.994765,0.090451,0.000000,0.982413,-0.062954,0.175786,0.000000,0.063697,0.000003,-0.088856,1.000000;;
      }
     }
    }

    Frame Bip01_L_Thigh {
     

     FrameTransformMatrix {
      -0.888504,0.030427,0.457859,0.000000,-0.032107,-0.999476,0.004114,0.000000,0.457744,-0.011045,0.889015,0.000000,-0.050843,0.055225,-0.008917,1.000000;;
     }

     Frame Bip01_L_Calf {
      

      FrameTransformMatrix {
       0.942235,0.000000,-0.334953,0.000000,0.000000,1.000000,0.000000,0.000000,0.334953,-0.000000,0.942235,0.000000,0.237500,0.000000,0.000000,1.000000;;
      }

      Frame Bip01_L_Foot {
       

       FrameTransformMatrix {
        0.924324,-0.026487,0.380688,0.000000,-0.068962,0.969570,0.234901,0.000000,-0.375325,-0.243378,0.894370,0.000000,0.206841,0.000000,-0.000000,1.000000;;
       }

       Frame Bip01_L_Toe0 {
        

        FrameTransformMatrix {
         0.000000,0.000000,1.000000,0.000000,0.000000,1.000000,-0.000000,0.000000,-1.000000,0.000000,0.000000,0.000000,0.065373,0.000000,0.066450,1.000000;;
        }
       }
      }
     }
    }

    Frame Bip01_R_Thigh {
     

     FrameTransformMatrix {
      -0.996965,0.030321,-0.071706,0.000000,-0.029454,-0.999480,-0.013113,0.000000,-0.072066,-0.010961,0.997340,0.000000,-0.050843,-0.055225,-0.008917,1.000000;;
     }

     Frame Bip01_R_Calf {
      

      FrameTransformMatrix {
       0.730241,0.000000,-0.683190,0.000000,0.000000,1.000000,0.000000,0.000000,0.683190,0.000000,0.730241,0.000000,0.237500,0.000000,0.000000,1.000000;;
      }

      Frame Bip01_R_Foot {
       

       FrameTransformMatrix {
        0.991957,0.087165,-0.091784,0.000000,-0.093276,0.993546,-0.064539,0.000000,0.085567,0.072581,0.993685,0.000000,0.206841,0.000000,0.000000,1.000000;;
       }

       Frame Bip01_R_Toe0 {
        

        FrameTransformMatrix {
         0.000001,0.000000,1.000000,0.000000,0.000000,1.000000,-0.000000,0.000000,-1.000000,0.000000,0.000001,0.000000,0.065373,-0.000000,0.066450,1.000000;;
        }
       }
      }
     }
    }
   }

   Frame Bip01_DressFront {
    

    FrameTransformMatrix {
     -0.880184,-0.088339,0.466338,0.000000,0.121847,0.907542,0.401896,0.000000,-0.458725,0.410564,-0.788041,0.000000,-0.043935,0.001339,0.061057,1.000000;;
    }

    Frame Bip01_DressFront02 {
     

     FrameTransformMatrix {
      0.912593,0.000001,0.408870,0.000000,-0.000001,1.000000,-0.000000,0.000000,-0.408870,-0.000000,0.912593,0.000000,0.183378,0.000000,-0.000120,1.000000;;
     }
    }
   }

   Frame Bip01_DressBack {
    

    FrameTransformMatrix {
     -0.886022,0.038028,0.462080,0.000000,0.191624,0.937561,0.290274,0.000000,-0.422190,0.345735,-0.837988,0.000000,-0.047673,-0.000048,-0.078302,1.000000;;
    }

    Frame Bip01_DressBack02 {
     

     FrameTransformMatrix {
      0.936852,0.174932,-0.302833,0.000000,-0.166408,0.984581,0.053940,0.000000,0.307600,-0.000139,0.951516,0.000000,0.176125,0.000000,-0.000103,1.000000;;
     }
    }
   }
  }

  Frame Bip01_Prop1 {
   

   FrameTransformMatrix {
    -0.108767,-0.028257,0.993666,0.000000,0.990786,0.078073,0.110672,0.000000,-0.080706,0.996547,0.019505,0.000000,0.030962,-0.087413,-0.178087,1.000000;;
   }
  }

  Frame Bip01_Prop2 {
   

   FrameTransformMatrix {
    0.112662,0.019883,0.993434,0.000000,0.968128,0.222880,-0.114253,0.000000,-0.223688,0.974643,0.005860,0.000000,-0.001453,-0.103492,0.177294,1.000000;;
   }
  }
 }
}

Frame Translation_Data {
 

 FrameTransformMatrix {
  -0.000000,0.000000,-1.000000,0.000000,-1.000000,-0.000000,0.000000,0.000000,-0.000000,1.000000,0.000000,0.000000,0.000000,-0.000000,0.000000,1.000000;;
 }
}

Frame Sack_RHand {
 

 FrameTransformMatrix {
  1.000000,0.000000,0.000000,0.000000,0.000000,1.000000,0.000000,0.000000,0.000000,0.000000,1.000000,0.000000,-0.000000,-0.000000,0.000000,1.000000;;
 }

 Mesh Sack_RHand {
  82;
  -0.705098;0.538507;0.258924;,
  -0.737014;0.575579;0.162184;,
  -0.714767;0.526654;0.096111;,
  -0.442322;0.695719;-0.025117;,
  -0.429624;0.710561;-0.024196;,
  -0.420322;0.694897;-0.021594;,
  -0.737014;0.575579;0.162184;,
  -0.735852;0.596527;0.013052;,
  -0.745058;0.565720;0.026752;,
  -0.726524;0.607961;0.170114;,
  -0.724437;0.514802;-0.066703;,
  -0.702204;0.528644;-0.051512;,
  -0.692521;0.477730;0.030037;,
  -0.651278;0.481937;0.174819;,
  -0.684477;0.487589;0.165470;,
  -0.660606;0.470504;0.017758;,
  -0.705098;0.538507;0.258924;,
  -0.684927;0.549821;0.239384;,
  -0.684477;0.487589;0.165470;,
  -0.431604;0.677807;-0.024223;,
  -0.410919;0.679329;-0.022474;,
  -0.724437;0.514802;-0.066703;,
  -0.702204;0.528644;-0.051512;,
  -0.705098;0.538507;0.258924;,
  -0.684927;0.549821;0.239384;,
  -0.578691;0.677076;0.007669;,
  -0.503051;0.703708;0.122841;,
  -0.509196;0.696175;0.019367;,
  -0.570518;0.687094;0.145273;,
  -0.708574;0.622299;0.004396;,
  -0.549146;0.620854;-0.029466;,
  -0.669686;0.548329;-0.044288;,
  -0.506782;0.580347;0.149259;,
  -0.465538;0.623056;0.022097;,
  -0.459393;0.630588;0.125571;,
  -0.514954;0.570330;0.011655;,
  -0.614768;0.494008;0.176933;,
  -0.536326;0.636569;0.186394;,
  -0.653656;0.567978;0.225616;,
  -0.487635;0.658490;-0.005122;,
  -0.549146;0.620854;-0.029466;,
  -0.478434;0.669769;0.149802;,
  -0.536326;0.636569;0.186394;,
  -0.425869;0.707182;0.073397;,
  -0.412680;0.715509;-0.016838;,
  -0.429624;0.710561;-0.024196;,
  -0.436886;0.700421;0.068495;,
  -0.444194;0.683682;-0.025092;,
  -0.437078;0.691369;0.066975;,
  -0.442322;0.695719;-0.025117;,
  -0.437078;0.691369;0.066975;,
  -0.431604;0.677807;-0.024223;,
  -0.426259;0.683185;0.058165;,
  -0.444194;0.683682;-0.025092;,
  -0.410919;0.679329;-0.022474;,
  -0.414206;0.689487;0.070692;,
  -0.400079;0.708274;-0.013027;,
  -0.417020;0.703622;0.074389;,
  -0.399091;0.692835;-0.015502;,
  -0.417020;0.703622;0.074389;,
  -0.400079;0.708274;-0.013027;,
  -0.473100;0.703595;0.103789;,
  -0.476594;0.699313;0.044962;,
  -0.463174;0.674257;0.025993;,
  -0.487635;0.658490;-0.005122;,
  -0.444556;0.656040;0.107029;,
  -0.448546;0.651149;0.039842;,
  -0.457239;0.681532;0.125922;,
  -0.478434;0.669769;0.149802;,
  -0.463174;0.674257;0.025993;,
  -0.457239;0.681532;0.125922;,
  -0.412680;0.715509;-0.016838;,
  -0.400079;0.708274;-0.013027;,
  -0.399091;0.692835;-0.015502;,
  -0.698639;0.634477;0.171688;,
  -0.624703;0.481830;0.009640;,
  -0.669686;0.548329;-0.044288;,
  -0.653656;0.567978;0.225616;,
  -0.692521;0.477730;0.030037;,
  -0.745058;0.565720;0.026752;,
  -0.724437;0.514802;-0.066703;,
  -0.444194;0.683682;-0.025092;;
  100;
  3;0,1,2;,
  3;3,4,5;,
  3;6,7,8;,
  3;7,6,9;,
  3;10,7,11;,
  3;7,10,8;,
  3;12,13,14;,
  3;13,12,15;,
  3;16,13,17;,
  3;13,16,14;,
  3;18,0,2;,
  3;19,5,20;,
  3;21,15,12;,
  3;15,21,22;,
  3;23,9,6;,
  3;9,23,24;,
  3;25,26,27;,
  3;26,25,28;,
  3;29,30,31;,
  3;30,29,25;,
  3;32,33,34;,
  3;33,32,35;,
  3;36,37,38;,
  3;37,36,32;,
  3;35,39,33;,
  3;39,35,40;,
  3;28,41,26;,
  3;41,28,42;,
  3;43,44,45;,
  3;46,47,48;,
  3;47,46,49;,
  3;50,51,52;,
  3;51,50,53;,
  3;52,51,54;,
  3;55,56,57;,
  3;56,55,58;,
  3;59,44,43;,
  3;44,59,60;,
  3;46,61,43;,
  3;61,46,62;,
  3;27,63,64;,
  3;63,27,62;,
  3;52,65,66;,
  3;65,52,55;,
  3;34,67,68;,
  3;67,34,65;,
  3;33,69,66;,
  3;69,33,39;,
  3;26,70,61;,
  3;70,26,41;,
  3;5,71,72;,
  3;73,5,72;,
  3;43,45,46;,
  3;46,45,49;,
  3;52,54,55;,
  3;55,54,58;,
  3;25,74,28;,
  3;74,25,29;,
  3;25,64,30;,
  3;64,25,27;,
  3;32,75,35;,
  3;75,32,36;,
  3;32,68,37;,
  3;68,32,34;,
  3;75,40,35;,
  3;40,75,76;,
  3;74,42,28;,
  3;42,74,77;,
  3;78,18,2;,
  3;2,1,79;,
  3;78,2,80;,
  3;2,79,80;,
  3;9,29,7;,
  3;29,9,74;,
  3;31,7,29;,
  3;7,31,11;,
  3;15,36,13;,
  3;36,15,75;,
  3;38,13,36;,
  3;13,38,17;,
  3;15,76,75;,
  3;76,15,22;,
  3;9,77,74;,
  3;77,9,24;,
  3;71,5,4;,
  3;5,73,20;,
  3;3,5,81;,
  3;5,19,81;,
  3;26,62,27;,
  3;62,26,61;,
  3;62,48,63;,
  3;48,62,46;,
  3;33,65,34;,
  3;65,33,66;,
  3;57,65,55;,
  3;65,57,67;,
  3;50,66,69;,
  3;66,50,52;,
  3;61,59,43;,
  3;59,61,70;;

  MeshNormals {
   82;
   -0.634524;-0.353107;0.687528;,
   -0.970850;0.023642;0.238518;,
   -0.856793;-0.508125;0.087835;,
   0.084331;0.782258;-0.617220;,
   0.173522;0.984690;-0.016589;,
   0.858387;0.512743;0.016309;,
   -0.970850;0.023642;0.238518;,
   -0.724816;0.566501;-0.392068;,
   -0.992333;-0.002672;-0.123565;,
   -0.678319;0.623382;0.388946;,
   -0.707504;-0.443430;-0.550281;,
   -0.255604;-0.188079;-0.948311;,
   -0.469313;-0.878340;-0.090906;,
   0.213647;-0.869850;0.444653;,
   -0.448516;-0.851646;0.271169;,
   0.167056;-0.926818;-0.336305;,
   -0.634524;-0.353107;0.687528;,
   -0.141106;-0.046908;0.988883;,
   -0.448516;-0.851646;0.271169;,
   0.748426;-0.329582;-0.575529;,
   0.949035;-0.313548;0.031946;,
   -0.707504;-0.443430;-0.550281;,
   -0.255604;-0.188079;-0.948311;,
   -0.634524;-0.353107;0.687528;,
   -0.141106;-0.046908;0.988883;,
   -0.240634;0.820672;-0.518259;,
   -0.049966;0.919216;0.390571;,
   -0.103368;0.853643;-0.510498;,
   -0.185013;0.888826;0.419236;,
   -0.460023;0.734664;-0.498645;,
   0.189961;0.076671;-0.978793;,
   0.014495;-0.028990;-0.999475;,
   0.679844;-0.560051;0.473449;,
   0.718510;-0.522483;-0.459080;,
   0.771952;-0.456917;0.441947;,
   0.624519;-0.627952;-0.464383;,
   0.499741;-0.711082;0.494591;,
   0.302895;0.215536;0.928331;,
   0.131983;0.115199;0.984535;,
   0.342970;0.170150;-0.923808;,
   0.189961;0.076671;-0.978793;,
   0.447860;0.299082;0.842598;,
   0.302895;0.215536;0.928331;,
   -0.408475;0.855853;0.317274;,
   0.049577;0.806953;0.588531;,
   0.173522;0.984690;-0.016589;,
   -0.413296;0.808291;-0.419348;,
   0.273164;0.126662;-0.953592;,
   0.087739;0.015259;-0.996027;,
   0.084331;0.782258;-0.617220;,
   0.087739;0.015259;-0.996027;,
   0.748426;-0.329582;-0.575529;,
   0.527897;-0.768959;-0.360593;,
   0.273164;0.126662;-0.953592;,
   0.949035;-0.313548;0.031946;,
   0.548308;-0.746340;0.377272;,
   0.218188;0.166311;0.961631;,
   0.140003;0.120547;0.982786;,
   0.713678;-0.305916;0.630142;,
   0.140003;0.120547;0.982786;,
   0.218188;0.166311;0.961631;,
   0.037364;0.938680;0.342759;,
   -0.008397;0.879421;-0.475971;,
   0.466523;0.247185;-0.849268;,
   0.342970;0.170150;-0.923808;,
   0.832014;-0.391985;0.392557;,
   0.785312;-0.449295;-0.425934;,
   0.557746;0.360895;0.747445;,
   0.447860;0.299082;0.842598;,
   0.466523;0.247185;-0.849268;,
   0.557746;0.360895;0.747445;,
   0.049577;0.806953;0.588531;,
   0.218188;0.166311;0.961631;,
   0.713678;-0.305916;0.630142;,
   -0.404183;0.803028;0.437929;,
   0.444010;-0.779305;-0.442198;,
   0.014495;-0.028990;-0.999475;,
   0.131983;0.115199;0.984535;,
   -0.469313;-0.878340;-0.090906;,
   -0.992333;-0.002672;-0.123565;,
   -0.707504;-0.443430;-0.550281;,
   0.273164;0.126662;-0.953592;;
   100;
   3;0,1,2;,
   3;3,4,5;,
   3;6,7,8;,
   3;7,6,9;,
   3;10,7,11;,
   3;7,10,8;,
   3;12,13,14;,
   3;13,12,15;,
   3;16,13,17;,
   3;13,16,14;,
   3;18,0,2;,
   3;19,5,20;,
   3;21,15,12;,
   3;15,21,22;,
   3;23,9,6;,
   3;9,23,24;,
   3;25,26,27;,
   3;26,25,28;,
   3;29,30,31;,
   3;30,29,25;,
   3;32,33,34;,
   3;33,32,35;,
   3;36,37,38;,
   3;37,36,32;,
   3;35,39,33;,
   3;39,35,40;,
   3;28,41,26;,
   3;41,28,42;,
   3;43,44,45;,
   3;46,47,48;,
   3;47,46,49;,
   3;50,51,52;,
   3;51,50,53;,
   3;52,51,54;,
   3;55,56,57;,
   3;56,55,58;,
   3;59,44,43;,
   3;44,59,60;,
   3;46,61,43;,
   3;61,46,62;,
   3;27,63,64;,
   3;63,27,62;,
   3;52,65,66;,
   3;65,52,55;,
   3;34,67,68;,
   3;67,34,65;,
   3;33,69,66;,
   3;69,33,39;,
   3;26,70,61;,
   3;70,26,41;,
   3;5,71,72;,
   3;73,5,72;,
   3;43,45,46;,
   3;46,45,49;,
   3;52,54,55;,
   3;55,54,58;,
   3;25,74,28;,
   3;74,25,29;,
   3;25,64,30;,
   3;64,25,27;,
   3;32,75,35;,
   3;75,32,36;,
   3;32,68,37;,
   3;68,32,34;,
   3;75,40,35;,
   3;40,75,76;,
   3;74,42,28;,
   3;42,74,77;,
   3;78,18,2;,
   3;2,1,79;,
   3;78,2,80;,
   3;2,79,80;,
   3;9,29,7;,
   3;29,9,74;,
   3;31,7,29;,
   3;7,31,11;,
   3;15,36,13;,
   3;36,15,75;,
   3;38,13,36;,
   3;13,38,17;,
   3;15,76,75;,
   3;76,15,22;,
   3;9,77,74;,
   3;77,9,24;,
   3;71,5,4;,
   3;5,73,20;,
   3;3,5,81;,
   3;5,19,81;,
   3;26,62,27;,
   3;62,26,61;,
   3;62,48,63;,
   3;48,62,46;,
   3;33,65,34;,
   3;65,33,66;,
   3;57,65,55;,
   3;65,57,67;,
   3;50,66,69;,
   3;66,50,52;,
   3;61,59,43;,
   3;59,61,70;;
  }

  MeshMaterialList {
   1;
   100;
   0,
   0,
   0,
   0,
   0,
   0,
   0,
   0,
   0,
   0,
   0,
   0,
   0,
   0,
   0,
   0,
   0,
   0,
   0,
   0,
   0,
   0,
   0,
   0,
   0,
   0,
   0,
   0,
   0,
   0,
   0,
   0,
   0,
   0,
   0,
   0,
   0,
   0,
   0,
   0,
   0,
   0,
   0,
   0,
   0,
   0,
   0,
   0,
   0,
   0,
   0,
   0,
   0,
   0,
   0,
   0,
   0,
   0,
   0,
   0,
   0,
   0,
   0,
   0,
   0,
   0,
   0,
   0,
   0,
   0,
   0,
   0,
   0,
   0,
   0,
   0,
   0,
   0,
   0,
   0,
   0,
   0,
   0,
   0,
   0,
   0,
   0,
   0,
   0,
   0,
   0,
   0,
   0,
   0,
   0,
   0,
   0,
   0,
   0,
   0;
   { Material__261 }
  }

  MeshTextureCoords c1 {
   82;
   0.266046;0.891008;,
   0.416823;0.967752;,
   0.524186;0.891008;,
   0.948341;0.225084;,
   0.846901;0.263052;,
   0.845080;0.136492;,
   0.651727;0.973043;,
   0.312724;0.905915;,
   0.348273;0.973043;,
   0.686765;0.905752;,
   0.026958;0.973043;,
   0.079125;0.905485;,
   0.651727;0.973043;,
   0.312724;0.905915;,
   0.348274;0.973043;,
   0.686765;0.905752;,
   0.026958;0.973042;,
   0.079125;0.905485;,
   0.416823;0.814264;,
   0.948341;0.047900;,
   0.846902;0.009932;,
   0.973042;0.973043;,
   0.920875;0.905485;,
   0.973042;0.973042;,
   0.924545;0.905485;,
   0.320699;0.496327;,
   0.621319;0.314534;,
   0.379209;0.313556;,
   0.679301;0.496327;,
   0.296717;0.819206;,
   0.119083;0.496327;,
   0.091422;0.819206;,
   0.320699;0.496327;,
   0.621320;0.314534;,
   0.379210;0.313556;,
   0.679301;0.496327;,
   0.296717;0.819206;,
   0.119084;0.496327;,
   0.091422;0.819206;,
   0.803762;0.322469;,
   0.880917;0.496327;,
   0.803761;0.322469;,
   0.880916;0.496327;,
   0.551812;0.175822;,
   0.615219;0.036555;,
   0.500000;0.023288;,
   0.448188;0.175822;,
   0.336645;0.049209;,
   0.390786;0.175822;,
   0.384780;0.036555;,
   0.609214;0.175822;,
   0.615220;0.036555;,
   0.551812;0.175822;,
   0.663355;0.049209;,
   0.500001;0.023288;,
   0.448189;0.175822;,
   0.336646;0.049209;,
   0.390787;0.175822;,
   0.384781;0.036555;,
   0.609213;0.175822;,
   0.663354;0.049209;,
   0.591779;0.255581;,
   0.408525;0.255019;,
   0.278921;0.260144;,
   0.196238;0.322469;,
   0.408526;0.255019;,
   0.591779;0.255581;,
   0.278922;0.260144;,
   0.196239;0.322469;,
   0.721079;0.260144;,
   0.721078;0.260144;,
   0.745462;0.225084;,
   0.703084;0.136492;,
   0.745462;0.047900;,
   0.703283;0.819206;,
   0.703283;0.819206;,
   0.908578;0.819206;,
   0.908578;0.819206;,
   0.631549;0.814264;,
   0.631549;0.967752;,
   0.782326;0.891008;,
   0.990720;0.136492;;
  }

  XSkinMeshHeader {
   2;
   2;
   2;
  }

  SkinWeights {
   "Bip01_Prop1";
   55;
   0,
   1,
   2,
   6,
   7,
   8,
   9,
   10,
   11,
   12,
   13,
   14,
   15,
   16,
   17,
   18,
   21,
   22,
   23,
   24,
   25,
   26,
   27,
   28,
   29,
   30,
   31,
   32,
   33,
   34,
   35,
   36,
   37,
   38,
   39,
   40,
   41,
   42,
   61,
   62,
   63,
   64,
   65,
   66,
   67,
   68,
   69,
   70,
   74,
   75,
   76,
   77,
   78,
   79,
   80;
   1.000000,
   1.000000,
   1.000000,
   1.000000,
   1.000000,
   1.000000,
   1.000000,
   1.000000,
   1.000000,
   1.000000,
   1.000000,
   1.000000,
   1.000000,
   1.000000,
   1.000000,
   1.000000,
   1.000000,
   1.000000,
   1.000000,
   1.000000,
   0.900000,
   0.500000,
   0.500000,
   0.900000,
   1.000000,
   0.900000,
   1.000000,
   0.900000,
   0.500000,
   0.500000,
   0.900000,
   1.000000,
   0.900000,
   1.000000,
   0.500000,
   0.900000,
   0.500000,
   0.900000,
   0.320000,
   0.320000,
   0.320000,
   0.500000,
   0.320000,
   0.320000,
   0.320000,
   0.500000,
   0.320000,
   0.320000,
   1.000000,
   1.000000,
   1.000000,
   1.000000,
   1.000000,
   1.000000,
   1.000000;
   0.513697,-0.031297,0.857400,0.000000,-0.854513,-0.108296,0.508015,0.000000,0.076954,-0.993626,-0.082376,0.000000,0.821476,0.117511,0.031785,1.000000;;
  }

  SkinWeights {
   "Bip01_R_Hand";
   51;
   3,
   4,
   5,
   19,
   20,
   25,
   26,
   27,
   28,
   30,
   32,
   33,
   34,
   35,
   37,
   39,
   40,
   41,
   42,
   43,
   44,
   45,
   46,
   47,
   48,
   49,
   50,
   51,
   52,
   53,
   54,
   55,
   56,
   57,
   58,
   59,
   60,
   61,
   62,
   63,
   64,
   65,
   66,
   67,
   68,
   69,
   70,
   71,
   72,
   73,
   81;
   1.000000,
   1.000000,
   1.000000,
   1.000000,
   1.000000,
   0.100000,
   0.500000,
   0.500000,
   0.100000,
   0.100000,
   0.100000,
   0.500000,
   0.500000,
   0.100000,
   0.100000,
   0.500000,
   0.100000,
   0.500000,
   0.100000,
   1.000000,
   1.000000,
   1.000000,
   1.000000,
   1.000000,
   1.000000,
   1.000000,
   1.000000,
   1.000000,
   1.000000,
   1.000000,
   1.000000,
   1.000000,
   1.000000,
   1.000000,
   1.000000,
   1.000000,
   1.000000,
   0.680000,
   0.680000,
   0.680000,
   0.500000,
   0.680000,
   0.680000,
   0.680000,
   0.500000,
   0.680000,
   0.680000,
   1.000000,
   1.000000,
   1.000000,
   1.000000;
   -0.944798,0.017844,0.327167,0.000000,-0.326946,-0.116872,-0.937788,0.000000,0.021503,-0.992987,0.116255,0.000000,-0.113466,0.130225,0.806922,1.000000;;
  }
 }
}

AnimTicksPerSecond  {
 4800;
}

AnimationSet Bob_Walk {
 

 Animation {
  
  { Dummy01 }

  AnimationKey S {
   1;
   2;
   0;3;1.000000,1.000000,1.000000;;,
   3200;3;1.000000,1.000000,1.000000;;;
  }

  AnimationKey R {
   0;
   2;
   0;4;0.707107,0.707107,0.000000,0.000000;;,
   3200;4;0.707107,0.707107,0.000000,0.000000;;;
  }

  AnimationKey T {
   2;
   2;
   0;3;0.000000,0.000000,0.000000;;,
   3200;3;0.000000,0.000000,0.000000;;;
  }
 }

 Animation {
  
  { Bip01 }

  AnimationKey S {
   1;
   2;
   0;3;1.000000,1.000000,1.000000;;,
   3200;3;1.000000,1.000000,1.000000;;;
  }

  AnimationKey R {
   0;
   21;
   0;4;0.515803,-0.436314,-0.562899,-0.476154;;,
   160;4;0.517441,-0.437577,-0.561533,-0.474828;;,
   320;4;0.521627,-0.440870,-0.557927,-0.471441;;,
   480;4;0.527248,-0.445573,-0.552692,-0.466912;;,
   640;4;0.533452,-0.451064,-0.546445,-0.461918;;,
   800;4;0.539863,-0.456671,-0.539862,-0.456670;;,
   960;4;0.546445,-0.461919,-0.533451,-0.451063;;,
   1120;4;0.552692,-0.466914,-0.527246,-0.445573;;,
   1280;4;0.557927,-0.471443,-0.521624,-0.440871;;,
   1440;4;0.561532,-0.474830,-0.517438,-0.437579;;,
   1600;4;0.562898,-0.476157,-0.515800,-0.436316;;,
   1760;4;0.561532,-0.474830,-0.517438,-0.437579;;,
   1920;4;0.557927,-0.471443,-0.521624,-0.440871;;,
   2080;4;0.552692,-0.466914,-0.527246,-0.445573;;,
   2240;4;0.546446,-0.461919,-0.533451,-0.451064;;,
   2400;4;0.539863,-0.456671,-0.539862,-0.456670;;,
   2560;4;0.533452,-0.451064,-0.546445,-0.461918;;,
   2720;4;0.527248,-0.445573,-0.552692,-0.466912;;,
   2880;4;0.521626,-0.440870,-0.557927,-0.471441;;,
   3040;4;0.517441,-0.437577,-0.561533,-0.474828;;,
   3200;4;0.515802,-0.436314,-0.562899,-0.476154;;;
  }

  AnimationKey T {
   2;
   21;
   0;3;-0.010000,-0.012284,0.490453;;,
   160;3;-0.010644,-0.012284,0.491858;;,
   320;3;-0.010560,-0.012284,0.495223;;,
   480;3;-0.009733,-0.012284,0.499328;;,
   640;3;-0.008136,-0.012284,0.502988;;,
   800;3;-0.005725,-0.012284,0.504988;;,
   960;3;-0.002532,-0.012284,0.504002;;,
   1120;3;0.001073,-0.012284,0.500588;;,
   1280;3;0.004653,-0.012284,0.496226;;,
   1440;3;0.007778,-0.012284,0.492357;;,
   1600;3;0.010000,-0.012284,0.490453;;,
   1760;3;0.011004,-0.012284,0.491604;;,
   1920;3;0.010933,-0.012284,0.494934;;,
   2080;3;0.009946,-0.012284,0.499131;;,
   2240;3;0.008187,-0.012284,0.502917;;,
   2400;3;0.005782,-0.012284,0.504988;;,
   2560;3;0.002869,-0.012284,0.503948;;,
   2720;3;-0.000359,-0.012284,0.500406;;,
   2880;3;-0.003707,-0.012284,0.495943;;,
   3040;3;-0.006986,-0.012284,0.492100;;,
   3200;3;-0.010000,-0.012284,0.490453;;;
  }
 }

 Animation {
  
  { Bip01_Pelvis }

  AnimationKey S {
   1;
   2;
   0;3;1.000000,1.000000,1.000000;;,
   3200;3;1.000000,1.000000,1.000000;;;
  }

  AnimationKey R {
   0;
   21;
   0;4;0.500001,-0.499999,-0.500000,-0.500000;;,
   160;4;0.502878,-0.497105,-0.502877,-0.497106;;,
   320;4;0.506123,-0.493801,-0.506123,-0.493802;;,
   480;4;0.509152,-0.490677,-0.509152,-0.490678;;,
   640;4;0.511400,-0.488334,-0.511399,-0.488335;;,
   800;4;0.512285,-0.487405,-0.512285,-0.487406;;,
   960;4;0.511605,-0.488119,-0.511605,-0.488120;;,
   1120;4;0.509768,-0.490038,-0.509767,-0.490039;;,
   1280;4;0.507050,-0.492849,-0.507049,-0.492850;;,
   1440;4;0.503710,-0.496263,-0.503709,-0.496263;;,
   1600;4;0.500001,-0.499999,-0.500000,-0.500000;;,
   1760;4;0.496198,-0.503773,-0.496197,-0.503774;;,
   1920;4;0.492628,-0.507265,-0.492627,-0.507266;;,
   2080;4;0.489628,-0.510161,-0.489627,-0.510162;;,
   2240;4;0.487550,-0.512148,-0.487549,-0.512149;;,
   2400;4;0.486768,-0.512891,-0.486767,-0.512892;;,
   2560;4;0.487745,-0.511962,-0.487744,-0.511963;;,
   2720;4;0.490207,-0.509605,-0.490207,-0.509605;;,
   2880;4;0.493490,-0.506426,-0.493489,-0.506427;;,
   3040;4;0.496961,-0.503020,-0.496961,-0.503021;;,
   3200;4;0.500001,-0.499999,-0.500000,-0.500000;;;
  }

  AnimationKey T {
   2;
   2;
   0;3;0.000000,0.000000,0.000000;;,
   3200;3;0.000000,0.000000,0.000000;;;
  }
 }

 Animation {
  
  { Bip01_Spine }

  AnimationKey S {
   1;
   2;
   0;3;1.000000,1.000000,1.000000;;,
   3200;3;1.000000,1.000000,1.000000;;;
  }

  AnimationKey R {
   0;
   21;
   0;4;0.996164,-0.000002,-0.087504,-0.000001;;,
   160;4;0.996148,0.000503,-0.087503,-0.005750;;,
   320;4;0.996089,0.001076,-0.087498,-0.012274;;,
   480;4;0.995994,0.001615,-0.087489,-0.018403;;,
   640;4;0.995899,0.002016,-0.087481,-0.022976;;,
   800;4;0.995856,0.002175,-0.087477,-0.024784;;,
   960;4;0.995889,0.002053,-0.087480,-0.023395;;,
   1120;4;0.995970,0.001724,-0.087487,-0.019653;;,
   1280;4;0.996064,0.001241,-0.087495,-0.014146;;,
   1440;4;0.996137,0.000650,-0.087502,-0.007418;;,
   1600;4;0.996164,-0.000002,-0.087504,-0.000001;;,
   1760;4;0.996136,-0.000665,-0.087502,0.007547;;,
   1920;4;0.996058,-0.001283,-0.087495,0.014582;;,
   2080;4;0.995954,-0.001799,-0.087486,0.020455;;,
   2240;4;0.995863,-0.002155,-0.087478,0.024505;;,
   2400;4;0.995824,-0.002288,-0.087474,0.026024;;,
   2560;4;0.995872,-0.002121,-0.087479,0.024125;;,
   2720;4;0.995977,-0.001699,-0.087488,0.019324;;,
   2880;4;0.996081,-0.001134,-0.087497,0.012888;;,
   3040;4;0.996146,-0.000532,-0.087503,0.006036;;,
   3200;4;0.996164,-0.000002,-0.087504,-0.000001;;;
  }

  AnimationKey T {
   2;
   21;
   0;3;0.051619,0.000000,-0.000083;;,
   160;3;0.051615,0.000596,-0.000083;;,
   320;3;0.051603,0.001272,-0.000083;;,
   480;3;0.051583,0.001907,-0.000083;;,
   640;3;0.051564,0.002380,-0.000083;;,
   800;3;0.051555,0.002568,-0.000083;;,
   960;3;0.051562,0.002424,-0.000083;;,
   1120;3;0.051578,0.002036,-0.000083;;,
   1280;3;0.051598,0.001466,-0.000083;;,
   1440;3;0.051613,0.000769,-0.000083;;,
   1600;3;0.051619,0.000000,-0.000083;;,
   1760;3;0.051613,-0.000782,-0.000083;;,
   1920;3;0.051596,-0.001511,-0.000083;;,
   2080;3;0.051575,-0.002119,-0.000083;;,
   2240;3;0.051556,-0.002539,-0.000083;;,
   2400;3;0.051548,-0.002696,-0.000083;;,
   2560;3;0.051558,-0.002499,-0.000083;;,
   2720;3;0.051580,-0.002002,-0.000083;;,
   2880;3;0.051601,-0.001335,-0.000083;;,
   3040;3;0.051615,-0.000626,-0.000083;;,
   3200;3;0.051619,0.000000,-0.000083;;;
  }
 }

 Animation {
  
  { Bip01_Spine1 }

  AnimationKey S {
   1;
   2;
   0;3;1.000000,1.000000,1.000000;;,
   3200;3;1.000000,1.000000,1.000000;;;
  }

  AnimationKey R {
   0;
   21;
   0;4;0.995544,0.088322,0.022149,-0.024497;;,
   160;4;0.996188,0.080990,0.022461,-0.023342;;,
   320;4;0.997602,0.062049,0.023185,-0.020083;;,
   480;4;0.998959,0.035809,0.023963,-0.014989;;,
   640;4;0.999646,0.006414,0.024470,-0.008307;;,
   800;4;0.999458,-0.021962,0.024504,-0.000285;;,
   960;4;0.998626,-0.045736,0.024053,0.008679;;,
   1120;4;0.997506,-0.064272,0.023267,0.017588;;,
   1280;4;0.996410,-0.077620,0.022385,0.025342;;,
   1440;4;0.995604,-0.085742,0.021679,0.030849;;,
   1600;4;0.995301,-0.088500,0.021398,0.032959;;,
   1760;4;0.995983,-0.081152,0.021844,0.030922;;,
   1920;4;0.997476,-0.062171,0.022843,0.025573;;,
   2080;4;0.998910,-0.035879,0.023856,0.017983;;,
   2240;4;0.999638,-0.006435,0.024464,0.009198;;,
   2400;4;0.999458,0.021962,0.024504,0.000284;;,
   2560;4;0.998634,0.045715,0.024093,-0.007788;;,
   2720;4;0.997554,0.064204,0.023459,-0.014597;;,
   2880;4;0.996534,0.077500,0.022812,-0.019859;;,
   3040;4;0.995809,0.085581,0.022331,-0.023273;;,
   3200;4;0.995544,0.088322,0.022149,-0.024497;;;
  }

  AnimationKey T {
   2;
   21;
   0;3;0.106484,-0.000015,-0.000083;;,
   160;3;0.106484,-0.000014,-0.000084;;,
   320;3;0.106484,-0.000010,-0.000084;;,
   480;3;0.106484,-0.000006,-0.000084;;,
   640;3;0.106484,-0.000001,-0.000085;;,
   800;3;0.106484,0.000004,-0.000085;;,
   960;3;0.106484,0.000008,-0.000084;;,
   1120;3;0.106484,0.000011,-0.000084;;,
   1280;3;0.106484,0.000013,-0.000084;;,
   1440;3;0.106484,0.000014,-0.000083;;,
   1600;3;0.106484,0.000015,-0.000083;;,
   1760;3;0.106484,0.000014,-0.000084;;,
   1920;3;0.106484,0.000010,-0.000084;;,
   2080;3;0.106484,0.000006,-0.000084;;,
   2240;3;0.106484,0.000001,-0.000085;;,
   2400;3;0.106484,-0.000004,-0.000085;;,
   2560;3;0.106484,-0.000008,-0.000084;;,
   2720;3;0.106484,-0.000011,-0.000084;;,
   2880;3;0.106484,-0.000013,-0.000084;;,
   3040;3;0.106484,-0.000014,-0.000083;;,
   3200;3;0.106484,-0.000015,-0.000083;;;
  }
 }

 Animation {
  
  { Bip01_Neck }

  AnimationKey S {
   1;
   2;
   0;3;1.000000,1.000000,1.000000;;,
   3200;3;1.000000,1.000000,1.000000;;;
  }

  AnimationKey R {
   0;
   21;
   0;4;0.991445,0.008393,0.129738,0.011606;;,
   160;4;0.991464,0.007504,0.129794,0.009788;;,
   320;4;0.991492,0.005405,0.129938,0.005493;;,
   480;4;0.991492,0.002912,0.130133,0.000384;;,
   640;4;0.991464,0.000816,0.130317,-0.003913;;,
   800;4;0.991445,-0.000071,0.130400,-0.005732;;,
   960;4;0.991452,-0.001175,0.130310,-0.006349;;,
   1120;4;0.991463,-0.003783,0.130101,-0.007806;;,
   1280;4;0.991463,-0.006884,0.129858,-0.009535;;,
   1440;4;0.991452,-0.009493,0.129659,-0.010988;;,
   1600;4;0.991445,-0.010598,0.129577,-0.011603;;,
   1760;4;0.991467,-0.009477,0.129647,-0.009786;;,
   1920;4;0.991498,-0.006832,0.129827,-0.005492;;,
   2080;4;0.991498,-0.003689,0.130070,-0.000385;;,
   2240;4;0.991467,-0.001047,0.130298,0.003912;;,
   2400;4;0.991445,0.000071,0.130400,0.005731;;,
   2560;4;0.991450,0.000944,0.130327,0.006348;;,
   2720;4;0.991458,0.003005,0.130159,0.007805;;,
   2880;4;0.991458,0.005457,0.129963,0.009536;;,
   3040;4;0.991450,0.007520,0.129804,0.010990;;,
   3200;4;0.991445,0.008393,0.129738,0.011606;;;
  }

  AnimationKey T {
   2;
   6;
   0;3;0.130511,-0.000001,0.004626;;,
   1280;3;0.130512,-0.000000,0.004626;;,
   1440;3;0.130511,0.000001,0.004626;;,
   2880;3;0.130511,0.000001,0.004626;;,
   3040;3;0.130511,-0.000000,0.004626;;,
   3200;3;0.130511,-0.000001,0.004626;;;
  }
 }

 Animation {
  
  { Bip01_Head }

  AnimationKey S {
   1;
   2;
   0;3;1.000000,1.000000,1.000000;;,
   3200;3;1.000000,1.000000,1.000000;;;
  }

  AnimationKey R {
   0;
   21;
   0;4;0.996237,-0.046621,-0.067022,0.029110;;,
   160;4;0.996729,-0.041722,-0.062915,0.028860;;,
   320;4;0.997785,-0.029274,-0.053251,0.027049;;,
   480;4;0.998800,-0.012491,-0.041840,0.022163;;,
   640;4;0.999373,0.005563,-0.032339,0.013297;;,
   800;4;0.999358,0.021966,-0.028322,0.000368;;,
   960;4;0.998820,0.033781,-0.032221,-0.013356;;,
   1120;4;0.997995,0.041034,-0.041642,-0.024260;;,
   1280;4;0.997071,0.045035,-0.052966,-0.031861;;,
   1440;4;0.996287,0.046794,-0.062550,-0.036196;;,
   1600;4;0.995953,0.047182,-0.066624,-0.037580;;,
   1760;4;0.996482,0.042193,-0.062578,-0.036444;;,
   1920;4;0.997624,0.029560,-0.053046,-0.032538;;,
   2080;4;0.998731,0.012612,-0.041759,-0.025156;;,
   2240;4;0.999361,-0.005536,-0.032326,-0.014188;;,
   2400;4;0.999358,-0.021965,-0.028322,-0.000368;;,
   2560;4;0.998831,-0.033754,-0.032266,0.012466;;,
   2720;4;0.998061,-0.040913,-0.041803,0.021270;;,
   2880;4;0.997229,-0.044749,-0.053250,0.026376;;,
   3040;4;0.996532,-0.046323,-0.062920,0.028614;;,
   3200;4;0.996236,-0.046621,-0.067022,0.029110;;;
  }

  AnimationKey T {
   2;
   2;
   0;3;0.033674,0.000000,0.000000;;,
   3200;3;0.033674,0.000000,0.000000;;;
  }
 }

 Animation {
  
  { Bip01_L_Clavicle }

  AnimationKey S {
   1;
   2;
   0;3;1.000000,1.000000,1.000000;;,
   3200;3;1.000000,1.000000,1.000000;;;
  }

  AnimationKey R {
   0;
   21;
   0;4;0.079152,0.588174,0.797365,-0.109526;;,
   160;4;0.078725,0.589601,0.796244,-0.110318;;,
   320;4;0.077727,0.592958,0.793582,-0.112194;;,
   480;4;0.076562,0.596930,0.790390,-0.114437;;,
   640;4;0.075599,0.600254,0.787684,-0.116332;;,
   800;4;0.075197,0.601657,0.786532,-0.117138;;,
   960;4;0.074478,0.602123,0.786119,-0.117976;;,
   1120;4;0.072783,0.603217,0.785138,-0.119959;;,
   1280;4;0.070773,0.604509,0.783962,-0.122321;;,
   1440;4;0.069087,0.605588,0.782967,-0.124311;;,
   1600;4;0.068374,0.606043,0.782543,-0.125154;;,
   1760;4;0.069041,0.604644,0.783709,-0.124257;;,
   1920;4;0.070626,0.601327,0.786446,-0.122147;;,
   2080;4;0.072533,0.597357,0.789675,-0.119655;;,
   2240;4;0.074155,0.593998,0.792366,-0.117574;;,
   2400;4;0.074846,0.592569,0.793499,-0.116697;;,
   2560;4;0.075295,0.592111,0.793910,-0.115943;;,
   2720;4;0.076357,0.591026,0.794874,-0.114164;;,
   2880;4;0.077626,0.589731,0.796012,-0.112051;;,
   3040;4;0.078697,0.588638,0.796964,-0.110277;;,
   3200;4;0.079152,0.588174,0.797365,-0.109526;;;
  }

  AnimationKey T {
   2;
   21;
   0;3;-0.024734,0.015166,0.002017;;,
   160;3;-0.024683,0.015254,0.001986;;,
   320;3;-0.024560,0.015460,0.001912;;,
   480;3;-0.024411,0.015704,0.001824;;,
   640;3;-0.024285,0.015908,0.001751;;,
   800;3;-0.024231,0.015993,0.001719;;,
   960;3;-0.024216,0.016020,0.001678;;,
   1120;3;-0.024181,0.016082,0.001579;;,
   1280;3;-0.024140,0.016155,0.001462;;,
   1440;3;-0.024104,0.016216,0.001363;;,
   1600;3;-0.024089,0.016242,0.001321;;,
   1760;3;-0.024143,0.016158,0.001369;;,
   1920;3;-0.024268,0.015960,0.001480;;,
   2080;3;-0.024415,0.015722,0.001612;;,
   2240;3;-0.024536,0.015520,0.001724;;,
   2400;3;-0.024587,0.015434,0.001771;;,
   2560;3;-0.024603,0.015406,0.001797;;,
   2720;3;-0.024639,0.015340,0.001858;;,
   2880;3;-0.024683,0.015261,0.001930;;,
   3040;3;-0.024719,0.015195,0.001991;;,
   3200;3;-0.024734,0.015166,0.002017;;;
  }
 }

 Animation {
  
  { Bip01_L_UpperArm }

  AnimationKey S {
   1;
   2;
   0;3;1.000000,1.000000,1.000000;;,
   3200;3;1.000000,1.000000,1.000000;;;
  }

  AnimationKey R {
   0;
   21;
   0;4;0.873012,0.209158,-0.067374,0.435389;;,
   160;4;0.873309,0.204136,-0.062477,0.437901;;,
   320;4;0.873713,0.191199,-0.049800,0.444509;;,
   480;4;0.873446,0.173380,-0.032146,0.453871;;,
   640;4;0.871908,0.153610,-0.012220,0.464791;;,
   800;4;0.868872,0.134825,0.007164,0.476270;;,
   960;4;0.864598,0.119484,0.023505,0.487485;;,
   1120;4;0.859874,0.107897,0.036349,0.497648;;,
   1280;4;0.855534,0.099829,0.045679,0.505973;;,
   1440;4;0.852371,0.095077,0.051394,0.511647;;,
   1600;4;0.851150,0.093506,0.053338,0.513766;;,
   1760;4;0.852519,0.098157,0.048004,0.511148;;,
   1920;4;0.855847,0.110228,0.034338,0.504179;;,
   2080;4;0.859950,0.127093,0.015679,0.494052;;,
   2240;4;0.863863,0.146183,-0.004831,0.482025;;,
   2400;4;0.867023,0.164800,-0.024194,0.469602;;,
   2560;4;0.869330,0.180528,-0.040026,0.458338;;,
   2720;4;0.870964,0.192881,-0.052081,0.448894;;,
   2880;4;0.872083,0.201830,-0.060584,0.441662;;,
   3040;4;0.872767,0.207299,-0.065669,0.437027;;,
   3200;4;0.873012,0.209158,-0.067374,0.435389;;;
  }

  AnimationKey T {
   2;
   2;
   0;3;0.087086,0.000000,-0.000000;;,
   3200;3;0.087086,-0.000000,-0.000000;;;
  }
 }

 Animation {
  
  { Bip01_L_Forearm }

  AnimationKey S {
   1;
   2;
   0;3;1.000000,1.000000,1.000000;;,
   3200;3;1.000000,1.000000,1.000000;;;
  }

  AnimationKey R {
   0;
   21;
   0;4;0.973904,0.000000,-0.226959,-0.000000;;,
